[[3,4,7,8,14,22,23,24,25,27,30,31,32,33,36,38,46,49,52,58,60,64,66,71,75,81,89,91,95,97,104,110,118,120,122,123,129,132,134,138,139,143,145,149,150,152,154,158,160,165,169,171,173,174,175,179,181,182,184,185,187,188,191,192,193,196,198,200,204,205,209,212,217,220,222,225,226,227,229,233,235,237,239,241,248,252,254,264,268,269,270,272,274,275,278,280,281,282,288,292,296,297,298],[11,12,17,18,42,43,45,50,53,54,56,61,62,63,65,72,73,78,80,82,83,84,85,94,108,109,113,115,117,124,126,127,128,131,133,140,141,142,155,156,157,161,162,164,166,167,168,180,186,201,202,211,213,214,218,221,223,224,228,231,236,242,244,247,255,256,260,262,265,271,283,284,287,291,294,299,300],[5,9,10,13,15,16,20,21,28,34,35,37,40,41,47,48,55,59,67,69,70,74,76,77,86,88,92,98,99,100,102,105,107,111,112,114,119,125,130,136,137,146,148,153,163,172,176,177,178,183,189,194,197,199,206,207,208,210,215,234,238,240,245,246,250,251,253,257,258,259,267,273,276,279,285,286,295]].
[[3,4,7,8,14,22,23,24,25,27,30,31,32,33,36,38,46,49,52,58,60,64,66,71,75,81,89,91,95,97,104,110,118,120,122,123,129,132,134,138,139,143,145,149,150,152,154,158,160,165,169,171,173,174,175,179,181,182,184,185,187,188,191,192,193,196,198,200,204,205,209,212,217,220,222,225,226,227,229,233,235,237,239,241,248,252,254,264,268,269,270,272,274,275,278,280,281,282,288,292,296,297,298],[11,12,17,18,42,43,45,50,53,54,56,61,62,63,65,72,73,78,80,82,83,84,85,94,108,109,113,115,117,124,126,127,128,131,133,140,141,142,155,156,157,161,162,164,166,167,168,180,186,201,202,211,213,214,218,221,223,224,228,231,236,242,244,247,255,256,260,262,265,271,283,284,287,291,294,299,300],[5,9,10,13,15,16,20,21,28,34,35,37,40,41,47,48,55,59,67,69,70,74,76,77,86,88,92,98,99,100,102,105,107,111,112,114,119,125,130,136,137,146,148,153,163,172,176,177,178,183,189,194,197,199,206,207,208,210,215,234,238,240,245,246,250,251,253,257,258,259,267,273,276,279,285,286,295]].
[[5,9,10,13,15,16,20,21,28,34,35,37,40,41,47,48,55,59,67,69,70,74,76,77,86,88,92,98,99,100,102,105,107,111,112,114,119,125,130,136,137,146,148,153,163,172,176,177,178,183,189,194,197,199,206,207,208,210,215,234,238,240,245,246,250,251,253,257,258,259,267,273,276,279,285,286,295],[1,2,6,19,26,29,39,44,51,57,68,79,87,90,93,96,101,103,106,116,121,135,144,147,151,159,170,190,195,203,216,219,230,232,243,249,261,263,266,277,289,290,293],[3,4,7,8,14,22,23,24,25,27,30,31,32,33,36,38,46,49,52,58,60,64,66,71,75,81,89,91,95,97,104,110,118,120,122,123,129,132,134,138,139,143,145,149,150,152,154,158,160,165,169,171,173,174,175,179,181,182,184,185,187,188,191,192,193,196,198,200,204,205,209,212,217,220,222,225,226,227,229,233,235,237,239,241,248,252,254,264,268,269,270,272,274,275,278,280,281,282,288,292,296,297,298]].
[[11,12,17,18,42,43,45,50,53,54,56,61,62,63,65,72,73,78,80,82,83,84,85,94,108,109,113,115,117,124,126,127,128,131,133,140,141,142,155,156,157,161,162,164,166,167,168,180,186,201,202,211,213,214,218,221,223,224,228,231,236,242,244,247,255,256,260,262,265,271,283,284,287,291,294,299,300],[3,4,7,8,14,22,23,24,25,27,30,31,32,33,36,38,46,49,52,58,60,64,66,71,75,81,89,91,95,97,104,110,118,120,122,123,129,132,134,138,139,143,145,149,150,152,154,158,160,165,169,171,173,174,175,179,181,182,184,185,187,188,191,192,193,196,198,200,204,205,209,212,217,220,222,225,226,227,229,233,235,237,239,241,248,252,254,264,268,269,270,272,274,275,278,280,281,282,288,292,296,297,298],[1,2,6,19,26,29,39,44,51,57,68,79,87,90,93,96,101,103,106,116,121,135,144,147,151,159,170,190,195,203,216,219,230,232,243,249,261,263,266,277,289,290,293]].
[[3,4,7,8,14,22,23,24,25,27,30,31,32,33,36,38,46,49,52,58,60,64,66,71,75,81,89,91,95,97,104,110,118,120,122,123,129,132,134,138,139,143,145,149,150,152,154,158,160,165,169,171,173,174,175,179,181,182,184,185,187,188,191,192,193,196,198,200,204,205,209,212,217,220,222,225,226,227,229,233,235,237,239,241,248,252,254,264,268,269,270,272,274,275,278,280,281,282,288,292,296,297,298],[11,12,17,18,42,43,45,50,53,54,56,61,62,63,65,72,73,78,80,82,83,84,85,94,108,109,113,115,117,124,126,127,128,131,133,140,141,142,155,156,157,161,162,164,166,167,168,180,186,201,202,211,213,214,218,221,223,224,228,231,236,242,244,247,255,256,260,262,265,271,283,284,287,291,294,299,300],[5,9,10,13,15,16,20,21,28,34,35,37,40,41,47,48,55,59,67,69,70,74,76,77,86,88,92,98,99,100,102,105,107,111,112,114,119,125,130,136,137,146,148,153,163,172,176,177,178,183,189,194,197,199,206,207,208,210,215,234,238,240,245,246,250,251,253,257,258,259,267,273,276,279,285,286,295]].
[[1,2,6,19,26,29,39,44,51,57,68,79,87,90,93,96,101,103,106,116,121,135,144,147,151,159,170,190,195,203,216,219,230,232,243,249,261,263,266,277,289,290,293],[5,9,10,13,15,16,20,21,28,34,35,37,40,41,47,48,55,59,67,69,70,74,76,77,86,88,92,98,99,100,102,105,107,111,112,114,119,125,130,136,137,146,148,153,163,172,176,177,178,183,189,194,197,199,206,207,208,210,215,234,238,240,245,246,250,251,253,257,258,259,267,273,276,279,285,286,295],[11,12,17,18,42,43,45,50,53,54,56,61,62,63,65,72,73,78,80,82,83,84,85,94,108,109,113,115,117,124,126,127,128,131,133,140,141,142,155,156,157,161,162,164,166,167,168,180,186,201,202,211,213,214,218,221,223,224,228,231,236,242,244,247,255,256,260,262,265,271,283,284,287,291,294,299,300]].
[[3,4,7,8,14,22,23,24,25,27,30,31,32,33,36,38,46,49,52,58,60,64,66,71,75,81,89,91,95,97,104,110,118,120,122,123,129,132,134,138,139,143,145,149,150,152,154,158,160,165,169,171,173,174,175,179,181,182,184,185,187,188,191,192,193,196,198,200,204,205,209,212,217,220,222,225,226,227,229,233,235,237,239,241,248,252,254,264,268,269,270,272,274,275,278,280,281,282,288,292,296,297,298],[11,12,17,18,42,43,45,50,53,54,56,61,62,63,65,72,73,78,80,82,83,84,85,94,108,109,113,115,117,124,126,127,128,131,133,140,141,142,155,156,157,161,162,164,166,167,168,180,186,201,202,211,213,214,218,221,223,224,228,231,236,242,244,247,255,256,260,262,265,271,283,284,287,291,294,299,300],[5,9,10,13,15,16,20,21,28,34,35,37,40,41,47,48,55,59,67,69,70,74,76,77,86,88,92,98,99,100,102,105,107,111,112,114,119,125,130,136,137,146,148,153,163,172,176,177,178,183,189,194,197,199,206,207,208,210,215,234,238,240,245,246,250,251,253,257,258,259,267,273,276,279,285,286,295]].
[[11,12,17,18,42,43,45,50,53,54,56,61,62,63,65,72,73,78,80,82,83,84,85,94,108,109,113,115,117,124,126,127,128,131,133,140,141,142,155,156,157,161,162,164,166,167,168,180,186,201,202,211,213,214,218,221,223,224,228,231,236,242,244,247,255,256,260,262,265,271,283,284,287,291,294,299,300],[3,4,7,8,14,22,23,24,25,27,30,31,32,33,36,38,46,49,52,58,60,64,66,71,75,81,89,91,95,97,104,110,118,120,122,123,129,132,134,138,139,143,145,149,150,152,154,158,160,165,169,171,173,174,175,179,181,182,184,185,187,188,191,192,193,196,198,200,204,205,209,212,217,220,222,225,226,227,229,233,235,237,239,241,248,252,254,264,268,269,270,272,274,275,278,280,281,282,288,292,296,297,298],[1,2,6,19,26,29,39,44,51,57,68,79,87,90,93,96,101,103,106,116,121,135,144,147,151,159,170,190,195,203,216,219,230,232,243,249,261,263,266,277,289,290,293]].
[[3,4,7,8,14,22,23,24,25,27,30,31,32,33,36,38,46,49,52,58,60,64,66,71,75,81,89,91,95,97,104,110,118,120,122,123,129,132,134,138,139,143,145,149,150,152,154,158,160,165,169,171,173,174,175,179,181,182,184,185,187,188,191,192,193,196,198,200,204,205,209,212,217,220,222,225,226,227,229,233,235,237,239,241,248,252,254,264,268,269,270,272,274,275,278,280,281,282,288,292,296,297,298],[11,12,17,18,42,43,45,50,53,54,56,61,62,63,65,72,73,78,80,82,83,84,85,94,108,109,113,115,117,124,126,127,128,131,133,140,141,142,155,156,157,161,162,164,166,167,168,180,186,201,202,211,213,214,218,221,223,224,228,231,236,242,244,247,255,256,260,262,265,271,283,284,287,291,294,299,300],[5,9,10,13,15,16,20,21,28,34,35,37,40,41,47,48,55,59,67,69,70,74,76,77,86,88,92,98,99,100,102,105,107,111,112,114,119,125,130,136,137,146,148,153,163,172,176,177,178,183,189,194,197,199,206,207,208,210,215,234,238,240,245,246,250,251,253,257,258,259,267,273,276,279,285,286,295]].
[[11,12,17,18,42,43,45,50,53,54,56,61,62,63,65,72,73,78,80,82,83,84,85,94,108,109,113,115,117,124,126,127,128,131,133,140,141,142,155,156,157,161,162,164,166,167,168,180,186,201,202,211,213,214,218,221,223,224,228,231,236,242,244,247,255,256,260,262,265,271,283,284,287,291,294,299,300],[3,4,7,8,14,22,23,24,25,27,30,31,32,33,36,38,46,49,52,58,60,64,66,71,75,81,89,91,95,97,104,110,118,120,122,123,129,132,134,138,139,143,145,149,150,152,154,158,160,165,169,171,173,174,175,179,181,182,184,185,187,188,191,192,193,196,198,200,204,205,209,212,217,220,222,225,226,227,229,233,235,237,239,241,248,252,254,264,268,269,270,272,274,275,278,280,281,282,288,292,296,297,298],[1,2,6,19,26,29,39,44,51,57,68,79,87,90,93,96,101,103,106,116,121,135,144,147,151,159,170,190,195,203,216,219,230,232,243,249,261,263,266,277,289,290,293]].
[[3,4,7,8,14,22,23,24,25,27,30,31,32,33,36,38,46,49,52,58,60,64,66,71,75,81,89,91,95,97,104,110,118,120,122,123,129,132,134,138,139,143,145,149,150,152,154,158,160,165,169,171,173,174,175,179,181,182,184,185,187,188,191,192,193,196,198,200,204,205,209,212,217,220,222,225,226,227,229,233,235,237,239,241,248,252,254,264,268,269,270,272,274,275,278,280,281,282,288,292,296,297,298],[11,12,17,18,42,43,45,50,53,54,56,61,62,63,65,72,73,78,80,82,83,84,85,94,108,109,113,115,117,124,126,127,128,131,133,140,141,142,155,156,157,161,162,164,166,167,168,180,186,201,202,211,213,214,218,221,223,224,228,231,236,242,244,247,255,256,260,262,265,271,283,284,287,291,294,299,300],[5,9,10,13,15,16,20,21,28,34,35,37,40,41,47,48,55,59,67,69,70,74,76,77,86,88,92,98,99,100,102,105,107,111,112,114,119,125,130,136,137,146,148,153,163,172,176,177,178,183,189,194,197,199,206,207,208,210,215,234,238,240,245,246,250,251,253,257,258,259,267,273,276,279,285,286,295]].
[[1,2,6,19,26,29,39,44,51,57,68,79,87,90,93,96,101,103,106,116,121,135,144,147,151,159,170,190,195,203,216,219,230,232,243,249,261,263,266,277,289,290,293],[5,9,10,13,15,16,20,21,28,34,35,37,40,41,47,48,55,59,67,69,70,74,76,77,86,88,92,98,99,100,102,105,107,111,112,114,119,125,130,136,137,146,148,153,163,172,176,177,178,183,189,194,197,199,206,207,208,210,215,234,238,240,245,246,250,251,253,257,258,259,267,273,276,279,285,286,295],[11,12,17,18,42,43,45,50,53,54,56,61,62,63,65,72,73,78,80,82,83,84,85,94,108,109,113,115,117,124,126,127,128,131,133,140,141,142,155,156,157,161,162,164,166,167,168,180,186,201,202,211,213,214,218,221,223,224,228,231,236,242,244,247,255,256,260,262,265,271,283,284,287,291,294,299,300]].
[[11,12,17,18,42,43,45,50,53,54,56,61,62,63,65,72,73,78,80,82,83,84,85,94,108,109,113,115,117,124,126,127,128,131,133,140,141,142,155,156,157,161,162,164,166,167,168,180,186,201,202,211,213,214,218,221,223,224,228,231,236,242,244,247,255,256,260,262,265,271,283,284,287,291,294,299,300],[3,4,7,8,14,22,23,24,25,27,30,31,32,33,36,38,46,49,52,58,60,64,66,71,75,81,89,91,95,97,104,110,118,120,122,123,129,132,134,138,139,143,145,149,150,152,154,158,160,165,169,171,173,174,175,179,181,182,184,185,187,188,191,192,193,196,198,200,204,205,209,212,217,220,222,225,226,227,229,233,235,237,239,241,248,252,254,264,268,269,270,272,274,275,278,280,281,282,288,292,296,297,298],[1,2,6,19,26,29,39,44,51,57,68,79,87,90,93,96,101,103,106,116,121,135,144,147,151,159,170,190,195,203,216,219,230,232,243,249,261,263,266,277,289,290,293]].
[[11,12,17,18,42,43,45,50,53,54,56,61,62,63,65,72,73,78,80,82,83,84,85,94,108,109,113,115,117,124,126,127,128,131,133,140,141,142,155,156,157,161,162,164,166,167,168,180,186,201,202,211,213,214,218,221,223,224,228,231,236,242,244,247,255,256,260,262,265,271,283,284,287,291,294,299,300],[3,4,7,8,14,22,23,24,25,27,30,31,32,33,36,38,46,49,52,58,60,64,66,71,75,81,89,91,95,97,104,110,118,120,122,123,129,132,134,138,139,143,145,149,150,152,154,158,160,165,169,171,173,174,175,179,181,182,184,185,187,188,191,192,193,196,198,200,204,205,209,212,217,220,222,225,226,227,229,233,235,237,239,241,248,252,254,264,268,269,270,272,274,275,278,280,281,282,288,292,296,297,298],[1,2,6,19,26,29,39,44,51,57,68,79,87,90,93,96,101,103,106,116,121,135,144,147,151,159,170,190,195,203,216,219,230,232,243,249,261,263,266,277,289,290,293]].
[[5,9,10,13,15,16,20,21,28,34,35,37,40,41,47,48,55,59,67,69,70,74,76,77,86,88,92,98,99,100,102,105,107,111,112,114,119,125,130,136,137,146,148,153,163,172,176,177,178,183,189,194,197,199,206,207,208,210,215,234,238,240,245,246,250,251,253,257,258,259,267,273,276,279,285,286,295],[1,2,6,19,26,29,39,44,51,57,68,79,87,90,93,96,101,103,106,116,121,135,144,147,151,159,170,190,195,203,216,219,230,232,243,249,261,263,266,277,289,290,293],[3,4,7,8,14,22,23,24,25,27,30,31,32,33,36,38,46,49,52,58,60,64,66,71,75,81,89,91,95,97,104,110,118,120,122,123,129,132,134,138,139,143,145,149,150,152,154,158,160,165,169,171,173,174,175,179,181,182,184,185,187,188,191,192,193,196,198,200,204,205,209,212,217,220,222,225,226,227,229,233,235,237,239,241,248,252,254,264,268,269,270,272,274,275,278,280,281,282,288,292,296,297,298]].
[[3,4,7,8,14,22,23,24,25,27,30,31,32,33,36,38,46,49,52,58,60,64,66,71,75,81,89,91,95,97,104,110,118,120,122,123,129,132,134,138,139,143,145,149,150,152,154,158,160,165,169,171,173,174,175,179,181,182,184,185,187,188,191,192,193,196,198,200,204,205,209,212,217,220,222,225,226,227,229,233,235,237,239,241,248,252,254,264,268,269,270,272,274,275,278,280,281,282,288,292,296,297,298],[11,12,17,18,42,43,45,50,53,54,56,61,62,63,65,72,73,78,80,82,83,84,85,94,108,109,113,115,117,124,126,127,128,131,133,140,141,142,155,156,157,161,162,164,166,167,168,180,186,201,202,211,213,214,218,221,223,224,228,231,236,242,244,247,255,256,260,262,265,271,283,284,287,291,294,299,300],[5,9,10,13,15,16,20,21,28,34,35,37,40,41,47,48,55,59,67,69,70,74,76,77,86,88,92,98,99,100,102,105,107,111,112,114,119,125,130,136,137,146,148,153,163,172,176,177,178,183,189,194,197,199,206,207,208,210,215,234,238,240,245,246,250,251,253,257,258,259,267,273,276,279,285,286,295]].
[[1,2,6,19,26,29,39,44,51,57,68,79,87,90,93,96,101,103,106,116,121,135,144,147,151,159,170,190,195,203,216,219,230,232,243,249,261,263,266,277,289,290,293],[5,9,10,13,15,16,20,21,28,34,35,37,40,41,47,48,55,59,67,69,70,74,76,77,86,88,92,98,99,100,102,105,107,111,112,114,119,125,130,136,137,146,148,153,163,172,176,177,178,183,189,194,197,199,206,207,208,210,215,234,238,240,245,246,250,251,253,257,258,259,267,273,276,279,285,286,295],[11,12,17,18,42,43,45,50,53,54,56,61,62,63,65,72,73,78,80,82,83,84,85,94,108,109,113,115,117,124,126,127,128,131,133,140,141,142,155,156,157,161,162,164,166,167,168,180,186,201,202,211,213,214,218,221,223,224,228,231,236,242,244,247,255,256,260,262,265,271,283,284,287,291,294,299,300]].
[[1,2,6,19,26,29,39,44,51,57,68,79,87,90,93,96,101,103,106,116,121,135,144,147,151,159,170,190,195,203,216,219,230,232,243,249,261,263,266,277,289,290,293],[5,9,10,13,15,16,20,21,28,34,35,37,40,41,47,48,55,59,67,69,70,74,76,77,86,88,92,98,99,100,102,105,107,111,112,114,119,125,130,136,137,146,148,153,163,172,176,177,178,183,189,194,197,199,206,207,208,210,215,234,238,240,245,246,250,251,253,257,258,259,267,273,276,279,285,286,295],[11,12,17,18,42,43,45,50,53,54,56,61,62,63,65,72,73,78,80,82,83,84,85,94,108,109,113,115,117,124,126,127,128,131,133,140,141,142,155,156,157,161,162,164,166,167,168,180,186,201,202,211,213,214,218,221,223,224,228,231,236,242,244,247,255,256,260,262,265,271,283,284,287,291,294,299,300]].
[[11,12,17,18,42,43,45,50,53,54,56,61,62,63,65,72,73,78,80,82,83,84,85,94,108,109,113,115,117,124,126,127,128,131,133,140,141,142,155,156,157,161,162,164,166,167,168,180,186,201,202,211,213,214,218,221,223,224,228,231,236,242,244,247,255,256,260,262,265,271,283,284,287,291,294,299,300],[3,4,7,8,14,22,23,24,25,27,30,31,32,33,36,38,46,49,52,58,60,64,66,71,75,81,89,91,95,97,104,110,118,120,122,123,129,132,134,138,139,143,145,149,150,152,154,158,160,165,169,171,173,174,175,179,181,182,184,185,187,188,191,192,193,196,198,200,204,205,209,212,217,220,222,225,226,227,229,233,235,237,239,241,248,252,254,264,268,269,270,272,274,275,278,280,281,282,288,292,296,297,298],[1,2,6,19,26,29,39,44,51,57,68,79,87,90,93,96,101,103,106,116,121,135,144,147,151,159,170,190,195,203,216,219,230,232,243,249,261,263,266,277,289,290,293]].
[[11,12,17,18,42,43,45,50,53,54,56,61,62,63,65,72,73,78,80,82,83,84,85,94,108,109,113,115,117,124,126,127,128,131,133,140,141,142,155,156,157,161,162,164,166,167,168,180,186,201,202,211,213,214,218,221,223,224,228,231,236,242,244,247,255,256,260,262,265,271,283,284,287,291,294,299,300],[3,4,7,8,14,22,23,24,25,27,30,31,32,33,36,38,46,49,52,58,60,64,66,71,75,81,89,91,95,97,104,110,118,120,122,123,129,132,134,138,139,143,145,149,150,152,154,158,160,165,169,171,173,174,175,179,181,182,184,185,187,188,191,192,193,196,198,200,204,205,209,212,217,220,222,225,226,227,229,233,235,237,239,241,248,252,254,264,268,269,270,272,274,275,278,280,281,282,288,292,296,297,298],[1,2,6,19,26,29,39,44,51,57,68,79,87,90,93,96,101,103,106,116,121,135,144,147,151,159,170,190,195,203,216,219,230,232,243,249,261,263,266,277,289,290,293]].
[[11,12,17,18,42,43,45,50,53,54,56,61,62,63,65,72,73,78,80,82,83,84,85,94,108,109,113,115,117,124,126,127,128,131,133,140,141,142,155,156,157,161,162,164,166,167,168,180,186,201,202,211,213,214,218,221,223,224,228,231,236,242,244,247,255,256,260,262,265,271,283,284,287,291,294,299,300],[3,4,7,8,14,22,23,24,25,27,30,31,32,33,36,38,46,49,52,58,60,64,66,71,75,81,89,91,95,97,104,110,118,120,122,123,129,132,134,138,139,143,145,149,150,152,154,158,160,165,169,171,173,174,175,179,181,182,184,185,187,188,191,192,193,196,198,200,204,205,209,212,217,220,222,225,226,227,229,233,235,237,239,241,248,252,254,264,268,269,270,272,274,275,278,280,281,282,288,292,296,297,298],[1,2,6,19,26,29,39,44,51,57,68,79,87,90,93,96,101,103,106,116,121,135,144,147,151,159,170,190,195,203,216,219,230,232,243,249,261,263,266,277,289,290,293]].
[[3,4,7,8,14,22,23,24,25,27,30,31,32,33,36,38,46,49,52,58,60,64,66,71,75,81,89,91,95,97,104,110,118,120,122,123,129,132,134,138,139,143,145,149,150,152,154,158,160,165,169,171,173,174,175,179,181,182,184,185,187,188,191,192,193,196,198,200,204,205,209,212,217,220,222,225,226,227,229,233,235,237,239,241,248,252,254,264,268,269,270,272,274,275,278,280,281,282,288,292,296,297,298],[11,12,17,18,42,43,45,50,53,54,56,61,62,63,65,72,73,78,80,82,83,84,85,94,108,109,113,115,117,124,126,127,128,131,133,140,141,142,155,156,157,161,162,164,166,167,168,180,186,201,202,211,213,214,218,221,223,224,228,231,236,242,244,247,255,256,260,262,265,271,283,284,287,291,294,299,300],[5,9,10,13,15,16,20,21,28,34,35,37,40,41,47,48,55,59,67,69,70,74,76,77,86,88,92,98,99,100,102,105,107,111,112,114,119,125,130,136,137,146,148,153,163,172,176,177,178,183,189,194,197,199,206,207,208,210,215,234,238,240,245,246,250,251,253,257,258,259,267,273,276,279,285,286,295]].
[[5,9,10,13,15,16,20,21,28,34,35,37,40,41,47,48,55,59,67,69,70,74,76,77,86,88,92,98,99,100,102,105,107,111,112,114,119,125,130,136,137,146,148,153,163,172,176,177,178,183,189,194,197,199,206,207,208,210,215,234,238,240,245,246,250,251,253,257,258,259,267,273,276,279,285,286,295],[1,2,6,19,26,29,39,44,51,57,68,79,87,90,93,96,101,103,106,116,121,135,144,147,151,159,170,190,195,203,216,219,230,232,243,249,261,263,266,277,289,290,293],[3,4,7,8,14,22,23,24,25,27,30,31,32,33,36,38,46,49,52,58,60,64,66,71,75,81,89,91,95,97,104,110,118,120,122,123,129,132,134,138,139,143,145,149,150,152,154,158,160,165,169,171,173,174,175,179,181,182,184,185,187,188,191,192,193,196,198,200,204,205,209,212,217,220,222,225,226,227,229,233,235,237,239,241,248,252,254,264,268,269,270,272,274,275,278,280,281,282,288,292,296,297,298]].
[[3,4,7,8,14,22,23,24,25,27,30,31,32,33,36,38,46,49,52,58,60,64,66,71,75,81,89,91,95,97,104,110,118,120,122,123,129,132,134,138,139,143,145,149,150,152,154,158,160,165,169,171,173,174,175,179,181,182,184,185,187,188,191,192,193,196,198,200,204,205,209,212,217,220,222,225,226,227,229,233,235,237,239,241,248,252,254,264,268,269,270,272,274,275,278,280,281,282,288,292,296,297,298],[11,12,17,18,42,43,45,50,53,54,56,61,62,63,65,72,73,78,80,82,83,84,85,94,108,109,113,115,117,124,126,127,128,131,133,140,141,142,155,156,157,161,162,164,166,167,168,180,186,201,202,211,213,214,218,221,223,224,228,231,236,242,244,247,255,256,260,262,265,271,283,284,287,291,294,299,300],[5,9,10,13,15,16,20,21,28,34,35,37,40,41,47,48,55,59,67,69,70,74,76,77,86,88,92,98,99,100,102,105,107,111,112,114,119,125,130,136,137,146,148,153,163,172,176,177,178,183,189,194,197,199,206,207,208,210,215,234,238,240,245,246,250,251,253,257,258,259,267,273,276,279,285,286,295]].
[[11,12,17,18,42,43,45,50,53,54,56,61,62,63,65,72,73,78,80,82,83,84,85,94,108,109,113,115,117,124,126,127,128,131,133,140,141,142,155,156,157,161,162,164,166,167,168,180,186,201,202,211,213,214,218,221,223,224,228,231,236,242,244,247,255,256,260,262,265,271,283,284,287,291,294,299,300],[3,4,7,8,14,22,23,24,25,27,30,31,32,33,36,38,46,49,52,58,60,64,66,71,75,81,89,91,95,97,104,110,118,120,122,123,129,132,134,138,139,143,145,149,150,152,154,158,160,165,169,171,173,174,175,179,181,182,184,185,187,188,191,192,193,196,198,200,204,205,209,212,217,220,222,225,226,227,229,233,235,237,239,241,248,252,254,264,268,269,270,272,274,275,278,280,281,282,288,292,296,297,298],[1,2,6,19,26,29,39,44,51,57,68,79,87,90,93,96,101,103,106,116,121,135,144,147,151,159,170,190,195,203,216,219,230,232,243,249,261,263,266,277,289,290,293]].
[[5,9,10,13,15,16,20,21,28,34,35,37,40,41,47,48,55,59,67,69,70,74,76,77,86,88,92,98,99,100,102,105,107,111,112,114,119,125,130,136,137,146,148,153,163,172,176,177,178,183,189,194,197,199,206,207,208,210,215,234,238,240,245,246,250,251,253,257,258,259,267,273,276,279,285,286,295],[1,2,6,19,26,29,39,44,51,57,68,79,87,90,93,96,101,103,106,116,121,135,144,147,151,159,170,190,195,203,216,219,230,232,243,249,261,263,266,277,289,290,293],[3,4,7,8,14,22,23,24,25,27,30,31,32,33,36,38,46,49,52,58,60,64,66,71,75,81,89,91,95,97,104,110,118,120,122,123,129,132,134,138,139,143,145,149,150,152,154,158,160,165,169,171,173,174,175,179,181,182,184,185,187,188,191,192,193,196,198,200,204,205,209,212,217,220,222,225,226,227,229,233,235,237,239,241,248,252,254,264,268,269,270,272,274,275,278,280,281,282,288,292,296,297,298]].
[[3,4,7,8,14,22,23,24,25,27,30,31,32,33,36,38,46,49,52,58,60,64,66,71,75,81,89,91,95,97,104,110,118,120,122,123,129,132,134,138,139,143,145,149,150,152,154,158,160,165,169,171,173,174,175,179,181,182,184,185,187,188,191,192,193,196,198,200,204,205,209,212,217,220,222,225,226,227,229,233,235,237,239,241,248,252,254,264,268,269,270,272,274,275,278,280,281,282,288,292,296,297,298],[11,12,17,18,42,43,45,50,53,54,56,61,62,63,65,72,73,78,80,82,83,84,85,94,108,109,113,115,117,124,126,127,128,131,133,140,141,142,155,156,157,161,162,164,166,167,168,180,186,201,202,211,213,214,218,221,223,224,228,231,236,242,244,247,255,256,260,262,265,271,283,284,287,291,294,299,300],[5,9,10,13,15,16,20,21,28,34,35,37,40,41,47,48,55,59,67,69,70,74,76,77,86,88,92,98,99,100,102,105,107,111,112,114,119,125,130,136,137,146,148,153,163,172,176,177,178,183,189,194,197,199,206,207,208,210,215,234,238,240,245,246,250,251,253,257,258,259,267,273,276,279,285,286,295]].
[[1,2,6,19,26,29,39,44,51,57,68,79,87,90,93,96,101,103,106,116,121,135,144,147,151,159,170,190,195,203,216,219,230,232,243,249,261,263,266,277,289,290,293],[5,9,10,13,15,16,20,21,28,34,35,37,40,41,47,48,55,59,67,69,70,74,76,77,86,88,92,98,99,100,102,105,107,111,112,114,119,125,130,136,137,146,148,153,163,172,176,177,178,183,189,194,197,199,206,207,208,210,215,234,238,240,245,246,250,251,253,257,258,259,267,273,276,279,285,286,295],[11,12,17,18,42,43,45,50,53,54,56,61,62,63,65,72,73,78,80,82,83,84,85,94,108,109,113,115,117,124,126,127,128,131,133,140,141,142,155,156,157,161,162,164,166,167,168,180,186,201,202,211,213,214,218,221,223,224,228,231,236,242,244,247,255,256,260,262,265,271,283,284,287,291,294,299,300]].
[[3,4,7,8,14,22,23,24,25,27,30,31,32,33,36,38,46,49,52,58,60,64,66,71,75,81,89,91,95,97,104,110,118,120,122,123,129,132,134,138,139,143,145,149,150,152,154,158,160,165,169,171,173,174,175,179,181,182,184,185,187,188,191,192,193,196,198,200,204,205,209,212,217,220,222,225,226,227,229,233,235,237,239,241,248,252,254,264,268,269,270,272,274,275,278,280,281,282,288,292,296,297,298],[11,12,17,18,42,43,45,50,53,54,56,61,62,63,65,72,73,78,80,82,83,84,85,94,108,109,113,115,117,124,126,127,128,131,133,140,141,142,155,156,157,161,162,164,166,167,168,180,186,201,202,211,213,214,218,221,223,224,228,231,236,242,244,247,255,256,260,262,265,271,283,284,287,291,294,299,300],[5,9,10,13,15,16,20,21,28,34,35,37,40,41,47,48,55,59,67,69,70,74,76,77,86,88,92,98,99,100,102,105,107,111,112,114,119,125,130,136,137,146,148,153,163,172,176,177,178,183,189,194,197,199,206,207,208,210,215,234,238,240,245,246,250,251,253,257,258,259,267,273,276,279,285,286,295]].
[[5,9,10,13,15,16,20,21,28,34,35,37,40,41,47,48,55,59,67,69,70,74,76,77,86,88,92,98,99,100,102,105,107,111,112,114,119,125,130,136,137,146,148,153,163,172,176,177,178,183,189,194,197,199,206,207,208,210,215,234,238,240,245,246,250,251,253,257,258,259,267,273,276,279,285,286,295],[1,2,6,19,26,29,39,44,51,57,68,79,87,90,93,96,101,103,106,116,121,135,144,147,151,159,170,190,195,203,216,219,230,232,243,249,261,263,266,277,289,290,293],[3,4,7,8,14,22,23,24,25,27,30,31,32,33,36,38,46,49,52,58,60,64,66,71,75,81,89,91,95,97,104,110,118,120,122,123,129,132,134,138,139,143,145,149,150,152,154,158,160,165,169,171,173,174,175,179,181,182,184,185,187,188,191,192,193,196,198,200,204,205,209,212,217,220,222,225,226,227,229,233,235,237,239,241,248,252,254,264,268,269,270,272,274,275,278,280,281,282,288,292,296,297,298]].
[[1,2,6,19,26,29,39,44,51,57,68,79,87,90,93,96,101,103,106,116,121,135,144,147,151,159,170,190,195,203,216,219,230,232,243,249,261,263,266,277,289,290,293],[5,9,10,13,15,16,20,21,28,34,35,37,40,41,47,48,55,59,67,69,70,74,76,77,86,88,92,98,99,100,102,105,107,111,112,114,119,125,130,136,137,146,148,153,163,172,176,177,178,183,189,194,197,199,206,207,208,210,215,234,238,240,245,246,250,251,253,257,258,259,267,273,276,279,285,286,295],[11,12,17,18,42,43,45,50,53,54,56,61,62,63,65,72,73,78,80,82,83,84,85,94,108,109,113,115,117,124,126,127,128,131,133,140,141,142,155,156,157,161,162,164,166,167,168,180,186,201,202,211,213,214,218,221,223,224,228,231,236,242,244,247,255,256,260,262,265,271,283,284,287,291,294,299,300]].
[[11,12,17,18,42,43,45,50,53,54,56,61,62,63,65,72,73,78,80,82,83,84,85,94,108,109,113,115,117,124,126,127,128,131,133,140,141,142,155,156,157,161,162,164,166,167,168,180,186,201,202,211,213,214,218,221,223,224,228,231,236,242,244,247,255,256,260,262,265,271,283,284,287,291,294,299,300],[3,4,7,8,14,22,23,24,25,27,30,31,32,33,36,38,46,49,52,58,60,64,66,71,75,81,89,91,95,97,104,110,118,120,122,123,129,132,134,138,139,143,145,149,150,152,154,158,160,165,169,171,173,174,175,179,181,182,184,185,187,188,191,192,193,196,198,200,204,205,209,212,217,220,222,225,226,227,229,233,235,237,239,241,248,252,254,264,268,269,270,272,274,275,278,280,281,282,288,292,296,297,298],[1,2,6,19,26,29,39,44,51,57,68,79,87,90,93,96,101,103,106,116,121,135,144,147,151,159,170,190,195,203,216,219,230,232,243,249,261,263,266,277,289,290,293]].
[[3,4,7,8,14,22,23,24,25,27,30,31,32,33,36,38,46,49,52,58,60,64,66,71,75,81,89,91,95,97,104,110,118,120,122,123,129,132,134,138,139,143,145,149,150,152,154,158,160,165,169,171,173,174,175,179,181,182,184,185,187,188,191,192,193,196,198,200,204,205,209,212,217,220,222,225,226,227,229,233,235,237,239,241,248,252,254,264,268,269,270,272,274,275,278,280,281,282,288,292,296,297,298],[11,12,17,18,42,43,45,50,53,54,56,61,62,63,65,72,73,78,80,82,83,84,85,94,108,109,113,115,117,124,126,127,128,131,133,140,141,142,155,156,157,161,162,164,166,167,168,180,186,201,202,211,213,214,218,221,223,224,228,231,236,242,244,247,255,256,260,262,265,271,283,284,287,291,294,299,300],[5,9,10,13,15,16,20,21,28,34,35,37,40,41,47,48,55,59,67,69,70,74,76,77,86,88,92,98,99,100,102,105,107,111,112,114,119,125,130,136,137,146,148,153,163,172,176,177,178,183,189,194,197,199,206,207,208,210,215,234,238,240,245,246,250,251,253,257,258,259,267,273,276,279,285,286,295]].
[[1,2,6,19,26,29,39,44,51,57,68,79,87,90,93,96,101,103,106,116,121,135,144,147,151,159,170,190,195,203,216,219,230,232,243,249,261,263,266,277,289,290,293],[5,9,10,13,15,16,20,21,28,34,35,37,40,41,47,48,55,59,67,69,70,74,76,77,86,88,92,98,99,100,102,105,107,111,112,114,119,125,130,136,137,146,148,153,163,172,176,177,178,183,189,194,197,199,206,207,208,210,215,234,238,240,245,246,250,251,253,257,258,259,267,273,276,279,285,286,295],[11,12,17,18,42,43,45,50,53,54,56,61,62,63,65,72,73,78,80,82,83,84,85,94,108,109,113,115,117,124,126,127,128,131,133,140,141,142,155,156,157,161,162,164,166,167,168,180,186,201,202,211,213,214,218,221,223,224,228,231,236,242,244,247,255,256,260,262,265,271,283,284,287,291,294,299,300]].
[[11,12,17,18,42,43,45,50,53,54,56,61,62,63,65,72,73,78,80,82,83,84,85,94,108,109,113,115,117,124,126,127,128,131,133,140,141,142,155,156,157,161,162,164,166,167,168,180,186,201,202,211,213,214,218,221,223,224,228,231,236,242,244,247,255,256,260,262,265,271,283,284,287,291,294,299,300],[3,4,7,8,14,22,23,24,25,27,30,31,32,33,36,38,46,49,52,58,60,64,66,71,75,81,89,91,95,97,104,110,118,120,122,123,129,132,134,138,139,143,145,149,150,152,154,158,160,165,169,171,173,174,175,179,181,182,184,185,187,188,191,192,193,196,198,200,204,205,209,212,217,220,222,225,226,227,229,233,235,237,239,241,248,252,254,264,268,269,270,272,274,275,278,280,281,282,288,292,296,297,298],[1,2,6,19,26,29,39,44,51,57,68,79,87,90,93,96,101,103,106,116,121,135,144,147,151,159,170,190,195,203,216,219,230,232,243,249,261,263,266,277,289,290,293]].
[[3,4,7,8,14,22,23,24,25,27,30,31,32,33,36,38,46,49,52,58,60,64,66,71,75,81,89,91,95,97,104,110,118,120,122,123,129,132,134,138,139,143,145,149,150,152,154,158,160,165,169,171,173,174,175,179,181,182,184,185,187,188,191,192,193,196,198,200,204,205,209,212,217,220,222,225,226,227,229,233,235,237,239,241,248,252,254,264,268,269,270,272,274,275,278,280,281,282,288,292,296,297,298],[11,12,17,18,42,43,45,50,53,54,56,61,62,63,65,72,73,78,80,82,83,84,85,94,108,109,113,115,117,124,126,127,128,131,133,140,141,142,155,156,157,161,162,164,166,167,168,180,186,201,202,211,213,214,218,221,223,224,228,231,236,242,244,247,255,256,260,262,265,271,283,284,287,291,294,299,300],[5,9,10,13,15,16,20,21,28,34,35,37,40,41,47,48,55,59,67,69,70,74,76,77,86,88,92,98,99,100,102,105,107,111,112,114,119,125,130,136,137,146,148,153,163,172,176,177,178,183,189,194,197,199,206,207,208,210,215,234,238,240,245,246,250,251,253,257,258,259,267,273,276,279,285,286,295]].
[[11,12,17,18,42,43,45,50,53,54,56,61,62,63,65,72,73,78,80,82,83,84,85,94,108,109,113,115,117,124,126,127,128,131,133,140,141,142,155,156,157,161,162,164,166,167,168,180,186,201,202,211,213,214,218,221,223,224,228,231,236,242,244,247,255,256,260,262,265,271,283,284,287,291,294,299,300],[3,4,7,8,14,22,23,24,25,27,30,31,32,33,36,38,46,49,52,58,60,64,66,71,75,81,89,91,95,97,104,110,118,120,122,123,129,132,134,138,139,143,145,149,150,152,154,158,160,165,169,171,173,174,175,179,181,182,184,185,187,188,191,192,193,196,198,200,204,205,209,212,217,220,222,225,226,227,229,233,235,237,239,241,248,252,254,264,268,269,270,272,274,275,278,280,281,282,288,292,296,297,298],[1,2,6,19,26,29,39,44,51,57,68,79,87,90,93,96,101,103,106,116,121,135,144,147,151,159,170,190,195,203,216,219,230,232,243,249,261,263,266,277,289,290,293]].
[[3,4,7,8,14,22,23,24,25,27,30,31,32,33,36,38,46,49,52,58,60,64,66,71,75,81,89,91,95,97,104,110,118,120,122,123,129,132,134,138,139,143,145,149,150,152,154,158,160,165,169,171,173,174,175,179,181,182,184,185,187,188,191,192,193,196,198,200,204,205,209,212,217,220,222,225,226,227,229,233,235,237,239,241,248,252,254,264,268,269,270,272,274,275,278,280,281,282,288,292,296,297,298],[11,12,17,18,42,43,45,50,53,54,56,61,62,63,65,72,73,78,80,82,83,84,85,94,108,109,113,115,117,124,126,127,128,131,133,140,141,142,155,156,157,161,162,164,166,167,168,180,186,201,202,211,213,214,218,221,223,224,228,231,236,242,244,247,255,256,260,262,265,271,283,284,287,291,294,299,300],[5,9,10,13,15,16,20,21,28,34,35,37,40,41,47,48,55,59,67,69,70,74,76,77,86,88,92,98,99,100,102,105,107,111,112,114,119,125,130,136,137,146,148,153,163,172,176,177,178,183,189,194,197,199,206,207,208,210,215,234,238,240,245,246,250,251,253,257,258,259,267,273,276,279,285,286,295]].
[[1,2,6,19,26,29,39,44,51,57,68,79,87,90,93,96,101,103,106,116,121,135,144,147,151,159,170,190,195,203,216,219,230,232,243,249,261,263,266,277,289,290,293],[5,9,10,13,15,16,20,21,28,34,35,37,40,41,47,48,55,59,67,69,70,74,76,77,86,88,92,98,99,100,102,105,107,111,112,114,119,125,130,136,137,146,148,153,163,172,176,177,178,183,189,194,197,199,206,207,208,210,215,234,238,240,245,246,250,251,253,257,258,259,267,273,276,279,285,286,295],[11,12,17,18,42,43,45,50,53,54,56,61,62,63,65,72,73,78,80,82,83,84,85,94,108,109,113,115,117,124,126,127,128,131,133,140,141,142,155,156,157,161,162,164,166,167,168,180,186,201,202,211,213,214,218,221,223,224,228,231,236,242,244,247,255,256,260,262,265,271,283,284,287,291,294,299,300]].
[[1,2,6,19,26,29,39,44,51,57,68,79,87,90,93,96,101,103,106,116,121,135,144,147,151,159,170,190,195,203,216,219,230,232,243,249,261,263,266,277,289,290,293],[5,9,10,13,15,16,20,21,28,34,35,37,40,41,47,48,55,59,67,69,70,74,76,77,86,88,92,98,99,100,102,105,107,111,112,114,119,125,130,136,137,146,148,153,163,172,176,177,178,183,189,194,197,199,206,207,208,210,215,234,238,240,245,246,250,251,253,257,258,259,267,273,276,279,285,286,295],[11,12,17,18,42,43,45,50,53,54,56,61,62,63,65,72,73,78,80,82,83,84,85,94,108,109,113,115,117,124,126,127,128,131,133,140,141,142,155,156,157,161,162,164,166,167,168,180,186,201,202,211,213,214,218,221,223,224,228,231,236,242,244,247,255,256,260,262,265,271,283,284,287,291,294,299,300]].
[[3,4,7,8,14,22,23,24,25,27,30,31,32,33,36,38,46,49,52,58,60,64,66,71,75,81,89,91,95,97,104,110,118,120,122,123,129,132,134,138,139,143,145,149,150,152,154,158,160,165,169,171,173,174,175,179,181,182,184,185,187,188,191,192,193,196,198,200,204,205,209,212,217,220,222,225,226,227,229,233,235,237,239,241,248,252,254,264,268,269,270,272,274,275,278,280,281,282,288,292,296,297,298],[11,12,17,18,42,43,45,50,53,54,56,61,62,63,65,72,73,78,80,82,83,84,85,94,108,109,113,115,117,124,126,127,128,131,133,140,141,142,155,156,157,161,162,164,166,167,168,180,186,201,202,211,213,214,218,221,223,224,228,231,236,242,244,247,255,256,260,262,265,271,283,284,287,291,294,299,300],[5,9,10,13,15,16,20,21,28,34,35,37,40,41,47,48,55,59,67,69,70,74,76,77,86,88,92,98,99,100,102,105,107,111,112,114,119,125,130,136,137,146,148,153,163,172,176,177,178,183,189,194,197,199,206,207,208,210,215,234,238,240,245,246,250,251,253,257,258,259,267,273,276,279,285,286,295]].
[[3,4,7,8,14,22,23,24,25,27,30,31,32,33,36,38,46,49,52,58,60,64,66,71,75,81,89,91,95,97,104,110,118,120,122,123,129,132,134,138,139,143,145,149,150,152,154,158,160,165,169,171,173,174,175,179,181,182,184,185,187,188,191,192,193,196,198,200,204,205,209,212,217,220,222,225,226,227,229,233,235,237,239,241,248,252,254,264,268,269,270,272,274,275,278,280,281,282,288,292,296,297,298],[11,12,17,18,42,43,45,50,53,54,56,61,62,63,65,72,73,78,80,82,83,84,85,94,108,109,113,115,117,124,126,127,128,131,133,140,141,142,155,156,157,161,162,164,166,167,168,180,186,201,202,211,213,214,218,221,223,224,228,231,236,242,244,247,255,256,260,262,265,271,283,284,287,291,294,299,300],[5,9,10,13,15,16,20,21,28,34,35,37,40,41,47,48,55,59,67,69,70,74,76,77,86,88,92,98,99,100,102,105,107,111,112,114,119,125,130,136,137,146,148,153,163,172,176,177,178,183,189,194,197,199,206,207,208,210,215,234,238,240,245,246,250,251,253,257,258,259,267,273,276,279,285,286,295]].
[[5,9,10,13,15,16,20,21,28,34,35,37,40,41,47,48,55,59,67,69,70,74,76,77,86,88,92,98,99,100,102,105,107,111,112,114,119,125,130,136,137,146,148,153,163,172,176,177,178,183,189,194,197,199,206,207,208,210,215,234,238,240,245,246,250,251,253,257,258,259,267,273,276,279,285,286,295],[1,2,6,19,26,29,39,44,51,57,68,79,87,90,93,96,101,103,106,116,121,135,144,147,151,159,170,190,195,203,216,219,230,232,243,249,261,263,266,277,289,290,293],[3,4,7,8,14,22,23,24,25,27,30,31,32,33,36,38,46,49,52,58,60,64,66,71,75,81,89,91,95,97,104,110,118,120,122,123,129,132,134,138,139,143,145,149,150,152,154,158,160,165,169,171,173,174,175,179,181,182,184,185,187,188,191,192,193,196,198,200,204,205,209,212,217,220,222,225,226,227,229,233,235,237,239,241,248,252,254,264,268,269,270,272,274,275,278,280,281,282,288,292,296,297,298]].
[[1,2,6,19,26,29,39,44,51,57,68,79,87,90,93,96,101,103,106,116,121,135,144,147,151,159,170,190,195,203,216,219,230,232,243,249,261,263,266,277,289,290,293],[5,9,10,13,15,16,20,21,28,34,35,37,40,41,47,48,55,59,67,69,70,74,76,77,86,88,92,98,99,100,102,105,107,111,112,114,119,125,130,136,137,146,148,153,163,172,176,177,178,183,189,194,197,199,206,207,208,210,215,234,238,240,245,246,250,251,253,257,258,259,267,273,276,279,285,286,295],[11,12,17,18,42,43,45,50,53,54,56,61,62,63,65,72,73,78,80,82,83,84,85,94,108,109,113,115,117,124,126,127,128,131,133,140,141,142,155,156,157,161,162,164,166,167,168,180,186,201,202,211,213,214,218,221,223,224,228,231,236,242,244,247,255,256,260,262,265,271,283,284,287,291,294,299,300]].
[[3,4,7,8,14,22,23,24,25,27,30,31,32,33,36,38,46,49,52,58,60,64,66,71,75,81,89,91,95,97,104,110,118,120,122,123,129,132,134,138,139,143,145,149,150,152,154,158,160,165,169,171,173,174,175,179,181,182,184,185,187,188,191,192,193,196,198,200,204,205,209,212,217,220,222,225,226,227,229,233,235,237,239,241,248,252,254,264,268,269,270,272,274,275,278,280,281,282,288,292,296,297,298],[11,12,17,18,42,43,45,50,53,54,56,61,62,63,65,72,73,78,80,82,83,84,85,94,108,109,113,115,117,124,126,127,128,131,133,140,141,142,155,156,157,161,162,164,166,167,168,180,186,201,202,211,213,214,218,221,223,224,228,231,236,242,244,247,255,256,260,262,265,271,283,284,287,291,294,299,300],[5,9,10,13,15,16,20,21,28,34,35,37,40,41,47,48,55,59,67,69,70,74,76,77,86,88,92,98,99,100,102,105,107,111,112,114,119,125,130,136,137,146,148,153,163,172,176,177,178,183,189,194,197,199,206,207,208,210,215,234,238,240,245,246,250,251,253,257,258,259,267,273,276,279,285,286,295]].
[[5,9,10,13,15,16,20,21,28,34,35,37,40,41,47,48,55,59,67,69,70,74,76,77,86,88,92,98,99,100,102,105,107,111,112,114,119,125,130,136,137,146,148,153,163,172,176,177,178,183,189,194,197,199,206,207,208,210,215,234,238,240,245,246,250,251,253,257,258,259,267,273,276,279,285,286,295],[1,2,6,19,26,29,39,44,51,57,68,79,87,90,93,96,101,103,106,116,121,135,144,147,151,159,170,190,195,203,216,219,230,232,243,249,261,263,266,277,289,290,293],[3,4,7,8,14,22,23,24,25,27,30,31,32,33,36,38,46,49,52,58,60,64,66,71,75,81,89,91,95,97,104,110,118,120,122,123,129,132,134,138,139,143,145,149,150,152,154,158,160,165,169,171,173,174,175,179,181,182,184,185,187,188,191,192,193,196,198,200,204,205,209,212,217,220,222,225,226,227,229,233,235,237,239,241,248,252,254,264,268,269,270,272,274,275,278,280,281,282,288,292,296,297,298]].
[[3,4,7,8,14,22,23,24,25,27,30,31,32,33,36,38,46,49,52,58,60,64,66,71,75,81,89,91,95,97,104,110,118,120,122,123,129,132,134,138,139,143,145,149,150,152,154,158,160,165,169,171,173,174,175,179,181,182,184,185,187,188,191,192,193,196,198,200,204,205,209,212,217,220,222,225,226,227,229,233,235,237,239,241,248,252,254,264,268,269,270,272,274,275,278,280,281,282,288,292,296,297,298],[11,12,17,18,42,43,45,50,53,54,56,61,62,63,65,72,73,78,80,82,83,84,85,94,108,109,113,115,117,124,126,127,128,131,133,140,141,142,155,156,157,161,162,164,166,167,168,180,186,201,202,211,213,214,218,221,223,224,228,231,236,242,244,247,255,256,260,262,265,271,283,284,287,291,294,299,300],[5,9,10,13,15,16,20,21,28,34,35,37,40,41,47,48,55,59,67,69,70,74,76,77,86,88,92,98,99,100,102,105,107,111,112,114,119,125,130,136,137,146,148,153,163,172,176,177,178,183,189,194,197,199,206,207,208,210,215,234,238,240,245,246,250,251,253,257,258,259,267,273,276,279,285,286,295]].
