[[1,2,9,35,36,38,45,54,67,69,77,78,92,93,95,116,117,123,135,136,140,148,149,
  160,164,172,173,174,186,201,203,210,215,218,221,222,225,228,230,233,236,238,
  246,247,255,256,267,268,269,270,272,278],
 [13,16,17,20,27,33,34,37,39,41,44,47,49,51,52,53,55,56,57,58,62,68,72,79,80,
  89,91,105,109,111,112,114,126,129,130,134,143,150,152,157,166,178,179,185,
  187,190,193,194,205,208,226,231,244,250,254,260,263,264,266,273,280,282,283,
  286,288,290,296,300],
 [5,7,8,10,11,14,15,18,24,28,29,30,31,32,46,64,65,71,73,75,82,84,85,87,88,98,
  108,113,118,120,121,128,131,133,147,151,155,162,167,169,176,177,195,196,199,
  202,204,209,211,213,216,217,220,223,229,232,234,237,239,243,251,257,259,276,
  277,291,292,298]].
[[5,7,8,10,11,14,15,18,24,28,29,30,31,32,46,64,65,71,73,75,82,84,85,87,88,98,
  108,113,118,120,121,128,131,133,147,151,155,162,167,169,176,177,195,196,199,
  202,204,209,211,213,216,217,220,223,229,232,234,237,239,243,251,257,259,276,
  277,291,292,298],
 [3,4,6,12,19,21,22,23,25,26,40,42,43,48,50,59,60,61,63,66,70,74,76,81,83,86,
  90,94,96,97,99,100,101,102,103,104,106,107,110,115,119,122,124,125,127,132,
  137,138,139,141,142,144,145,146,153,154,156,158,159,161,163,165,168,170,171,
  175,180,181,182,183,184,188,189,191,192,197,198,200,206,207,212,214,219,224,
  227,235,240,241,242,245,248,249,252,253,258,261,262,265,271,274,275,279,281,
  284,285,287,289,293,294,295,297,299],
 [1,2,9,35,36,38,45,54,67,69,77,78,92,93,95,116,117,123,135,136,140,148,149,
  160,164,172,173,174,186,201,203,210,215,218,221,222,225,228,230,233,236,238,
  246,247,255,256,267,268,269,270,272,278]].
[[13,16,17,20,27,33,34,37,39,41,44,47,49,51,52,53,55,56,57,58,62,68,72,79,80,
  89,91,105,109,111,112,114,126,129,130,134,143,150,152,157,166,178,179,185,
  187,190,193,194,205,208,226,231,244,250,254,260,263,264,266,273,280,282,283,
  286,288,290,296,300],
 [1,2,9,35,36,38,45,54,67,69,77,78,92,93,95,116,117,123,135,136,140,148,149,
  160,164,172,173,174,186,201,203,210,215,218,221,222,225,228,230,233,236,238,
  246,247,255,256,267,268,269,270,272,278],
 [3,4,6,12,19,21,22,23,25,26,40,42,43,48,50,59,60,61,63,66,70,74,76,81,83,86,
  90,94,96,97,99,100,101,102,103,104,106,107,110,115,119,122,124,125,127,132,
  137,138,139,141,142,144,145,146,153,154,156,158,159,161,163,165,168,170,171,
  175,180,181,182,183,184,188,189,191,192,197,198,200,206,207,212,214,219,224,
  227,235,240,241,242,245,248,249,252,253,258,261,262,265,271,274,275,279,281,
  284,285,287,289,293,294,295,297,299]].
[[5,7,8,10,11,14,15,18,24,28,29,30,31,32,46,64,65,71,73,75,82,84,85,87,88,98,
  108,113,118,120,121,128,131,133,147,151,155,162,167,169,176,177,195,196,199,
  202,204,209,211,213,216,217,220,223,229,232,234,237,239,243,251,257,259,276,
  277,291,292,298],
 [3,4,6,12,19,21,22,23,25,26,40,42,43,48,50,59,60,61,63,66,70,74,76,81,83,86,
  90,94,96,97,99,100,101,102,103,104,106,107,110,115,119,122,124,125,127,132,
  137,138,139,141,142,144,145,146,153,154,156,158,159,161,163,165,168,170,171,
  175,180,181,182,183,184,188,189,191,192,197,198,200,206,207,212,214,219,224,
  227,235,240,241,242,245,248,249,252,253,258,261,262,265,271,274,275,279,281,
  284,285,287,289,293,294,295,297,299],
 [1,2,9,35,36,38,45,54,67,69,77,78,92,93,95,116,117,123,135,136,140,148,149,
  160,164,172,173,174,186,201,203,210,215,218,221,222,225,228,230,233,236,238,
  246,247,255,256,267,268,269,270,272,278]].
[[3,4,6,12,19,21,22,23,25,26,40,42,43,48,50,59,60,61,63,66,70,74,76,81,83,86,
  90,94,96,97,99,100,101,102,103,104,106,107,110,115,119,122,124,125,127,132,
  137,138,139,141,142,144,145,146,153,154,156,158,159,161,163,165,168,170,171,
  175,180,181,182,183,184,188,189,191,192,197,198,200,206,207,212,214,219,224,
  227,235,240,241,242,245,248,249,252,253,258,261,262,265,271,274,275,279,281,
  284,285,287,289,293,294,295,297,299],
 [5,7,8,10,11,14,15,18,24,28,29,30,31,32,46,64,65,71,73,75,82,84,85,87,88,98,
  108,113,118,120,121,128,131,133,147,151,155,162,167,169,176,177,195,196,199,
  202,204,209,211,213,216,217,220,223,229,232,234,237,239,243,251,257,259,276,
  277,291,292,298],
 [13,16,17,20,27,33,34,37,39,41,44,47,49,51,52,53,55,56,57,58,62,68,72,79,80,
  89,91,105,109,111,112,114,126,129,130,134,143,150,152,157,166,178,179,185,
  187,190,193,194,205,208,226,231,244,250,254,260,263,264,266,273,280,282,283,
  286,288,290,296,300]].
[[3,4,6,12,19,21,22,23,25,26,40,42,43,48,50,59,60,61,63,66,70,74,76,81,83,86,
  90,94,96,97,99,100,101,102,103,104,106,107,110,115,119,122,124,125,127,132,
  137,138,139,141,142,144,145,146,153,154,156,158,159,161,163,165,168,170,171,
  175,180,181,182,183,184,188,189,191,192,197,198,200,206,207,212,214,219,224,
  227,235,240,241,242,245,248,249,252,253,258,261,262,265,271,274,275,279,281,
  284,285,287,289,293,294,295,297,299],
 [5,7,8,10,11,14,15,18,24,28,29,30,31,32,46,64,65,71,73,75,82,84,85,87,88,98,
  108,113,118,120,121,128,131,133,147,151,155,162,167,169,176,177,195,196,199,
  202,204,209,211,213,216,217,220,223,229,232,234,237,239,243,251,257,259,276,
  277,291,292,298],
 [13,16,17,20,27,33,34,37,39,41,44,47,49,51,52,53,55,56,57,58,62,68,72,79,80,
  89,91,105,109,111,112,114,126,129,130,134,143,150,152,157,166,178,179,185,
  187,190,193,194,205,208,226,231,244,250,254,260,263,264,266,273,280,282,283,
  286,288,290,296,300]].
[[13,16,17,20,27,33,34,37,39,41,44,47,49,51,52,53,55,56,57,58,62,68,72,79,80,
  89,91,105,109,111,112,114,126,129,130,134,143,150,152,157,166,178,179,185,
  187,190,193,194,205,208,226,231,244,250,254,260,263,264,266,273,280,282,283,
  286,288,290,296,300],
 [1,2,9,35,36,38,45,54,67,69,77,78,92,93,95,116,117,123,135,136,140,148,149,
  160,164,172,173,174,186,201,203,210,215,218,221,222,225,228,230,233,236,238,
  246,247,255,256,267,268,269,270,272,278],
 [3,4,6,12,19,21,22,23,25,26,40,42,43,48,50,59,60,61,63,66,70,74,76,81,83,86,
  90,94,96,97,99,100,101,102,103,104,106,107,110,115,119,122,124,125,127,132,
  137,138,139,141,142,144,145,146,153,154,156,158,159,161,163,165,168,170,171,
  175,180,181,182,183,184,188,189,191,192,197,198,200,206,207,212,214,219,224,
  227,235,240,241,242,245,248,249,252,253,258,261,262,265,271,274,275,279,281,
  284,285,287,289,293,294,295,297,299]].
[[5,7,8,10,11,14,15,18,24,28,29,30,31,32,46,64,65,71,73,75,82,84,85,87,88,98,
  108,113,118,120,121,128,131,133,147,151,155,162,167,169,176,177,195,196,199,
  202,204,209,211,213,216,217,220,223,229,232,234,237,239,243,251,257,259,276,
  277,291,292,298],
 [3,4,6,12,19,21,22,23,25,26,40,42,43,48,50,59,60,61,63,66,70,74,76,81,83,86,
  90,94,96,97,99,100,101,102,103,104,106,107,110,115,119,122,124,125,127,132,
  137,138,139,141,142,144,145,146,153,154,156,158,159,161,163,165,168,170,171,
  175,180,181,182,183,184,188,189,191,192,197,198,200,206,207,212,214,219,224,
  227,235,240,241,242,245,248,249,252,253,258,261,262,265,271,274,275,279,281,
  284,285,287,289,293,294,295,297,299],
 [1,2,9,35,36,38,45,54,67,69,77,78,92,93,95,116,117,123,135,136,140,148,149,
  160,164,172,173,174,186,201,203,210,215,218,221,222,225,228,230,233,236,238,
  246,247,255,256,267,268,269,270,272,278]].
[[5,7,8,10,11,14,15,18,24,28,29,30,31,32,46,64,65,71,73,75,82,84,85,87,88,98,
  108,113,118,120,121,128,131,133,147,151,155,162,167,169,176,177,195,196,199,
  202,204,209,211,213,216,217,220,223,229,232,234,237,239,243,251,257,259,276,
  277,291,292,298],
 [3,4,6,12,19,21,22,23,25,26,40,42,43,48,50,59,60,61,63,66,70,74,76,81,83,86,
  90,94,96,97,99,100,101,102,103,104,106,107,110,115,119,122,124,125,127,132,
  137,138,139,141,142,144,145,146,153,154,156,158,159,161,163,165,168,170,171,
  175,180,181,182,183,184,188,189,191,192,197,198,200,206,207,212,214,219,224,
  227,235,240,241,242,245,248,249,252,253,258,261,262,265,271,274,275,279,281,
  284,285,287,289,293,294,295,297,299],
 [1,2,9,35,36,38,45,54,67,69,77,78,92,93,95,116,117,123,135,136,140,148,149,
  160,164,172,173,174,186,201,203,210,215,218,221,222,225,228,230,233,236,238,
  246,247,255,256,267,268,269,270,272,278]].
[[13,16,17,20,27,33,34,37,39,41,44,47,49,51,52,53,55,56,57,58,62,68,72,79,80,
  89,91,105,109,111,112,114,126,129,130,134,143,150,152,157,166,178,179,185,
  187,190,193,194,205,208,226,231,244,250,254,260,263,264,266,273,280,282,283,
  286,288,290,296,300],
 [1,2,9,35,36,38,45,54,67,69,77,78,92,93,95,116,117,123,135,136,140,148,149,
  160,164,172,173,174,186,201,203,210,215,218,221,222,225,228,230,233,236,238,
  246,247,255,256,267,268,269,270,272,278],
 [3,4,6,12,19,21,22,23,25,26,40,42,43,48,50,59,60,61,63,66,70,74,76,81,83,86,
  90,94,96,97,99,100,101,102,103,104,106,107,110,115,119,122,124,125,127,132,
  137,138,139,141,142,144,145,146,153,154,156,158,159,161,163,165,168,170,171,
  175,180,181,182,183,184,188,189,191,192,197,198,200,206,207,212,214,219,224,
  227,235,240,241,242,245,248,249,252,253,258,261,262,265,271,274,275,279,281,
  284,285,287,289,293,294,295,297,299]].
[[3,4,6,12,19,21,22,23,25,26,40,42,43,48,50,59,60,61,63,66,70,74,76,81,83,86,
  90,94,96,97,99,100,101,102,103,104,106,107,110,115,119,122,124,125,127,132,
  137,138,139,141,142,144,145,146,153,154,156,158,159,161,163,165,168,170,171,
  175,180,181,182,183,184,188,189,191,192,197,198,200,206,207,212,214,219,224,
  227,235,240,241,242,245,248,249,252,253,258,261,262,265,271,274,275,279,281,
  284,285,287,289,293,294,295,297,299],
 [5,7,8,10,11,14,15,18,24,28,29,30,31,32,46,64,65,71,73,75,82,84,85,87,88,98,
  108,113,118,120,121,128,131,133,147,151,155,162,167,169,176,177,195,196,199,
  202,204,209,211,213,216,217,220,223,229,232,234,237,239,243,251,257,259,276,
  277,291,292,298],
 [13,16,17,20,27,33,34,37,39,41,44,47,49,51,52,53,55,56,57,58,62,68,72,79,80,
  89,91,105,109,111,112,114,126,129,130,134,143,150,152,157,166,178,179,185,
  187,190,193,194,205,208,226,231,244,250,254,260,263,264,266,273,280,282,283,
  286,288,290,296,300]].
[[3,4,6,12,19,21,22,23,25,26,40,42,43,48,50,59,60,61,63,66,70,74,76,81,83,86,
  90,94,96,97,99,100,101,102,103,104,106,107,110,115,119,122,124,125,127,132,
  137,138,139,141,142,144,145,146,153,154,156,158,159,161,163,165,168,170,171,
  175,180,181,182,183,184,188,189,191,192,197,198,200,206,207,212,214,219,224,
  227,235,240,241,242,245,248,249,252,253,258,261,262,265,271,274,275,279,281,
  284,285,287,289,293,294,295,297,299],
 [5,7,8,10,11,14,15,18,24,28,29,30,31,32,46,64,65,71,73,75,82,84,85,87,88,98,
  108,113,118,120,121,128,131,133,147,151,155,162,167,169,176,177,195,196,199,
  202,204,209,211,213,216,217,220,223,229,232,234,237,239,243,251,257,259,276,
  277,291,292,298],
 [13,16,17,20,27,33,34,37,39,41,44,47,49,51,52,53,55,56,57,58,62,68,72,79,80,
  89,91,105,109,111,112,114,126,129,130,134,143,150,152,157,166,178,179,185,
  187,190,193,194,205,208,226,231,244,250,254,260,263,264,266,273,280,282,283,
  286,288,290,296,300]].
[[3,4,6,12,19,21,22,23,25,26,40,42,43,48,50,59,60,61,63,66,70,74,76,81,83,86,
  90,94,96,97,99,100,101,102,103,104,106,107,110,115,119,122,124,125,127,132,
  137,138,139,141,142,144,145,146,153,154,156,158,159,161,163,165,168,170,171,
  175,180,181,182,183,184,188,189,191,192,197,198,200,206,207,212,214,219,224,
  227,235,240,241,242,245,248,249,252,253,258,261,262,265,271,274,275,279,281,
  284,285,287,289,293,294,295,297,299],
 [5,7,8,10,11,14,15,18,24,28,29,30,31,32,46,64,65,71,73,75,82,84,85,87,88,98,
  108,113,118,120,121,128,131,133,147,151,155,162,167,169,176,177,195,196,199,
  202,204,209,211,213,216,217,220,223,229,232,234,237,239,243,251,257,259,276,
  277,291,292,298],
 [13,16,17,20,27,33,34,37,39,41,44,47,49,51,52,53,55,56,57,58,62,68,72,79,80,
  89,91,105,109,111,112,114,126,129,130,134,143,150,152,157,166,178,179,185,
  187,190,193,194,205,208,226,231,244,250,254,260,263,264,266,273,280,282,283,
  286,288,290,296,300]].
[[3,4,6,12,19,21,22,23,25,26,40,42,43,48,50,59,60,61,63,66,70,74,76,81,83,86,
  90,94,96,97,99,100,101,102,103,104,106,107,110,115,119,122,124,125,127,132,
  137,138,139,141,142,144,145,146,153,154,156,158,159,161,163,165,168,170,171,
  175,180,181,182,183,184,188,189,191,192,197,198,200,206,207,212,214,219,224,
  227,235,240,241,242,245,248,249,252,253,258,261,262,265,271,274,275,279,281,
  284,285,287,289,293,294,295,297,299],
 [5,7,8,10,11,14,15,18,24,28,29,30,31,32,46,64,65,71,73,75,82,84,85,87,88,98,
  108,113,118,120,121,128,131,133,147,151,155,162,167,169,176,177,195,196,199,
  202,204,209,211,213,216,217,220,223,229,232,234,237,239,243,251,257,259,276,
  277,291,292,298],
 [13,16,17,20,27,33,34,37,39,41,44,47,49,51,52,53,55,56,57,58,62,68,72,79,80,
  89,91,105,109,111,112,114,126,129,130,134,143,150,152,157,166,178,179,185,
  187,190,193,194,205,208,226,231,244,250,254,260,263,264,266,273,280,282,283,
  286,288,290,296,300]].
[[13,16,17,20,27,33,34,37,39,41,44,47,49,51,52,53,55,56,57,58,62,68,72,79,80,
  89,91,105,109,111,112,114,126,129,130,134,143,150,152,157,166,178,179,185,
  187,190,193,194,205,208,226,231,244,250,254,260,263,264,266,273,280,282,283,
  286,288,290,296,300],
 [1,2,9,35,36,38,45,54,67,69,77,78,92,93,95,116,117,123,135,136,140,148,149,
  160,164,172,173,174,186,201,203,210,215,218,221,222,225,228,230,233,236,238,
  246,247,255,256,267,268,269,270,272,278],
 [3,4,6,12,19,21,22,23,25,26,40,42,43,48,50,59,60,61,63,66,70,74,76,81,83,86,
  90,94,96,97,99,100,101,102,103,104,106,107,110,115,119,122,124,125,127,132,
  137,138,139,141,142,144,145,146,153,154,156,158,159,161,163,165,168,170,171,
  175,180,181,182,183,184,188,189,191,192,197,198,200,206,207,212,214,219,224,
  227,235,240,241,242,245,248,249,252,253,258,261,262,265,271,274,275,279,281,
  284,285,287,289,293,294,295,297,299]].
[[5,7,8,10,11,14,15,18,24,28,29,30,31,32,46,64,65,71,73,75,82,84,85,87,88,98,
  108,113,118,120,121,128,131,133,147,151,155,162,167,169,176,177,195,196,199,
  202,204,209,211,213,216,217,220,223,229,232,234,237,239,243,251,257,259,276,
  277,291,292,298],
 [3,4,6,12,19,21,22,23,25,26,40,42,43,48,50,59,60,61,63,66,70,74,76,81,83,86,
  90,94,96,97,99,100,101,102,103,104,106,107,110,115,119,122,124,125,127,132,
  137,138,139,141,142,144,145,146,153,154,156,158,159,161,163,165,168,170,171,
  175,180,181,182,183,184,188,189,191,192,197,198,200,206,207,212,214,219,224,
  227,235,240,241,242,245,248,249,252,253,258,261,262,265,271,274,275,279,281,
  284,285,287,289,293,294,295,297,299],
 [1,2,9,35,36,38,45,54,67,69,77,78,92,93,95,116,117,123,135,136,140,148,149,
  160,164,172,173,174,186,201,203,210,215,218,221,222,225,228,230,233,236,238,
  246,247,255,256,267,268,269,270,272,278]].
[[13,16,17,20,27,33,34,37,39,41,44,47,49,51,52,53,55,56,57,58,62,68,72,79,80,
  89,91,105,109,111,112,114,126,129,130,134,143,150,152,157,166,178,179,185,
  187,190,193,194,205,208,226,231,244,250,254,260,263,264,266,273,280,282,283,
  286,288,290,296,300],
 [1,2,9,35,36,38,45,54,67,69,77,78,92,93,95,116,117,123,135,136,140,148,149,
  160,164,172,173,174,186,201,203,210,215,218,221,222,225,228,230,233,236,238,
  246,247,255,256,267,268,269,270,272,278],
 [3,4,6,12,19,21,22,23,25,26,40,42,43,48,50,59,60,61,63,66,70,74,76,81,83,86,
  90,94,96,97,99,100,101,102,103,104,106,107,110,115,119,122,124,125,127,132,
  137,138,139,141,142,144,145,146,153,154,156,158,159,161,163,165,168,170,171,
  175,180,181,182,183,184,188,189,191,192,197,198,200,206,207,212,214,219,224,
  227,235,240,241,242,245,248,249,252,253,258,261,262,265,271,274,275,279,281,
  284,285,287,289,293,294,295,297,299]].
[[5,7,8,10,11,14,15,18,24,28,29,30,31,32,46,64,65,71,73,75,82,84,85,87,88,98,
  108,113,118,120,121,128,131,133,147,151,155,162,167,169,176,177,195,196,199,
  202,204,209,211,213,216,217,220,223,229,232,234,237,239,243,251,257,259,276,
  277,291,292,298],
 [3,4,6,12,19,21,22,23,25,26,40,42,43,48,50,59,60,61,63,66,70,74,76,81,83,86,
  90,94,96,97,99,100,101,102,103,104,106,107,110,115,119,122,124,125,127,132,
  137,138,139,141,142,144,145,146,153,154,156,158,159,161,163,165,168,170,171,
  175,180,181,182,183,184,188,189,191,192,197,198,200,206,207,212,214,219,224,
  227,235,240,241,242,245,248,249,252,253,258,261,262,265,271,274,275,279,281,
  284,285,287,289,293,294,295,297,299],
 [1,2,9,35,36,38,45,54,67,69,77,78,92,93,95,116,117,123,135,136,140,148,149,
  160,164,172,173,174,186,201,203,210,215,218,221,222,225,228,230,233,236,238,
  246,247,255,256,267,268,269,270,272,278]].
[[3,4,6,12,19,21,22,23,25,26,40,42,43,48,50,59,60,61,63,66,70,74,76,81,83,86,
  90,94,96,97,99,100,101,102,103,104,106,107,110,115,119,122,124,125,127,132,
  137,138,139,141,142,144,145,146,153,154,156,158,159,161,163,165,168,170,171,
  175,180,181,182,183,184,188,189,191,192,197,198,200,206,207,212,214,219,224,
  227,235,240,241,242,245,248,249,252,253,258,261,262,265,271,274,275,279,281,
  284,285,287,289,293,294,295,297,299],
 [5,7,8,10,11,14,15,18,24,28,29,30,31,32,46,64,65,71,73,75,82,84,85,87,88,98,
  108,113,118,120,121,128,131,133,147,151,155,162,167,169,176,177,195,196,199,
  202,204,209,211,213,216,217,220,223,229,232,234,237,239,243,251,257,259,276,
  277,291,292,298],
 [13,16,17,20,27,33,34,37,39,41,44,47,49,51,52,53,55,56,57,58,62,68,72,79,80,
  89,91,105,109,111,112,114,126,129,130,134,143,150,152,157,166,178,179,185,
  187,190,193,194,205,208,226,231,244,250,254,260,263,264,266,273,280,282,283,
  286,288,290,296,300]].
[[5,7,8,10,11,14,15,18,24,28,29,30,31,32,46,64,65,71,73,75,82,84,85,87,88,98,
  108,113,118,120,121,128,131,133,147,151,155,162,167,169,176,177,195,196,199,
  202,204,209,211,213,216,217,220,223,229,232,234,237,239,243,251,257,259,276,
  277,291,292,298],
 [3,4,6,12,19,21,22,23,25,26,40,42,43,48,50,59,60,61,63,66,70,74,76,81,83,86,
  90,94,96,97,99,100,101,102,103,104,106,107,110,115,119,122,124,125,127,132,
  137,138,139,141,142,144,145,146,153,154,156,158,159,161,163,165,168,170,171,
  175,180,181,182,183,184,188,189,191,192,197,198,200,206,207,212,214,219,224,
  227,235,240,241,242,245,248,249,252,253,258,261,262,265,271,274,275,279,281,
  284,285,287,289,293,294,295,297,299],
 [1,2,9,35,36,38,45,54,67,69,77,78,92,93,95,116,117,123,135,136,140,148,149,
  160,164,172,173,174,186,201,203,210,215,218,221,222,225,228,230,233,236,238,
  246,247,255,256,267,268,269,270,272,278]].
[[3,4,6,12,19,21,22,23,25,26,40,42,43,48,50,59,60,61,63,66,70,74,76,81,83,86,
  90,94,96,97,99,100,101,102,103,104,106,107,110,115,119,122,124,125,127,132,
  137,138,139,141,142,144,145,146,153,154,156,158,159,161,163,165,168,170,171,
  175,180,181,182,183,184,188,189,191,192,197,198,200,206,207,212,214,219,224,
  227,235,240,241,242,245,248,249,252,253,258,261,262,265,271,274,275,279,281,
  284,285,287,289,293,294,295,297,299],
 [5,7,8,10,11,14,15,18,24,28,29,30,31,32,46,64,65,71,73,75,82,84,85,87,88,98,
  108,113,118,120,121,128,131,133,147,151,155,162,167,169,176,177,195,196,199,
  202,204,209,211,213,216,217,220,223,229,232,234,237,239,243,251,257,259,276,
  277,291,292,298],
 [13,16,17,20,27,33,34,37,39,41,44,47,49,51,52,53,55,56,57,58,62,68,72,79,80,
  89,91,105,109,111,112,114,126,129,130,134,143,150,152,157,166,178,179,185,
  187,190,193,194,205,208,226,231,244,250,254,260,263,264,266,273,280,282,283,
  286,288,290,296,300]].
[[5,7,8,10,11,14,15,18,24,28,29,30,31,32,46,64,65,71,73,75,82,84,85,87,88,98,
  108,113,118,120,121,128,131,133,147,151,155,162,167,169,176,177,195,196,199,
  202,204,209,211,213,216,217,220,223,229,232,234,237,239,243,251,257,259,276,
  277,291,292,298],
 [3,4,6,12,19,21,22,23,25,26,40,42,43,48,50,59,60,61,63,66,70,74,76,81,83,86,
  90,94,96,97,99,100,101,102,103,104,106,107,110,115,119,122,124,125,127,132,
  137,138,139,141,142,144,145,146,153,154,156,158,159,161,163,165,168,170,171,
  175,180,181,182,183,184,188,189,191,192,197,198,200,206,207,212,214,219,224,
  227,235,240,241,242,245,248,249,252,253,258,261,262,265,271,274,275,279,281,
  284,285,287,289,293,294,295,297,299],
 [1,2,9,35,36,38,45,54,67,69,77,78,92,93,95,116,117,123,135,136,140,148,149,
  160,164,172,173,174,186,201,203,210,215,218,221,222,225,228,230,233,236,238,
  246,247,255,256,267,268,269,270,272,278]].
[[5,7,8,10,11,14,15,18,24,28,29,30,31,32,46,64,65,71,73,75,82,84,85,87,88,98,
  108,113,118,120,121,128,131,133,147,151,155,162,167,169,176,177,195,196,199,
  202,204,209,211,213,216,217,220,223,229,232,234,237,239,243,251,257,259,276,
  277,291,292,298],
 [3,4,6,12,19,21,22,23,25,26,40,42,43,48,50,59,60,61,63,66,70,74,76,81,83,86,
  90,94,96,97,99,100,101,102,103,104,106,107,110,115,119,122,124,125,127,132,
  137,138,139,141,142,144,145,146,153,154,156,158,159,161,163,165,168,170,171,
  175,180,181,182,183,184,188,189,191,192,197,198,200,206,207,212,214,219,224,
  227,235,240,241,242,245,248,249,252,253,258,261,262,265,271,274,275,279,281,
  284,285,287,289,293,294,295,297,299],
 [1,2,9,35,36,38,45,54,67,69,77,78,92,93,95,116,117,123,135,136,140,148,149,
  160,164,172,173,174,186,201,203,210,215,218,221,222,225,228,230,233,236,238,
  246,247,255,256,267,268,269,270,272,278]].
[[1,2,9,35,36,38,45,54,67,69,77,78,92,93,95,116,117,123,135,136,140,148,149,
  160,164,172,173,174,186,201,203,210,215,218,221,222,225,228,230,233,236,238,
  246,247,255,256,267,268,269,270,272,278],
 [13,16,17,20,27,33,34,37,39,41,44,47,49,51,52,53,55,56,57,58,62,68,72,79,80,
  89,91,105,109,111,112,114,126,129,130,134,143,150,152,157,166,178,179,185,
  187,190,193,194,205,208,226,231,244,250,254,260,263,264,266,273,280,282,283,
  286,288,290,296,300],
 [5,7,8,10,11,14,15,18,24,28,29,30,31,32,46,64,65,71,73,75,82,84,85,87,88,98,
  108,113,118,120,121,128,131,133,147,151,155,162,167,169,176,177,195,196,199,
  202,204,209,211,213,216,217,220,223,229,232,234,237,239,243,251,257,259,276,
  277,291,292,298]].
[[5,7,8,10,11,14,15,18,24,28,29,30,31,32,46,64,65,71,73,75,82,84,85,87,88,98,
  108,113,118,120,121,128,131,133,147,151,155,162,167,169,176,177,195,196,199,
  202,204,209,211,213,216,217,220,223,229,232,234,237,239,243,251,257,259,276,
  277,291,292,298],
 [3,4,6,12,19,21,22,23,25,26,40,42,43,48,50,59,60,61,63,66,70,74,76,81,83,86,
  90,94,96,97,99,100,101,102,103,104,106,107,110,115,119,122,124,125,127,132,
  137,138,139,141,142,144,145,146,153,154,156,158,159,161,163,165,168,170,171,
  175,180,181,182,183,184,188,189,191,192,197,198,200,206,207,212,214,219,224,
  227,235,240,241,242,245,248,249,252,253,258,261,262,265,271,274,275,279,281,
  284,285,287,289,293,294,295,297,299],
 [1,2,9,35,36,38,45,54,67,69,77,78,92,93,95,116,117,123,135,136,140,148,149,
  160,164,172,173,174,186,201,203,210,215,218,221,222,225,228,230,233,236,238,
  246,247,255,256,267,268,269,270,272,278]].
[[1,2,9,35,36,38,45,54,67,69,77,78,92,93,95,116,117,123,135,136,140,148,149,
  160,164,172,173,174,186,201,203,210,215,218,221,222,225,228,230,233,236,238,
  246,247,255,256,267,268,269,270,272,278],
 [13,16,17,20,27,33,34,37,39,41,44,47,49,51,52,53,55,56,57,58,62,68,72,79,80,
  89,91,105,109,111,112,114,126,129,130,134,143,150,152,157,166,178,179,185,
  187,190,193,194,205,208,226,231,244,250,254,260,263,264,266,273,280,282,283,
  286,288,290,296,300],
 [5,7,8,10,11,14,15,18,24,28,29,30,31,32,46,64,65,71,73,75,82,84,85,87,88,98,
  108,113,118,120,121,128,131,133,147,151,155,162,167,169,176,177,195,196,199,
  202,204,209,211,213,216,217,220,223,229,232,234,237,239,243,251,257,259,276,
  277,291,292,298]].
[[13,16,17,20,27,33,34,37,39,41,44,47,49,51,52,53,55,56,57,58,62,68,72,79,80,
  89,91,105,109,111,112,114,126,129,130,134,143,150,152,157,166,178,179,185,
  187,190,193,194,205,208,226,231,244,250,254,260,263,264,266,273,280,282,283,
  286,288,290,296,300],
 [1,2,9,35,36,38,45,54,67,69,77,78,92,93,95,116,117,123,135,136,140,148,149,
  160,164,172,173,174,186,201,203,210,215,218,221,222,225,228,230,233,236,238,
  246,247,255,256,267,268,269,270,272,278],
 [3,4,6,12,19,21,22,23,25,26,40,42,43,48,50,59,60,61,63,66,70,74,76,81,83,86,
  90,94,96,97,99,100,101,102,103,104,106,107,110,115,119,122,124,125,127,132,
  137,138,139,141,142,144,145,146,153,154,156,158,159,161,163,165,168,170,171,
  175,180,181,182,183,184,188,189,191,192,197,198,200,206,207,212,214,219,224,
  227,235,240,241,242,245,248,249,252,253,258,261,262,265,271,274,275,279,281,
  284,285,287,289,293,294,295,297,299]].
[[3,4,6,12,19,21,22,23,25,26,40,42,43,48,50,59,60,61,63,66,70,74,76,81,83,86,
  90,94,96,97,99,100,101,102,103,104,106,107,110,115,119,122,124,125,127,132,
  137,138,139,141,142,144,145,146,153,154,156,158,159,161,163,165,168,170,171,
  175,180,181,182,183,184,188,189,191,192,197,198,200,206,207,212,214,219,224,
  227,235,240,241,242,245,248,249,252,253,258,261,262,265,271,274,275,279,281,
  284,285,287,289,293,294,295,297,299],
 [5,7,8,10,11,14,15,18,24,28,29,30,31,32,46,64,65,71,73,75,82,84,85,87,88,98,
  108,113,118,120,121,128,131,133,147,151,155,162,167,169,176,177,195,196,199,
  202,204,209,211,213,216,217,220,223,229,232,234,237,239,243,251,257,259,276,
  277,291,292,298],
 [13,16,17,20,27,33,34,37,39,41,44,47,49,51,52,53,55,56,57,58,62,68,72,79,80,
  89,91,105,109,111,112,114,126,129,130,134,143,150,152,157,166,178,179,185,
  187,190,193,194,205,208,226,231,244,250,254,260,263,264,266,273,280,282,283,
  286,288,290,296,300]].
[[3,4,6,12,19,21,22,23,25,26,40,42,43,48,50,59,60,61,63,66,70,74,76,81,83,86,
  90,94,96,97,99,100,101,102,103,104,106,107,110,115,119,122,124,125,127,132,
  137,138,139,141,142,144,145,146,153,154,156,158,159,161,163,165,168,170,171,
  175,180,181,182,183,184,188,189,191,192,197,198,200,206,207,212,214,219,224,
  227,235,240,241,242,245,248,249,252,253,258,261,262,265,271,274,275,279,281,
  284,285,287,289,293,294,295,297,299],
 [5,7,8,10,11,14,15,18,24,28,29,30,31,32,46,64,65,71,73,75,82,84,85,87,88,98,
  108,113,118,120,121,128,131,133,147,151,155,162,167,169,176,177,195,196,199,
  202,204,209,211,213,216,217,220,223,229,232,234,237,239,243,251,257,259,276,
  277,291,292,298],
 [13,16,17,20,27,33,34,37,39,41,44,47,49,51,52,53,55,56,57,58,62,68,72,79,80,
  89,91,105,109,111,112,114,126,129,130,134,143,150,152,157,166,178,179,185,
  187,190,193,194,205,208,226,231,244,250,254,260,263,264,266,273,280,282,283,
  286,288,290,296,300]].
[[1,2,9,35,36,38,45,54,67,69,77,78,92,93,95,116,117,123,135,136,140,148,149,
  160,164,172,173,174,186,201,203,210,215,218,221,222,225,228,230,233,236,238,
  246,247,255,256,267,268,269,270,272,278],
 [13,16,17,20,27,33,34,37,39,41,44,47,49,51,52,53,55,56,57,58,62,68,72,79,80,
  89,91,105,109,111,112,114,126,129,130,134,143,150,152,157,166,178,179,185,
  187,190,193,194,205,208,226,231,244,250,254,260,263,264,266,273,280,282,283,
  286,288,290,296,300],
 [5,7,8,10,11,14,15,18,24,28,29,30,31,32,46,64,65,71,73,75,82,84,85,87,88,98,
  108,113,118,120,121,128,131,133,147,151,155,162,167,169,176,177,195,196,199,
  202,204,209,211,213,216,217,220,223,229,232,234,237,239,243,251,257,259,276,
  277,291,292,298]].
[[5,7,8,10,11,14,15,18,24,28,29,30,31,32,46,64,65,71,73,75,82,84,85,87,88,98,
  108,113,118,120,121,128,131,133,147,151,155,162,167,169,176,177,195,196,199,
  202,204,209,211,213,216,217,220,223,229,232,234,237,239,243,251,257,259,276,
  277,291,292,298],
 [3,4,6,12,19,21,22,23,25,26,40,42,43,48,50,59,60,61,63,66,70,74,76,81,83,86,
  90,94,96,97,99,100,101,102,103,104,106,107,110,115,119,122,124,125,127,132,
  137,138,139,141,142,144,145,146,153,154,156,158,159,161,163,165,168,170,171,
  175,180,181,182,183,184,188,189,191,192,197,198,200,206,207,212,214,219,224,
  227,235,240,241,242,245,248,249,252,253,258,261,262,265,271,274,275,279,281,
  284,285,287,289,293,294,295,297,299],
 [1,2,9,35,36,38,45,54,67,69,77,78,92,93,95,116,117,123,135,136,140,148,149,
  160,164,172,173,174,186,201,203,210,215,218,221,222,225,228,230,233,236,238,
  246,247,255,256,267,268,269,270,272,278]].
[[5,7,8,10,11,14,15,18,24,28,29,30,31,32,46,64,65,71,73,75,82,84,85,87,88,98,
  108,113,118,120,121,128,131,133,147,151,155,162,167,169,176,177,195,196,199,
  202,204,209,211,213,216,217,220,223,229,232,234,237,239,243,251,257,259,276,
  277,291,292,298],
 [3,4,6,12,19,21,22,23,25,26,40,42,43,48,50,59,60,61,63,66,70,74,76,81,83,86,
  90,94,96,97,99,100,101,102,103,104,106,107,110,115,119,122,124,125,127,132,
  137,138,139,141,142,144,145,146,153,154,156,158,159,161,163,165,168,170,171,
  175,180,181,182,183,184,188,189,191,192,197,198,200,206,207,212,214,219,224,
  227,235,240,241,242,245,248,249,252,253,258,261,262,265,271,274,275,279,281,
  284,285,287,289,293,294,295,297,299],
 [1,2,9,35,36,38,45,54,67,69,77,78,92,93,95,116,117,123,135,136,140,148,149,
  160,164,172,173,174,186,201,203,210,215,218,221,222,225,228,230,233,236,238,
  246,247,255,256,267,268,269,270,272,278]].
[[3,4,6,12,19,21,22,23,25,26,40,42,43,48,50,59,60,61,63,66,70,74,76,81,83,86,
  90,94,96,97,99,100,101,102,103,104,106,107,110,115,119,122,124,125,127,132,
  137,138,139,141,142,144,145,146,153,154,156,158,159,161,163,165,168,170,171,
  175,180,181,182,183,184,188,189,191,192,197,198,200,206,207,212,214,219,224,
  227,235,240,241,242,245,248,249,252,253,258,261,262,265,271,274,275,279,281,
  284,285,287,289,293,294,295,297,299],
 [5,7,8,10,11,14,15,18,24,28,29,30,31,32,46,64,65,71,73,75,82,84,85,87,88,98,
  108,113,118,120,121,128,131,133,147,151,155,162,167,169,176,177,195,196,199,
  202,204,209,211,213,216,217,220,223,229,232,234,237,239,243,251,257,259,276,
  277,291,292,298],
 [13,16,17,20,27,33,34,37,39,41,44,47,49,51,52,53,55,56,57,58,62,68,72,79,80,
  89,91,105,109,111,112,114,126,129,130,134,143,150,152,157,166,178,179,185,
  187,190,193,194,205,208,226,231,244,250,254,260,263,264,266,273,280,282,283,
  286,288,290,296,300]].
[[1,2,9,35,36,38,45,54,67,69,77,78,92,93,95,116,117,123,135,136,140,148,149,
  160,164,172,173,174,186,201,203,210,215,218,221,222,225,228,230,233,236,238,
  246,247,255,256,267,268,269,270,272,278],
 [13,16,17,20,27,33,34,37,39,41,44,47,49,51,52,53,55,56,57,58,62,68,72,79,80,
  89,91,105,109,111,112,114,126,129,130,134,143,150,152,157,166,178,179,185,
  187,190,193,194,205,208,226,231,244,250,254,260,263,264,266,273,280,282,283,
  286,288,290,296,300],
 [5,7,8,10,11,14,15,18,24,28,29,30,31,32,46,64,65,71,73,75,82,84,85,87,88,98,
  108,113,118,120,121,128,131,133,147,151,155,162,167,169,176,177,195,196,199,
  202,204,209,211,213,216,217,220,223,229,232,234,237,239,243,251,257,259,276,
  277,291,292,298]].
[[5,7,8,10,11,14,15,18,24,28,29,30,31,32,46,64,65,71,73,75,82,84,85,87,88,98,
  108,113,118,120,121,128,131,133,147,151,155,162,167,169,176,177,195,196,199,
  202,204,209,211,213,216,217,220,223,229,232,234,237,239,243,251,257,259,276,
  277,291,292,298],
 [3,4,6,12,19,21,22,23,25,26,40,42,43,48,50,59,60,61,63,66,70,74,76,81,83,86,
  90,94,96,97,99,100,101,102,103,104,106,107,110,115,119,122,124,125,127,132,
  137,138,139,141,142,144,145,146,153,154,156,158,159,161,163,165,168,170,171,
  175,180,181,182,183,184,188,189,191,192,197,198,200,206,207,212,214,219,224,
  227,235,240,241,242,245,248,249,252,253,258,261,262,265,271,274,275,279,281,
  284,285,287,289,293,294,295,297,299],
 [1,2,9,35,36,38,45,54,67,69,77,78,92,93,95,116,117,123,135,136,140,148,149,
  160,164,172,173,174,186,201,203,210,215,218,221,222,225,228,230,233,236,238,
  246,247,255,256,267,268,269,270,272,278]].
[[5,7,8,10,11,14,15,18,24,28,29,30,31,32,46,64,65,71,73,75,82,84,85,87,88,98,
  108,113,118,120,121,128,131,133,147,151,155,162,167,169,176,177,195,196,199,
  202,204,209,211,213,216,217,220,223,229,232,234,237,239,243,251,257,259,276,
  277,291,292,298],
 [3,4,6,12,19,21,22,23,25,26,40,42,43,48,50,59,60,61,63,66,70,74,76,81,83,86,
  90,94,96,97,99,100,101,102,103,104,106,107,110,115,119,122,124,125,127,132,
  137,138,139,141,142,144,145,146,153,154,156,158,159,161,163,165,168,170,171,
  175,180,181,182,183,184,188,189,191,192,197,198,200,206,207,212,214,219,224,
  227,235,240,241,242,245,248,249,252,253,258,261,262,265,271,274,275,279,281,
  284,285,287,289,293,294,295,297,299],
 [1,2,9,35,36,38,45,54,67,69,77,78,92,93,95,116,117,123,135,136,140,148,149,
  160,164,172,173,174,186,201,203,210,215,218,221,222,225,228,230,233,236,238,
  246,247,255,256,267,268,269,270,272,278]].
[[13,16,17,20,27,33,34,37,39,41,44,47,49,51,52,53,55,56,57,58,62,68,72,79,80,
  89,91,105,109,111,112,114,126,129,130,134,143,150,152,157,166,178,179,185,
  187,190,193,194,205,208,226,231,244,250,254,260,263,264,266,273,280,282,283,
  286,288,290,296,300],
 [1,2,9,35,36,38,45,54,67,69,77,78,92,93,95,116,117,123,135,136,140,148,149,
  160,164,172,173,174,186,201,203,210,215,218,221,222,225,228,230,233,236,238,
  246,247,255,256,267,268,269,270,272,278],
 [3,4,6,12,19,21,22,23,25,26,40,42,43,48,50,59,60,61,63,66,70,74,76,81,83,86,
  90,94,96,97,99,100,101,102,103,104,106,107,110,115,119,122,124,125,127,132,
  137,138,139,141,142,144,145,146,153,154,156,158,159,161,163,165,168,170,171,
  175,180,181,182,183,184,188,189,191,192,197,198,200,206,207,212,214,219,224,
  227,235,240,241,242,245,248,249,252,253,258,261,262,265,271,274,275,279,281,
  284,285,287,289,293,294,295,297,299]].
[[1,2,9,35,36,38,45,54,67,69,77,78,92,93,95,116,117,123,135,136,140,148,149,
  160,164,172,173,174,186,201,203,210,215,218,221,222,225,228,230,233,236,238,
  246,247,255,256,267,268,269,270,272,278],
 [13,16,17,20,27,33,34,37,39,41,44,47,49,51,52,53,55,56,57,58,62,68,72,79,80,
  89,91,105,109,111,112,114,126,129,130,134,143,150,152,157,166,178,179,185,
  187,190,193,194,205,208,226,231,244,250,254,260,263,264,266,273,280,282,283,
  286,288,290,296,300],
 [5,7,8,10,11,14,15,18,24,28,29,30,31,32,46,64,65,71,73,75,82,84,85,87,88,98,
  108,113,118,120,121,128,131,133,147,151,155,162,167,169,176,177,195,196,199,
  202,204,209,211,213,216,217,220,223,229,232,234,237,239,243,251,257,259,276,
  277,291,292,298]].
[[3,4,6,12,19,21,22,23,25,26,40,42,43,48,50,59,60,61,63,66,70,74,76,81,83,86,
  90,94,96,97,99,100,101,102,103,104,106,107,110,115,119,122,124,125,127,132,
  137,138,139,141,142,144,145,146,153,154,156,158,159,161,163,165,168,170,171,
  175,180,181,182,183,184,188,189,191,192,197,198,200,206,207,212,214,219,224,
  227,235,240,241,242,245,248,249,252,253,258,261,262,265,271,274,275,279,281,
  284,285,287,289,293,294,295,297,299],
 [5,7,8,10,11,14,15,18,24,28,29,30,31,32,46,64,65,71,73,75,82,84,85,87,88,98,
  108,113,118,120,121,128,131,133,147,151,155,162,167,169,176,177,195,196,199,
  202,204,209,211,213,216,217,220,223,229,232,234,237,239,243,251,257,259,276,
  277,291,292,298],
 [13,16,17,20,27,33,34,37,39,41,44,47,49,51,52,53,55,56,57,58,62,68,72,79,80,
  89,91,105,109,111,112,114,126,129,130,134,143,150,152,157,166,178,179,185,
  187,190,193,194,205,208,226,231,244,250,254,260,263,264,266,273,280,282,283,
  286,288,290,296,300]].
[[5,7,8,10,11,14,15,18,24,28,29,30,31,32,46,64,65,71,73,75,82,84,85,87,88,98,
  108,113,118,120,121,128,131,133,147,151,155,162,167,169,176,177,195,196,199,
  202,204,209,211,213,216,217,220,223,229,232,234,237,239,243,251,257,259,276,
  277,291,292,298],
 [3,4,6,12,19,21,22,23,25,26,40,42,43,48,50,59,60,61,63,66,70,74,76,81,83,86,
  90,94,96,97,99,100,101,102,103,104,106,107,110,115,119,122,124,125,127,132,
  137,138,139,141,142,144,145,146,153,154,156,158,159,161,163,165,168,170,171,
  175,180,181,182,183,184,188,189,191,192,197,198,200,206,207,212,214,219,224,
  227,235,240,241,242,245,248,249,252,253,258,261,262,265,271,274,275,279,281,
  284,285,287,289,293,294,295,297,299],
 [1,2,9,35,36,38,45,54,67,69,77,78,92,93,95,116,117,123,135,136,140,148,149,
  160,164,172,173,174,186,201,203,210,215,218,221,222,225,228,230,233,236,238,
  246,247,255,256,267,268,269,270,272,278]].
[[3,4,6,12,19,21,22,23,25,26,40,42,43,48,50,59,60,61,63,66,70,74,76,81,83,86,
  90,94,96,97,99,100,101,102,103,104,106,107,110,115,119,122,124,125,127,132,
  137,138,139,141,142,144,145,146,153,154,156,158,159,161,163,165,168,170,171,
  175,180,181,182,183,184,188,189,191,192,197,198,200,206,207,212,214,219,224,
  227,235,240,241,242,245,248,249,252,253,258,261,262,265,271,274,275,279,281,
  284,285,287,289,293,294,295,297,299],
 [5,7,8,10,11,14,15,18,24,28,29,30,31,32,46,64,65,71,73,75,82,84,85,87,88,98,
  108,113,118,120,121,128,131,133,147,151,155,162,167,169,176,177,195,196,199,
  202,204,209,211,213,216,217,220,223,229,232,234,237,239,243,251,257,259,276,
  277,291,292,298],
 [13,16,17,20,27,33,34,37,39,41,44,47,49,51,52,53,55,56,57,58,62,68,72,79,80,
  89,91,105,109,111,112,114,126,129,130,134,143,150,152,157,166,178,179,185,
  187,190,193,194,205,208,226,231,244,250,254,260,263,264,266,273,280,282,283,
  286,288,290,296,300]].
[[1,2,9,35,36,38,45,54,67,69,77,78,92,93,95,116,117,123,135,136,140,148,149,
  160,164,172,173,174,186,201,203,210,215,218,221,222,225,228,230,233,236,238,
  246,247,255,256,267,268,269,270,272,278],
 [13,16,17,20,27,33,34,37,39,41,44,47,49,51,52,53,55,56,57,58,62,68,72,79,80,
  89,91,105,109,111,112,114,126,129,130,134,143,150,152,157,166,178,179,185,
  187,190,193,194,205,208,226,231,244,250,254,260,263,264,266,273,280,282,283,
  286,288,290,296,300],
 [5,7,8,10,11,14,15,18,24,28,29,30,31,32,46,64,65,71,73,75,82,84,85,87,88,98,
  108,113,118,120,121,128,131,133,147,151,155,162,167,169,176,177,195,196,199,
  202,204,209,211,213,216,217,220,223,229,232,234,237,239,243,251,257,259,276,
  277,291,292,298]].
[[3,4,6,12,19,21,22,23,25,26,40,42,43,48,50,59,60,61,63,66,70,74,76,81,83,86,
  90,94,96,97,99,100,101,102,103,104,106,107,110,115,119,122,124,125,127,132,
  137,138,139,141,142,144,145,146,153,154,156,158,159,161,163,165,168,170,171,
  175,180,181,182,183,184,188,189,191,192,197,198,200,206,207,212,214,219,224,
  227,235,240,241,242,245,248,249,252,253,258,261,262,265,271,274,275,279,281,
  284,285,287,289,293,294,295,297,299],
 [5,7,8,10,11,14,15,18,24,28,29,30,31,32,46,64,65,71,73,75,82,84,85,87,88,98,
  108,113,118,120,121,128,131,133,147,151,155,162,167,169,176,177,195,196,199,
  202,204,209,211,213,216,217,220,223,229,232,234,237,239,243,251,257,259,276,
  277,291,292,298],
 [13,16,17,20,27,33,34,37,39,41,44,47,49,51,52,53,55,56,57,58,62,68,72,79,80,
  89,91,105,109,111,112,114,126,129,130,134,143,150,152,157,166,178,179,185,
  187,190,193,194,205,208,226,231,244,250,254,260,263,264,266,273,280,282,283,
  286,288,290,296,300]].
[[13,16,17,20,27,33,34,37,39,41,44,47,49,51,52,53,55,56,57,58,62,68,72,79,80,
  89,91,105,109,111,112,114,126,129,130,134,143,150,152,157,166,178,179,185,
  187,190,193,194,205,208,226,231,244,250,254,260,263,264,266,273,280,282,283,
  286,288,290,296,300],
 [1,2,9,35,36,38,45,54,67,69,77,78,92,93,95,116,117,123,135,136,140,148,149,
  160,164,172,173,174,186,201,203,210,215,218,221,222,225,228,230,233,236,238,
  246,247,255,256,267,268,269,270,272,278],
 [3,4,6,12,19,21,22,23,25,26,40,42,43,48,50,59,60,61,63,66,70,74,76,81,83,86,
  90,94,96,97,99,100,101,102,103,104,106,107,110,115,119,122,124,125,127,132,
  137,138,139,141,142,144,145,146,153,154,156,158,159,161,163,165,168,170,171,
  175,180,181,182,183,184,188,189,191,192,197,198,200,206,207,212,214,219,224,
  227,235,240,241,242,245,248,249,252,253,258,261,262,265,271,274,275,279,281,
  284,285,287,289,293,294,295,297,299]].
[[3,4,6,12,19,21,22,23,25,26,40,42,43,48,50,59,60,61,63,66,70,74,76,81,83,86,
  90,94,96,97,99,100,101,102,103,104,106,107,110,115,119,122,124,125,127,132,
  137,138,139,141,142,144,145,146,153,154,156,158,159,161,163,165,168,170,171,
  175,180,181,182,183,184,188,189,191,192,197,198,200,206,207,212,214,219,224,
  227,235,240,241,242,245,248,249,252,253,258,261,262,265,271,274,275,279,281,
  284,285,287,289,293,294,295,297,299],
 [5,7,8,10,11,14,15,18,24,28,29,30,31,32,46,64,65,71,73,75,82,84,85,87,88,98,
  108,113,118,120,121,128,131,133,147,151,155,162,167,169,176,177,195,196,199,
  202,204,209,211,213,216,217,220,223,229,232,234,237,239,243,251,257,259,276,
  277,291,292,298],
 [13,16,17,20,27,33,34,37,39,41,44,47,49,51,52,53,55,56,57,58,62,68,72,79,80,
  89,91,105,109,111,112,114,126,129,130,134,143,150,152,157,166,178,179,185,
  187,190,193,194,205,208,226,231,244,250,254,260,263,264,266,273,280,282,283,
  286,288,290,296,300]].
[[5,7,8,10,11,14,15,18,24,28,29,30,31,32,46,64,65,71,73,75,82,84,85,87,88,98,
  108,113,118,120,121,128,131,133,147,151,155,162,167,169,176,177,195,196,199,
  202,204,209,211,213,216,217,220,223,229,232,234,237,239,243,251,257,259,276,
  277,291,292,298],
