[[2,13,14,26,28,33,35,43,45,50,51,53,67,71,81,88,93,104,105,118,121,122,130,135,136,138,142,143,147,149,152,153,154,156,159,160,161,168,170,172,173,175,176,188,196,197,198,205,206,207,209,210,211,212,213,214,215,219,221,226,231,236,239,250,262,263,264,269,275,276,284,285,296,298],[1,7,8,10,11,15,16,17,19,21,22,23,25,29,31,32,34,36,38,39,40,42,46,48,52,55,57,60,61,68,69,70,72,73,78,79,82,83,85,90,97,98,99,100,101,103,107,109,112,113,116,125,127,131,137,139,140,144,145,151,157,164,166,177,178,181,184,189,190,191,195,200,201,202,208,218,223,225,227,232,234,238,241,242,243,244,245,246,247,249,252,253,255,259,261,265,266,274,278,280,282,288,289,291,295,299],[5,12,20,30,37,56,58,62,64,65,75,77,80,87,89,92,95,114,115,117,119,120,123,124,132,134,146,163,167,182,185,186,194,199,204,216,222,229,256,257,258,271,272,273,279,281]].
[[1,7,8,10,11,15,16,17,19,21,22,23,25,29,31,32,34,36,38,39,40,42,46,48,52,55,57,60,61,68,69,70,72,73,78,79,82,83,85,90,97,98,99,100,101,103,107,109,112,113,116,125,127,131,137,139,140,144,145,151,157,164,166,177,178,181,184,189,190,191,195,200,201,202,208,218,223,225,227,232,234,238,241,242,243,244,245,246,247,249,252,253,255,259,261,265,266,274,278,280,282,288,289,291,295,299],[2,13,14,26,28,33,35,43,45,50,51,53,67,71,81,88,93,104,105,118,121,122,130,135,136,138,142,143,147,149,152,153,154,156,159,160,161,168,170,172,173,175,176,188,196,197,198,205,206,207,209,210,211,212,213,214,215,219,221,226,231,236,239,250,262,263,264,269,275,276,284,285,296,298],[3,4,6,9,18,24,27,41,44,47,49,54,59,63,66,74,76,84,86,91,94,96,102,106,108,110,111,126,128,129,133,141,148,150,155,158,162,165,169,171,174,179,180,183,187,192,193,203,217,220,224,228,230,233,235,237,240,248,251,254,260,267,268,270,277,283,286,287,290,292,293,294,297,300]].
[[1,7,8,10,11,15,16,17,19,21,22,23,25,29,31,32,34,36,38,39,40,42,46,48,52,55,57,60,61,68,69,70,72,73,78,79,82,83,85,90,97,98,99,100,101,103,107,109,112,113,116,125,127,131,137,139,140,144,145,151,157,164,166,177,178,181,184,189,190,191,195,200,201,202,208,218,223,225,227,232,234,238,241,242,243,244,245,246,247,249,252,253,255,259,261,265,266,274,278,280,282,288,289,291,295,299],[2,13,14,26,28,33,35,43,45,50,51,53,67,71,81,88,93,104,105,118,121,122,130,135,136,138,142,143,147,149,152,153,154,156,159,160,161,168,170,172,173,175,176,188,196,197,198,205,206,207,209,210,211,212,213,214,215,219,221,226,231,236,239,250,262,263,264,269,275,276,284,285,296,298],[3,4,6,9,18,24,27,41,44,47,49,54,59,63,66,74,76,84,86,91,94,96,102,106,108,110,111,126,128,129,133,141,148,150,155,158,162,165,169,171,174,179,180,183,187,192,193,203,217,220,224,228,230,233,235,237,240,248,251,254,260,267,268,270,277,283,286,287,290,292,293,294,297,300]].
[[1,7,8,10,11,15,16,17,19,21,22,23,25,29,31,32,34,36,38,39,40,42,46,48,52,55,57,60,61,68,69,70,72,73,78,79,82,83,85,90,97,98,99,100,101,103,107,109,112,113,116,125,127,131,137,139,140,144,145,151,157,164,166,177,178,181,184,189,190,191,195,200,201,202,208,218,223,225,227,232,234,238,241,242,243,244,245,246,247,249,252,253,255,259,261,265,266,274,278,280,282,288,289,291,295,299],[2,13,14,26,28,33,35,43,45,50,51,53,67,71,81,88,93,104,105,118,121,122,130,135,136,138,142,143,147,149,152,153,154,156,159,160,161,168,170,172,173,175,176,188,196,197,198,205,206,207,209,210,211,212,213,214,215,219,221,226,231,236,239,250,262,263,264,269,275,276,284,285,296,298],[3,4,6,9,18,24,27,41,44,47,49,54,59,63,66,74,76,84,86,91,94,96,102,106,108,110,111,126,128,129,133,141,148,150,155,158,162,165,169,171,174,179,180,183,187,192,193,203,217,220,224,228,230,233,235,237,240,248,251,254,260,267,268,270,277,283,286,287,290,292,293,294,297,300]].
[[5,12,20,30,37,56,58,62,64,65,75,77,80,87,89,92,95,114,115,117,119,120,123,124,132,134,146,163,167,182,185,186,194,199,204,216,222,229,256,257,258,271,272,273,279,281],[3,4,6,9,18,24,27,41,44,47,49,54,59,63,66,74,76,84,86,91,94,96,102,106,108,110,111,126,128,129,133,141,148,150,155,158,162,165,169,171,174,179,180,183,187,192,193,203,217,220,224,228,230,233,235,237,240,248,251,254,260,267,268,270,277,283,286,287,290,292,293,294,297,300],[2,13,14,26,28,33,35,43,45,50,51,53,67,71,81,88,93,104,105,118,121,122,130,135,136,138,142,143,147,149,152,153,154,156,159,160,161,168,170,172,173,175,176,188,196,197,198,205,206,207,209,210,211,212,213,214,215,219,221,226,231,236,239,250,262,263,264,269,275,276,284,285,296,298]].
[[1,7,8,10,11,15,16,17,19,21,22,23,25,29,31,32,34,36,38,39,40,42,46,48,52,55,57,60,61,68,69,70,72,73,78,79,82,83,85,90,97,98,99,100,101,103,107,109,112,113,116,125,127,131,137,139,140,144,145,151,157,164,166,177,178,181,184,189,190,191,195,200,201,202,208,218,223,225,227,232,234,238,241,242,243,244,245,246,247,249,252,253,255,259,261,265,266,274,278,280,282,288,289,291,295,299],[2,13,14,26,28,33,35,43,45,50,51,53,67,71,81,88,93,104,105,118,121,122,130,135,136,138,142,143,147,149,152,153,154,156,159,160,161,168,170,172,173,175,176,188,196,197,198,205,206,207,209,210,211,212,213,214,215,219,221,226,231,236,239,250,262,263,264,269,275,276,284,285,296,298],[3,4,6,9,18,24,27,41,44,47,49,54,59,63,66,74,76,84,86,91,94,96,102,106,108,110,111,126,128,129,133,141,148,150,155,158,162,165,169,171,174,179,180,183,187,192,193,203,217,220,224,228,230,233,235,237,240,248,251,254,260,267,268,270,277,283,286,287,290,292,293,294,297,300]].
[[2,13,14,26,28,33,35,43,45,50,51,53,67,71,81,88,93,104,105,118,121,122,130,135,136,138,142,143,147,149,152,153,154,156,159,160,161,168,170,172,173,175,176,188,196,197,198,205,206,207,209,210,211,212,213,214,215,219,221,226,231,236,239,250,262,263,264,269,275,276,284,285,296,298],[1,7,8,10,11,15,16,17,19,21,22,23,25,29,31,32,34,36,38,39,40,42,46,48,52,55,57,60,61,68,69,70,72,73,78,79,82,83,85,90,97,98,99,100,101,103,107,109,112,113,116,125,127,131,137,139,140,144,145,151,157,164,166,177,178,181,184,189,190,191,195,200,201,202,208,218,223,225,227,232,234,238,241,242,243,244,245,246,247,249,252,253,255,259,261,265,266,274,278,280,282,288,289,291,295,299],[5,12,20,30,37,56,58,62,64,65,75,77,80,87,89,92,95,114,115,117,119,120,123,124,132,134,146,163,167,182,185,186,194,199,204,216,222,229,256,257,258,271,272,273,279,281]].
[[2,13,14,26,28,33,35,43,45,50,51,53,67,71,81,88,93,104,105,118,121,122,130,135,136,138,142,143,147,149,152,153,154,156,159,160,161,168,170,172,173,175,176,188,196,197,198,205,206,207,209,210,211,212,213,214,215,219,221,226,231,236,239,250,262,263,264,269,275,276,284,285,296,298],[1,7,8,10,11,15,16,17,19,21,22,23,25,29,31,32,34,36,38,39,40,42,46,48,52,55,57,60,61,68,69,70,72,73,78,79,82,83,85,90,97,98,99,100,101,103,107,109,112,113,116,125,127,131,137,139,140,144,145,151,157,164,166,177,178,181,184,189,190,191,195,200,201,202,208,218,223,225,227,232,234,238,241,242,243,244,245,246,247,249,252,253,255,259,261,265,266,274,278,280,282,288,289,291,295,299],[5,12,20,30,37,56,58,62,64,65,75,77,80,87,89,92,95,114,115,117,119,120,123,124,132,134,146,163,167,182,185,186,194,199,204,216,222,229,256,257,258,271,272,273,279,281]].
[[2,13,14,26,28,33,35,43,45,50,51,53,67,71,81,88,93,104,105,118,121,122,130,135,136,138,142,143,147,149,152,153,154,156,159,160,161,168,170,172,173,175,176,188,196,197,198,205,206,207,209,210,211,212,213,214,215,219,221,226,231,236,239,250,262,263,264,269,275,276,284,285,296,298],[1,7,8,10,11,15,16,17,19,21,22,23,25,29,31,32,34,36,38,39,40,42,46,48,52,55,57,60,61,68,69,70,72,73,78,79,82,83,85,90,97,98,99,100,101,103,107,109,112,113,116,125,127,131,137,139,140,144,145,151,157,164,166,177,178,181,184,189,190,191,195,200,201,202,208,218,223,225,227,232,234,238,241,242,243,244,245,246,247,249,252,253,255,259,261,265,266,274,278,280,282,288,289,291,295,299],[5,12,20,30,37,56,58,62,64,65,75,77,80,87,89,92,95,114,115,117,119,120,123,124,132,134,146,163,167,182,185,186,194,199,204,216,222,229,256,257,258,271,272,273,279,281]].
[[5,12,20,30,37,56,58,62,64,65,75,77,80,87,89,92,95,114,115,117,119,120,123,124,132,134,146,163,167,182,185,186,194,199,204,216,222,229,256,257,258,271,272,273,279,281],[3,4,6,9,18,24,27,41,44,47,49,54,59,63,66,74,76,84,86,91,94,96,102,106,108,110,111,126,128,129,133,141,148,150,155,158,162,165,169,171,174,179,180,183,187,192,193,203,217,220,224,228,230,233,235,237,240,248,251,254,260,267,268,270,277,283,286,287,290,292,293,294,297,300],[2,13,14,26,28,33,35,43,45,50,51,53,67,71,81,88,93,104,105,118,121,122,130,135,136,138,142,143,147,149,152,153,154,156,159,160,161,168,170,172,173,175,176,188,196,197,198,205,206,207,209,210,211,212,213,214,215,219,221,226,231,236,239,250,262,263,264,269,275,276,284,285,296,298]].
[[5,12,20,30,37,56,58,62,64,65,75,77,80,87,89,92,95,114,115,117,119,120,123,124,132,134,146,163,167,182,185,186,194,199,204,216,222,229,256,257,258,271,272,273,279,281],[3,4,6,9,18,24,27,41,44,47,49,54,59,63,66,74,76,84,86,91,94,96,102,106,108,110,111,126,128,129,133,141,148,150,155,158,162,165,169,171,174,179,180,183,187,192,193,203,217,220,224,228,230,233,235,237,240,248,251,254,260,267,268,270,277,283,286,287,290,292,293,294,297,300],[2,13,14,26,28,33,35,43,45,50,51,53,67,71,81,88,93,104,105,118,121,122,130,135,136,138,142,143,147,149,152,153,154,156,159,160,161,168,170,172,173,175,176,188,196,197,198,205,206,207,209,210,211,212,213,214,215,219,221,226,231,236,239,250,262,263,264,269,275,276,284,285,296,298]].
[[5,12,20,30,37,56,58,62,64,65,75,77,80,87,89,92,95,114,115,117,119,120,123,124,132,134,146,163,167,182,185,186,194,199,204,216,222,229,256,257,258,271,272,273,279,281],[3,4,6,9,18,24,27,41,44,47,49,54,59,63,66,74,76,84,86,91,94,96,102,106,108,110,111,126,128,129,133,141,148,150,155,158,162,165,169,171,174,179,180,183,187,192,193,203,217,220,224,228,230,233,235,237,240,248,251,254,260,267,268,270,277,283,286,287,290,292,293,294,297,300],[2,13,14,26,28,33,35,43,45,50,51,53,67,71,81,88,93,104,105,118,121,122,130,135,136,138,142,143,147,149,152,153,154,156,159,160,161,168,170,172,173,175,176,188,196,197,198,205,206,207,209,210,211,212,213,214,215,219,221,226,231,236,239,250,262,263,264,269,275,276,284,285,296,298]].
[[5,12,20,30,37,56,58,62,64,65,75,77,80,87,89,92,95,114,115,117,119,120,123,124,132,134,146,163,167,182,185,186,194,199,204,216,222,229,256,257,258,271,272,273,279,281],[3,4,6,9,18,24,27,41,44,47,49,54,59,63,66,74,76,84,86,91,94,96,102,106,108,110,111,126,128,129,133,141,148,150,155,158,162,165,169,171,174,179,180,183,187,192,193,203,217,220,224,228,230,233,235,237,240,248,251,254,260,267,268,270,277,283,286,287,290,292,293,294,297,300],[2,13,14,26,28,33,35,43,45,50,51,53,67,71,81,88,93,104,105,118,121,122,130,135,136,138,142,143,147,149,152,153,154,156,159,160,161,168,170,172,173,175,176,188,196,197,198,205,206,207,209,210,211,212,213,214,215,219,221,226,231,236,239,250,262,263,264,269,275,276,284,285,296,298]].
[[5,12,20,30,37,56,58,62,64,65,75,77,80,87,89,92,95,114,115,117,119,120,123,124,132,134,146,163,167,182,185,186,194,199,204,216,222,229,256,257,258,271,272,273,279,281],[3,4,6,9,18,24,27,41,44,47,49,54,59,63,66,74,76,84,86,91,94,96,102,106,108,110,111,126,128,129,133,141,148,150,155,158,162,165,169,171,174,179,180,183,187,192,193,203,217,220,224,228,230,233,235,237,240,248,251,254,260,267,268,270,277,283,286,287,290,292,293,294,297,300],[2,13,14,26,28,33,35,43,45,50,51,53,67,71,81,88,93,104,105,118,121,122,130,135,136,138,142,143,147,149,152,153,154,156,159,160,161,168,170,172,173,175,176,188,196,197,198,205,206,207,209,210,211,212,213,214,215,219,221,226,231,236,239,250,262,263,264,269,275,276,284,285,296,298]].
[[1,7,8,10,11,15,16,17,19,21,22,23,25,29,31,32,34,36,38,39,40,42,46,48,52,55,57,60,61,68,69,70,72,73,78,79,82,83,85,90,97,98,99,100,101,103,107,109,112,113,116,125,127,131,137,139,140,144,145,151,157,164,166,177,178,181,184,189,190,191,195,200,201,202,208,218,223,225,227,232,234,238,241,242,243,244,245,246,247,249,252,253,255,259,261,265,266,274,278,280,282,288,289,291,295,299],[2,13,14,26,28,33,35,43,45,50,51,53,67,71,81,88,93,104,105,118,121,122,130,135,136,138,142,143,147,149,152,153,154,156,159,160,161,168,170,172,173,175,176,188,196,197,198,205,206,207,209,210,211,212,213,214,215,219,221,226,231,236,239,250,262,263,264,269,275,276,284,285,296,298],[3,4,6,9,18,24,27,41,44,47,49,54,59,63,66,74,76,84,86,91,94,96,102,106,108,110,111,126,128,129,133,141,148,150,155,158,162,165,169,171,174,179,180,183,187,192,193,203,217,220,224,228,230,233,235,237,240,248,251,254,260,267,268,270,277,283,286,287,290,292,293,294,297,300]].
[[5,12,20,30,37,56,58,62,64,65,75,77,80,87,89,92,95,114,115,117,119,120,123,124,132,134,146,163,167,182,185,186,194,199,204,216,222,229,256,257,258,271,272,273,279,281],[3,4,6,9,18,24,27,41,44,47,49,54,59,63,66,74,76,84,86,91,94,96,102,106,108,110,111,126,128,129,133,141,148,150,155,158,162,165,169,171,174,179,180,183,187,192,193,203,217,220,224,228,230,233,235,237,240,248,251,254,260,267,268,270,277,283,286,287,290,292,293,294,297,300],[2,13,14,26,28,33,35,43,45,50,51,53,67,71,81,88,93,104,105,118,121,122,130,135,136,138,142,143,147,149,152,153,154,156,159,160,161,168,170,172,173,175,176,188,196,197,198,205,206,207,209,210,211,212,213,214,215,219,221,226,231,236,239,250,262,263,264,269,275,276,284,285,296,298]].
[[5,12,20,30,37,56,58,62,64,65,75,77,80,87,89,92,95,114,115,117,119,120,123,124,132,134,146,163,167,182,185,186,194,199,204,216,222,229,256,257,258,271,272,273,279,281],[3,4,6,9,18,24,27,41,44,47,49,54,59,63,66,74,76,84,86,91,94,96,102,106,108,110,111,126,128,129,133,141,148,150,155,158,162,165,169,171,174,179,180,183,187,192,193,203,217,220,224,228,230,233,235,237,240,248,251,254,260,267,268,270,277,283,286,287,290,292,293,294,297,300],[2,13,14,26,28,33,35,43,45,50,51,53,67,71,81,88,93,104,105,118,121,122,130,135,136,138,142,143,147,149,152,153,154,156,159,160,161,168,170,172,173,175,176,188,196,197,198,205,206,207,209,210,211,212,213,214,215,219,221,226,231,236,239,250,262,263,264,269,275,276,284,285,296,298]].
[[2,13,14,26,28,33,35,43,45,50,51,53,67,71,81,88,93,104,105,118,121,122,130,135,136,138,142,143,147,149,152,153,154,156,159,160,161,168,170,172,173,175,176,188,196,197,198,205,206,207,209,210,211,212,213,214,215,219,221,226,231,236,239,250,262,263,264,269,275,276,284,285,296,298],[1,7,8,10,11,15,16,17,19,21,22,23,25,29,31,32,34,36,38,39,40,42,46,48,52,55,57,60,61,68,69,70,72,73,78,79,82,83,85,90,97,98,99,100,101,103,107,109,112,113,116,125,127,131,137,139,140,144,145,151,157,164,166,177,178,181,184,189,190,191,195,200,201,202,208,218,223,225,227,232,234,238,241,242,243,244,245,246,247,249,252,253,255,259,261,265,266,274,278,280,282,288,289,291,295,299],[5,12,20,30,37,56,58,62,64,65,75,77,80,87,89,92,95,114,115,117,119,120,123,124,132,134,146,163,167,182,185,186,194,199,204,216,222,229,256,257,258,271,272,273,279,281]].
[[2,13,14,26,28,33,35,43,45,50,51,53,67,71,81,88,93,104,105,118,121,122,130,135,136,138,142,143,147,149,152,153,154,156,159,160,161,168,170,172,173,175,176,188,196,197,198,205,206,207,209,210,211,212,213,214,215,219,221,226,231,236,239,250,262,263,264,269,275,276,284,285,296,298],[1,7,8,10,11,15,16,17,19,21,22,23,25,29,31,32,34,36,38,39,40,42,46,48,52,55,57,60,61,68,69,70,72,73,78,79,82,83,85,90,97,98,99,100,101,103,107,109,112,113,116,125,127,131,137,139,140,144,145,151,157,164,166,177,178,181,184,189,190,191,195,200,201,202,208,218,223,225,227,232,234,238,241,242,243,244,245,246,247,249,252,253,255,259,261,265,266,274,278,280,282,288,289,291,295,299],[5,12,20,30,37,56,58,62,64,65,75,77,80,87,89,92,95,114,115,117,119,120,123,124,132,134,146,163,167,182,185,186,194,199,204,216,222,229,256,257,258,271,272,273,279,281]].
[[3,4,6,9,18,24,27,41,44,47,49,54,59,63,66,74,76,84,86,91,94,96,102,106,108,110,111,126,128,129,133,141,148,150,155,158,162,165,169,171,174,179,180,183,187,192,193,203,217,220,224,228,230,233,235,237,240,248,251,254,260,267,268,270,277,283,286,287,290,292,293,294,297,300],[5,12,20,30,37,56,58,62,64,65,75,77,80,87,89,92,95,114,115,117,119,120,123,124,132,134,146,163,167,182,185,186,194,199,204,216,222,229,256,257,258,271,272,273,279,281],[1,7,8,10,11,15,16,17,19,21,22,23,25,29,31,32,34,36,38,39,40,42,46,48,52,55,57,60,61,68,69,70,72,73,78,79,82,83,85,90,97,98,99,100,101,103,107,109,112,113,116,125,127,131,137,139,140,144,145,151,157,164,166,177,178,181,184,189,190,191,195,200,201,202,208,218,223,225,227,232,234,238,241,242,243,244,245,246,247,249,252,253,255,259,261,265,266,274,278,280,282,288,289,291,295,299]].
[[2,13,14,26,28,33,35,43,45,50,51,53,67,71,81,88,93,104,105,118,121,122,130,135,136,138,142,143,147,149,152,153,154,156,159,160,161,168,170,172,173,175,176,188,196,197,198,205,206,207,209,210,211,212,213,214,215,219,221,226,231,236,239,250,262,263,264,269,275,276,284,285,296,298],[1,7,8,10,11,15,16,17,19,21,22,23,25,29,31,32,34,36,38,39,40,42,46,48,52,55,57,60,61,68,69,70,72,73,78,79,82,83,85,90,97,98,99,100,101,103,107,109,112,113,116,125,127,131,137,139,140,144,145,151,157,164,166,177,178,181,184,189,190,191,195,200,201,202,208,218,223,225,227,232,234,238,241,242,243,244,245,246,247,249,252,253,255,259,261,265,266,274,278,280,282,288,289,291,295,299],[5,12,20,30,37,56,58,62,64,65,75,77,80,87,89,92,95,114,115,117,119,120,123,124,132,134,146,163,167,182,185,186,194,199,204,216,222,229,256,257,258,271,272,273,279,281]].
[[5,12,20,30,37,56,58,62,64,65,75,77,80,87,89,92,95,114,115,117,119,120,123,124,132,134,146,163,167,182,185,186,194,199,204,216,222,229,256,257,258,271,272,273,279,281],[3,4,6,9,18,24,27,41,44,47,49,54,59,63,66,74,76,84,86,91,94,96,102,106,108,110,111,126,128,129,133,141,148,150,155,158,162,165,169,171,174,179,180,183,187,192,193,203,217,220,224,228,230,233,235,237,240,248,251,254,260,267,268,270,277,283,286,287,290,292,293,294,297,300],[2,13,14,26,28,33,35,43,45,50,51,53,67,71,81,88,93,104,105,118,121,122,130,135,136,138,142,143,147,149,152,153,154,156,159,160,161,168,170,172,173,175,176,188,196,197,198,205,206,207,209,210,211,212,213,214,215,219,221,226,231,236,239,250,262,263,264,269,275,276,284,285,296,298]].
[[2,13,14,26,28,33,35,43,45,50,51,53,67,71,81,88,93,104,105,118,121,122,130,135,136,138,142,143,147,149,152,153,154,156,159,160,161,168,170,172,173,175,176,188,196,197,198,205,206,207,209,210,211,212,213,214,215,219,221,226,231,236,239,250,262,263,264,269,275,276,284,285,296,298],[1,7,8,10,11,15,16,17,19,21,22,23,25,29,31,32,34,36,38,39,40,42,46,48,52,55,57,60,61,68,69,70,72,73,78,79,82,83,85,90,97,98,99,100,101,103,107,109,112,113,116,125,127,131,137,139,140,144,145,151,157,164,166,177,178,181,184,189,190,191,195,200,201,202,208,218,223,225,227,232,234,238,241,242,243,244,245,246,247,249,252,253,255,259,261,265,266,274,278,280,282,288,289,291,295,299],[5,12,20,30,37,56,58,62,64,65,75,77,80,87,89,92,95,114,115,117,119,120,123,124,132,134,146,163,167,182,185,186,194,199,204,216,222,229,256,257,258,271,272,273,279,281]].
[[3,4,6,9,18,24,27,41,44,47,49,54,59,63,66,74,76,84,86,91,94,96,102,106,108,110,111,126,128,129,133,141,148,150,155,158,162,165,169,171,174,179,180,183,187,192,193,203,217,220,224,228,230,233,235,237,240,248,251,254,260,267,268,270,277,283,286,287,290,292,293,294,297,300],[5,12,20,30,37,56,58,62,64,65,75,77,80,87,89,92,95,114,115,117,119,120,123,124,132,134,146,163,167,182,185,186,194,199,204,216,222,229,256,257,258,271,272,273,279,281],[1,7,8,10,11,15,16,17,19,21,22,23,25,29,31,32,34,36,38,39,40,42,46,48,52,55,57,60,61,68,69,70,72,73,78,79,82,83,85,90,97,98,99,100,101,103,107,109,112,113,116,125,127,131,137,139,140,144,145,151,157,164,166,177,178,181,184,189,190,191,195,200,201,202,208,218,223,225,227,232,234,238,241,242,243,244,245,246,247,249,252,253,255,259,261,265,266,274,278,280,282,288,289,291,295,299]].
[[2,13,14,26,28,33,35,43,45,50,51,53,67,71,81,88,93,104,105,118,121,122,130,135,136,138,142,143,147,149,152,153,154,156,159,160,161,168,170,172,173,175,176,188,196,197,198,205,206,207,209,210,211,212,213,214,215,219,221,226,231,236,239,250,262,263,264,269,275,276,284,285,296,298],[1,7,8,10,11,15,16,17,19,21,22,23,25,29,31,32,34,36,38,39,40,42,46,48,52,55,57,60,61,68,69,70,72,73,78,79,82,83,85,90,97,98,99,100,101,103,107,109,112,113,116,125,127,131,137,139,140,144,145,151,157,164,166,177,178,181,184,189,190,191,195,200,201,202,208,218,223,225,227,232,234,238,241,242,243,244,245,246,247,249,252,253,255,259,261,265,266,274,278,280,282,288,289,291,295,299],[5,12,20,30,37,56,58,62,64,65,75,77,80,87,89,92,95,114,115,117,119,120,123,124,132,134,146,163,167,182,185,186,194,199,204,216,222,229,256,257,258,271,272,273,279,281]].
[[1,7,8,10,11,15,16,17,19,21,22,23,25,29,31,32,34,36,38,39,40,42,46,48,52,55,57,60,61,68,69,70,72,73,78,79,82,83,85,90,97,98,99,100,101,103,107,109,112,113,116,125,127,131,137,139,140,144,145,151,157,164,166,177,178,181,184,189,190,191,195,200,201,202,208,218,223,225,227,232,234,238,241,242,243,244,245,246,247,249,252,253,255,259,261,265,266,274,278,280,282,288,289,291,295,299],[2,13,14,26,28,33,35,43,45,50,51,53,67,71,81,88,93,104,105,118,121,122,130,135,136,138,142,143,147,149,152,153,154,156,159,160,161,168,170,172,173,175,176,188,196,197,198,205,206,207,209,210,211,212,213,214,215,219,221,226,231,236,239,250,262,263,264,269,275,276,284,285,296,298],[3,4,6,9,18,24,27,41,44,47,49,54,59,63,66,74,76,84,86,91,94,96,102,106,108,110,111,126,128,129,133,141,148,150,155,158,162,165,169,171,174,179,180,183,187,192,193,203,217,220,224,228,230,233,235,237,240,248,251,254,260,267,268,270,277,283,286,287,290,292,293,294,297,300]].
[[3,4,6,9,18,24,27,41,44,47,49,54,59,63,66,74,76,84,86,91,94,96,102,106,108,110,111,126,128,129,133,141,148,150,155,158,162,165,169,171,174,179,180,183,187,192,193,203,217,220,224,228,230,233,235,237,240,248,251,254,260,267,268,270,277,283,286,287,290,292,293,294,297,300],[5,12,20,30,37,56,58,62,64,65,75,77,80,87,89,92,95,114,115,117,119,120,123,124,132,134,146,163,167,182,185,186,194,199,204,216,222,229,256,257,258,271,272,273,279,281],[1,7,8,10,11,15,16,17,19,21,22,23,25,29,31,32,34,36,38,39,40,42,46,48,52,55,57,60,61,68,69,70,72,73,78,79,82,83,85,90,97,98,99,100,101,103,107,109,112,113,116,125,127,131,137,139,140,144,145,151,157,164,166,177,178,181,184,189,190,191,195,200,201,202,208,218,223,225,227,232,234,238,241,242,243,244,245,246,247,249,252,253,255,259,261,265,266,274,278,280,282,288,289,291,295,299]].
[[5,12,20,30,37,56,58,62,64,65,75,77,80,87,89,92,95,114,115,117,119,120,123,124,132,134,146,163,167,182,185,186,194,199,204,216,222,229,256,257,258,271,272,273,279,281],[3,4,6,9,18,24,27,41,44,47,49,54,59,63,66,74,76,84,86,91,94,96,102,106,108,110,111,126,128,129,133,141,148,150,155,158,162,165,169,171,174,179,180,183,187,192,193,203,217,220,224,228,230,233,235,237,240,248,251,254,260,267,268,270,277,283,286,287,290,292,293,294,297,300],[2,13,14,26,28,33,35,43,45,50,51,53,67,71,81,88,93,104,105,118,121,122,130,135,136,138,142,143,147,149,152,153,154,156,159,160,161,168,170,172,173,175,176,188,196,197,198,205,206,207,209,210,211,212,213,214,215,219,221,226,231,236,239,250,262,263,264,269,275,276,284,285,296,298]].
[[5,12,20,30,37,56,58,62,64,65,75,77,80,87,89,92,95,114,115,117,119,120,123,124,132,134,146,163,167,182,185,186,194,199,204,216,222,229,256,257,258,271,272,273,279,281],[3,4,6,9,18,24,27,41,44,47,49,54,59,63,66,74,76,84,86,91,94,96,102,106,108,110,111,126,128,129,133,141,148,150,155,158,162,165,169,171,174,179,180,183,187,192,193,203,217,220,224,228,230,233,235,237,240,248,251,254,260,267,268,270,277,283,286,287,290,292,293,294,297,300],[2,13,14,26,28,33,35,43,45,50,51,53,67,71,81,88,93,104,105,118,121,122,130,135,136,138,142,143,147,149,152,153,154,156,159,160,161,168,170,172,173,175,176,188,196,197,198,205,206,207,209,210,211,212,213,214,215,219,221,226,231,236,239,250,262,263,264,269,275,276,284,285,296,298]].
[[1,7,8,10,11,15,16,17,19,21,22,23,25,29,31,32,34,36,38,39,40,42,46,48,52,55,57,60,61,68,69,70,72,73,78,79,82,83,85,90,97,98,99,100,101,103,107,109,112,113,116,125,127,131,137,139,140,144,145,151,157,164,166,177,178,181,184,189,190,191,195,200,201,202,208,218,223,225,227,232,234,238,241,242,243,244,245,246,247,249,252,253,255,259,261,265,266,274,278,280,282,288,289,291,295,299],[2,13,14,26,28,33,35,43,45,50,51,53,67,71,81,88,93,104,105,118,121,122,130,135,136,138,142,143,147,149,152,153,154,156,159,160,161,168,170,172,173,175,176,188,196,197,198,205,206,207,209,210,211,212,213,214,215,219,221,226,231,236,239,250,262,263,264,269,275,276,284,285,296,298],[3,4,6,9,18,24,27,41,44,47,49,54,59,63,66,74,76,84,86,91,94,96,102,106,108,110,111,126,128,129,133,141,148,150,155,158,162,165,169,171,174,179,180,183,187,192,193,203,217,220,224,228,230,233,235,237,240,248,251,254,260,267,268,270,277,283,286,287,290,292,293,294,297,300]].
[[1,7,8,10,11,15,16,17,19,21,22,23,25,29,31,32,34,36,38,39,40,42,46,48,52,55,57,60,61,68,69,70,72,73,78,79,82,83,85,90,97,98,99,100,101,103,107,109,112,113,116,125,127,131,137,139,140,144,145,151,157,164,166,177,178,181,184,189,190,191,195,200,201,202,208,218,223,225,227,232,234,238,241,242,243,244,245,246,247,249,252,253,255,259,261,265,266,274,278,280,282,288,289,291,295,299],[2,13,14,26,28,33,35,43,45,50,51,53,67,71,81,88,93,104,105,118,121,122,130,135,136,138,142,143,147,149,152,153,154,156,159,160,161,168,170,172,173,175,176,188,196,197,198,205,206,207,209,210,211,212,213,214,215,219,221,226,231,236,239,250,262,263,264,269,275,276,284,285,296,298],[3,4,6,9,18,24,27,41,44,47,49,54,59,63,66,74,76,84,86,91,94,96,102,106,108,110,111,126,128,129,133,141,148,150,155,158,162,165,169,171,174,179,180,183,187,192,193,203,217,220,224,228,230,233,235,237,240,248,251,254,260,267,268,270,277,283,286,287,290,292,293,294,297,300]].
[[3,4,6,9,18,24,27,41,44,47,49,54,59,63,66,74,76,84,86,91,94,96,102,106,108,110,111,126,128,129,133,141,148,150,155,158,162,165,169,171,174,179,180,183,187,192,193,203,217,220,224,228,230,233,235,237,240,248,251,254,260,267,268,270,277,283,286,287,290,292,293,294,297,300],[5,12,20,30,37,56,58,62,64,65,75,77,80,87,89,92,95,114,115,117,119,120,123,124,132,134,146,163,167,182,185,186,194,199,204,216,222,229,256,257,258,271,272,273,279,281],[1,7,8,10,11,15,16,17,19,21,22,23,25,29,31,32,34,36,38,39,40,42,46,48,52,55,57,60,61,68,69,70,72,73,78,79,82,83,85,90,97,98,99,100,101,103,107,109,112,113,116,125,127,131,137,139,140,144,145,151,157,164,166,177,178,181,184,189,190,191,195,200,201,202,208,218,223,225,227,232,234,238,241,242,243,244,245,246,247,249,252,253,255,259,261,265,266,274,278,280,282,288,289,291,295,299]].
[[2,13,14,26,28,33,35,43,45,50,51,53,67,71,81,88,93,104,105,118,121,122,130,135,136,138,142,143,147,149,152,153,154,156,159,160,161,168,170,172,173,175,176,188,196,197,198,205,206,207,209,210,211,212,213,214,215,219,221,226,231,236,239,250,262,263,264,269,275,276,284,285,296,298],[1,7,8,10,11,15,16,17,19,21,22,23,25,29,31,32,34,36,38,39,40,42,46,48,52,55,57,60,61,68,69,70,72,73,78,79,82,83,85,90,97,98,99,100,101,103,107,109,112,113,116,125,127,131,137,139,140,144,145,151,157,164,166,177,178,181,184,189,190,191,195,200,201,202,208,218,223,225,227,232,234,238,241,242,243,244,245,246,247,249,252,253,255,259,261,265,266,274,278,280,282,288,289,291,295,299],[5,12,20,30,37,56,58,62,64,65,75,77,80,87,89,92,95,114,115,117,119,120,123,124,132,134,146,163,167,182,185,186,194,199,204,216,222,229,256,257,258,271,272,273,279,281]].
[[3,4,6,9,18,24,27,41,44,47,49,54,59,63,66,74,76,84,86,91,94,96,102,106,108,110,111,126,128,129,133,141,148,150,155,158,162,165,169,171,174,179,180,183,187,192,193,203,217,220,224,228,230,233,235,237,240,248,251,254,260,267,268,270,277,283,286,287,290,292,293,294,297,300],[5,12,20,30,37,56,58,62,64,65,75,77,80,87,89,92,95,114,115,117,119,120,123,124,132,134,146,163,167,182,185,186,194,199,204,216,222,229,256,257,258,271,272,273,279,281],[1,7,8,10,11,15,16,17,19,21,22,23,25,29,31,32,34,36,38,39,40,42,46,48,52,55,57,60,61,68,69,70,72,73,78,79,82,83,85,90,97,98,99,100,101,103,107,109,112,113,116,125,127,131,137,139,140,144,145,151,157,164,166,177,178,181,184,189,190,191,195,200,201,202,208,218,223,225,227,232,234,238,241,242,243,244,245,246,247,249,252,253,255,259,261,265,266,274,278,280,282,288,289,291,295,299]].
[[1,7,8,10,11,15,16,17,19,21,22,23,25,29,31,32,34,36,38,39,40,42,46,48,52,55,57,60,61,68,69,70,72,73,78,79,82,83,85,90,97,98,99,100,101,103,107,109,112,113,116,125,127,131,137,139,140,144,145,151,157,164,166,177,178,181,184,189,190,191,195,200,201,202,208,218,223,225,227,232,234,238,241,242,243,244,245,246,247,249,252,253,255,259,261,265,266,274,278,280,282,288,289,291,295,299],[2,13,14,26,28,33,35,43,45,50,51,53,67,71,81,88,93,104,105,118,121,122,130,135,136,138,142,143,147,149,152,153,154,156,159,160,161,168,170,172,173,175,176,188,196,197,198,205,206,207,209,210,211,212,213,214,215,219,221,226,231,236,239,250,262,263,264,269,275,276,284,285,296,298],[3,4,6,9,18,24,27,41,44,47,49,54,59,63,66,74,76,84,86,91,94,96,102,106,108,110,111,126,128,129,133,141,148,150,155,158,162,165,169,171,174,179,180,183,187,192,193,203,217,220,224,228,230,233,235,237,240,248,251,254,260,267,268,270,277,283,286,287,290,292,293,294,297,300]].
[[2,13,14,26,28,33,35,43,45,50,51,53,67,71,81,88,93,104,105,118,121,122,130,135,136,138,142,143,147,149,152,153,154,156,159,160,161,168,170,172,173,175,176,188,196,197,198,205,206,207,209,210,211,212,213,214,215,219,221,226,231,236,239,250,262,263,264,269,275,276,284,285,296,298],[1,7,8,10,11,15,16,17,19,21,22,23,25,29,31,32,34,36,38,39,40,42,46,48,52,55,57,60,61,68,69,70,72,73,78,79,82,83,85,90,97,98,99,100,101,103,107,109,112,113,116,125,127,131,137,139,140,144,145,151,157,164,166,177,178,181,184,189,190,191,195,200,201,202,208,218,223,225,227,232,234,238,241,242,243,244,245,246,247,249,252,253,255,259,261,265,266,274,278,280,282,288,289,291,295,299],[5,12,20,30,37,56,58,62,64,65,75,77,80,87,89,92,95,114,115,117,119,120,123,124,132,134,146,163,167,182,185,186,194,199,204,216,222,229,256,257,258,271,272,273,279,281]].
[[1,7,8,10,11,15,16,17,19,21,22,23,25,29,31,32,34,36,38,39,40,42,46,48,52,55,57,60,61,68,69,70,72,73,78,79,82,83,85,90,97,98,99,100,101,103,107,109,112,113,116,125,127,131,137,139,140,144,145,151,157,164,166,177,178,181,184,189,190,191,195,200,201,202,208,218,223,225,227,232,234,238,241,242,243,244,245,246,247,249,252,253,255,259,261,265,266,274,278,280,282,288,289,291,295,299],[2,13,14,26,28,33,35,43,45,50,51,53,67,71,81,88,93,104,105,118,121,122,130,135,136,138,142,143,147,149,152,153,154,156,159,160,161,168,170,172,173,175,176,188,196,197,198,205,206,207,209,210,211,212,213,214,215,219,221,226,231,236,239,250,262,263,264,269,275,276,284,285,296,298],[3,4,6,9,18,24,27,41,44,47,49,54,59,63,66,74,76,84,86,91,94,96,102,106,108,110,111,126,128,129,133,141,148,150,155,158,162,165,169,171,174,179,180,183,187,192,193,203,217,220,224,228,230,233,235,237,240,248,251,254,260,267,268,270,277,283,286,287,290,292,293,294,297,300]].
[[1,7,8,10,11,15,16,17,19,21,22,23,25,29,31,32,34,36,38,39,40,42,46,48,52,55,57,60,61,68,69,70,72,73,78,79,82,83,85,90,97,98,99,100,101,103,107,109,112,113,116,125,127,131,137,139,140,144,145,151,157,164,166,177,178,181,184,189,190,191,195,200,201,202,208,218,223,225,227,232,234,238,241,242,243,244,245,246,247,249,252,253,255,259,261,265,266,274,278,280,282,288,289,291,295,299],[2,13,14,26,28,33,35,43,45,50,51,53,67,71,81,88,93,104,105,118,121,122,130,135,136,138,142,143,147,149,152,153,154,156,159,160,161,168,170,172,173,175,176,188,196,197,198,205,206,207,209,210,211,212,213,214,215,219,221,226,231,236,239,250,262,263,264,269,275,276,284,285,296,298],[3,4,6,9,18,24,27,41,44,47,49,54,59,63,66,74,76,84,86,91,94,96,102,106,108,110,111,126,128,129,133,141,148,150,155,158,162,165,169,171,174,179,180,183,187,192,193,203,217,220,224,228,230,233,235,237,240,248,251,254,260,267,268,270,277,283,286,287,290,292,293,294,297,300]].
[[5,12,20,30,37,56,58,62,64,65,75,77,80,87,89,92,95,114,115,117,119,120,123,124,132,134,146,163,167,182,185,186,194,199,204,216,222,229,256,257,258,271,272,273,279,281],[3,4,6,9,18,24,27,41,44,47,49,54,59,63,66,74,76,84,86,91,94,96,102,106,108,110,111,126,128,129,133,141,148,150,155,158,162,165,169,171,174,179,180,183,187,192,193,203,217,220,224,228,230,233,235,237,240,248,251,254,260,267,268,270,277,283,286,287,290,292,293,294,297,300],[2,13,14,26,28,33,35,43,45,50,51,53,67,71,81,88,93,104,105,118,121,122,130,135,136,138,142,143,147,149,152,153,154,156,159,160,161,168,170,172,173,175,176,188,196,197,198,205,206,207,209,210,211,212,213,214,215,219,221,226,231,236,239,250,262,263,264,269,275,276,284,285,296,298]].
[[1,7,8,10,11,15,16,17,19,21,22,23,25,29,31,32,34,36,38,39,40,42,46,48,52,55,57,60,61,68,69,70,72,73,78,79,82,83,85,90,97,98,99,100,101,103,107,109,112,113,116,125,127,131,137,139,140,144,145,151,157,164,166,177,178,181,184,189,190,191,195,200,201,202,208,218,223,225,227,232,234,238,241,242,243,244,245,246,247,249,252,253,255,259,261,265,266,274,278,280,282,288,289,291,295,299],[2,13,14,26,28,33,35,43,45,50,51,53,67,71,81,88,93,104,105,118,121,122,130,135,136,138,142,143,147,149,152,153,154,156,159,160,161,168,170,172,173,175,176,188,196,197,198,205,206,207,209,210,211,212,213,214,215,219,221,226,231,236,239,250,262,263,264,269,275,276,284,285,296,298],[3,4,6,9,18,24,27,41,44,47,49,54,59,63,66,74,76,84,86,91,94,96,102,106,108,110,111,126,128,129,133,141,148,150,155,158,162,165,169,171,174,179,180,183,187,192,193,203,217,220,224,228,230,233,235,237,240,248,251,254,260,267,268,270,277,283,286,287,290,292,293,294,297,300]].
[[2,13,14,26,28,33,35,43,45,50,51,53,67,71,81,88,93,104,105,118,121,122,130,135,136,138,142,143,147,149,152,153,154,156,159,160,161,168,170,172,173,175,176,188,196,197,198,205,206,207,209,210,211,212,213,214,215,219,221,226,231,236,239,250,262,263,264,269,275,276,284,285,296,298],[1,7,8,10,11,15,16,17,19,21,22,23,25,29,31,32,34,36,38,39,40,42,46,48,52,55,57,60,61,68,69,70,72,73,78,79,82,83,85,90,97,98,99,100,101,103,107,109,112,113,116,125,127,131,137,139,140,144,145,151,157,164,166,177,178,181,184,189,190,191,195,200,201,202,208,218,223,225,227,232,234,238,241,242,243,244,245,246,247,249,252,253,255,259,261,265,266,274,278,280,282,288,289,291,295,299],[5,12,20,30,37,56,58,62,64,65,75,77,80,87,89,92,95,114,115,117,119,120,123,124,132,134,146,163,167,182,185,186,194,199,204,216,222,229,256,257,258,271,272,273,279,281]].
[[3,4,6,9,18,24,27,41,44,47,49,54,59,63,66,74,76,84,86,91,94,96,102,106,108,110,111,126,128,129,133,141,148,150,155,158,162,165,169,171,174,179,180,183,187,192,193,203,217,220,224,228,230,233,235,237,240,248,251,254,260,267,268,270,277,283,286,287,290,292,293,294,297,300],[5,12,20,30,37,56,58,62,64,65,75,77,80,87,89,92,95,114,115,117,119,120,123,124,132,134,146,163,167,182,185,186,194,199,204,216,222,229,256,257,258,271,272,273,279,281],[1,7,8,10,11,15,16,17,19,21,22,23,25,29,31,32,34,36,38,39,40,42,46,48,52,55,57,60,61,68,69,70,72,73,78,79,82,83,85,90,97,98,99,100,101,103,107,109,112,113,116,125,127,131,137,139,140,144,145,151,157,164,166,177,178,181,184,189,190,191,195,200,201,202,208,218,223,225,227,232,234,238,241,242,243,244,245,246,247,249,252,253,255,259,261,265,266,274,278,280,282,288,289,291,295,299]].
[[1,7,8,10,11,15,16,17,19,21,22,23,25,29,31,32,34,36,38,39,40,42,46,48,52,55,57,60,61,68,69,70,72,73,78,79,82,83,85,90,97,98,99,100,101,103,107,109,112,113,116,125,127,131,137,139,140,144,145,151,157,164,166,177,178,181,184,189,190,191,195,200,201,202,208,218,223,225,227,232,234,238,241,242,243,244,245,246,247,249,252,253,255,259,261,265,266,274,278,280,282,288,289,291,295,299],[2,13,14,26,28,33,35,43,45,50,51,53,67,71,81,88,93,104,105,118,121,122,130,135,136,138,142,143,147,149,152,153,154,156,159,160,161,168,170,172,173,175,176,188,196,197,198,205,206,207,209,210,211,212,213,214,215,219,221,226,231,236,239,250,262,263,264,269,275,276,284,285,296,298],[3,4,6,9,18,24,27,41,44,47,49,54,59,63,66,74,76,84,86,91,94,96,102,106,108,110,111,126,128,129,133,141,148,150,155,158,162,165,169,171,174,179,180,183,187,192,193,203,217,220,224,228,230,233,235,237,240,248,251,254,260,267,268,270,277,283,286,287,290,292,293,294,297,300]].
[[1,7,8,10,11,15,16,17,19,21,22,23,25,29,31,32,34,36,38,39,40,42,46,48,52,55,57,60,61,68,69,70,72,73,78,79,82,83,85,90,97,98,99,100,101,103,107,109,112,113,116,125,127,131,137,139,140,144,145,151,157,164,166,177,178,181,184,189,190,191,195,200,201,202,208,218,223,225,227,232,234,238,241,242,243,244,245,246,247,249,252,253,255,259,261,265,266,274,278,280,282,288,289,291,295,299],[2,13,14,26,28,33,35,43,45,50,51,53,67,71,81,88,93,104,105,118,121,122,130,135,136,138,142,143,147,149,152,153,154,156,159,160,161,168,170,172,173,175,176,188,196,197,198,205,206,207,209,210,211,212,213,214,215,219,221,226,231,236,239,250,262,263,264,269,275,276,284,285,296,298],[3,4,6,9,18,24,27,41,44,47,49,54,59,63,66,74,76,84,86,91,94,96,102,106,108,110,111,126,128,129,133,141,148,150,155,158,162,165,169,171,174,179,180,183,187,192,193,203,217,220,224,228,230,233,235,237,240,248,251,254,260,267,268,270,277,283,286,287,290,292,293,294,297,300]].
[[1,7,8,10,11,15,16,17,19,21,22,23,25,29,31,32,34,36,38,39,40,42,46,48,52,55,57,60,61,68,69,70,72,73,78,79,82,83,85,90,97,98,99,100,101,103,107,109,112,113,116,125,127,131,137,139,140,144,145,151,157,164,166,177,178,181,184,189,190,191,195,200,201,202,208,218,223,225,227,232,234,238,241,242,243,244,245,246,247,249,252,253,255,259,261,265,266,274,278,280,282,288,289,291,295,299],[2,13,14,26,28,33,35,43,45,50,51,53,67,71,81,88,93,104,105,118,121,122,130,135,136,138,142,143,147,149,152,153,154,156,159,160,161,168,170,172,173,175,176,188,196,197,198,205,206,207,209,210,211,212,213,214,215,219,221,226,231,236,239,250,262,263,264,269,275,276,284,285,296,298],[3,4,6,9,18,24,27,41,44,47,49,54,59,63,66,74,76,84,86,91,94,96,102,106,108,110,111,126,128,129,133,141,148,150,155,158,162,165,169,171,174,179,180,183,187,192,193,203,217,220,224,228,230,233,235,237,240,248,251,254,260,267,268,270,277,283,286,287,290,292,293,294,297,300]].
[[3,4,6,9,18,24,27,41,44,47,49,54,59,63,66,74,76,84,86,91,94,96,102,106,108,110,111,126,128,129,133,141,148,150,155,158,162,165,169,171,174,179,180,183,187,192,193,203,217,220,224,228,230,233,235,237,240,248,251,254,260,267,268,270,277,283,286,287,290,292,293,294,297,300],[5,12,20,30,37,56,58,62,64,65,75,77,80,87,89,92,95,114,115,117,119,120,123,124,132,134,146,163,167,182,185,186,194,199,204,216,222,229,256,257,258,271,272,273,279,281],[1,7,8,10,11,15,16,17,19,21,22,23,25,29,31,32,34,36,38,39,40,42,46,48,52,55,57,60,61,68,69,70,72,73,78,79,82,83,85,90,97,98,99,100,101,103,107,109,112,113,116,125,127,131,137,139,140,144,145,151,157,164,166,177,178,181,184,189,190,191,195,200,201,202,208,218,223,225,227,232,234,238,241,242,243,244,245,246,247,249,252,253,255,259,261,265,266,274,278,280,282,288,289,291,295,299]].
[[3,4,6,9,18,24,27,41,44,47,49,54,59,63,66,74,76,84,86,91,94,96,102,106,108,110,111,126,128,129,133,141,148,150,155,158,162,165,169,171,174,179,180,183,187,192,193,203,217,220,224,228,230,233,235,237,240,248,251,254,260,267,268,270,277,283,286,287,290,292,293,294,297,300],[5,12,20,30,37,56,58,62,64,65,75,77,80,87,89,92,95,114,115,117,119,120,123,124,132,134,146,163,167,182,185,186,194,199,204,216,222,229,256,257,258,271,272,273,279,281],[1,7,8,10,11,15,16,17,19,21,22,23,25,29,31,32,34,36,38,39,40,42,46,48,52,55,57,60,61,68,69,70,72,73,78,79,82,83,85,90,97,98,99,100,101,103,107,109,112,113,116,125,127,131,137,139,140,144,145,151,157,164,166,177,178,181,184,189,190,191,195,200,201,202,208,218,223,225,227,232,234,238,241,242,243,244,245,246,247,249,252,253,255,259,261,265,266,274,278,280,282,288,289,291,295,299]].
[[5,12,20,30,37,56,58,62,64,65,75,77,80,87,89,92,95,114,115,117,119,120,123,124,132,134,146,163,167,182,185,186,194,199,204,216,222,229,256,257,258,271,272,273,279,281],[3,4,6,9,18,24,27,41,44,47,49,54,59,63,66,74,76,84,86,91,94,96,102,106,108,110,111,126,128,129,133,141,148,150,155,158,162,165,169,171,174,179,180,183,187,192,193,203,217,220,224,228,230,233,235,237,240,248,251,254,260,267,268,270,277,283,286,287,290,292,293,294,297,300],[2,13,14,26,28,33,35,43,45,50,51,53,67,71,81,88,93,104,105,118,121,122,130,135,136,138,142,143,147,149,152,153,154,156,159,160,161,168,170,172,173,175,176,188,196,197,198,205,206,207,209,210,211,212,213,214,215,219,221,226,231,236,239,250,262,263,264,269,275,276,284,285,296,298]].
