[[10,12,14,15,17,20,21,22,23,24,27,28,29,30,31,32,34,37,38,39,51,52,53,55,56,58,59,61,64,68,71,76,90,91,92,94,95,99,102,103,108,109,110,113,118,123,125,127,129,133,135,142,144,145,146,148,151,152,156,160,162,164,166,168,169,173,177,179,183,190,197,200,203,209,211,214,221,223,224,227,228,229,233,234,237,238,242,246,248,251,253,257,259,261,262,265,266,267,268,273,274,275,276,277,279,282,290,292,294,295,296],[1,2,3,5,9,11,25,41,50,57,60,77,79,81,84,88,89,101,105,106,112,115,116,120,124,136,137,138,141,153,154,159,171,176,180,182,184,186,192,196,198,202,205,208,213,219,222,225,226,230,232,235,236,239,243,244,247,252,254,255,256,263,270,283,284,288,293,297,300],[4,6,7,16,19,36,40,44,45,48,49,62,66,67,72,73,74,80,83,86,87,98,114,117,119,126,128,130,132,139,143,147,149,150,155,157,161,163,167,170,172,174,175,178,187,188,189,191,193,194,199,204,207,212,215,231,240,245,249,250,260,269,271,272,278,280,285,289,298]].
[[1,2,3,5,9,11,25,41,50,57,60,77,79,81,84,88,89,101,105,106,112,115,116,120,124,136,137,138,141,153,154,159,171,176,180,182,184,186,192,196,198,202,205,208,213,219,222,225,226,230,232,235,236,239,243,244,247,252,254,255,256,263,270,283,284,288,293,297,300],[10,12,14,15,17,20,21,22,23,24,27,28,29,30,31,32,34,37,38,39,51,52,53,55,56,58,59,61,64,68,71,76,90,91,92,94,95,99,102,103,108,109,110,113,118,123,125,127,129,133,135,142,144,145,146,148,151,152,156,160,162,164,166,168,169,173,177,179,183,190,197,200,203,209,211,214,221,223,224,227,228,229,233,234,237,238,242,246,248,251,253,257,259,261,262,265,266,267,268,273,274,275,276,277,279,282,290,292,294,295,296],[8,13,18,26,33,35,42,43,46,47,54,63,65,69,70,75,78,82,85,93,96,97,100,104,107,111,121,122,131,134,140,158,165,181,185,195,201,206,210,216,217,218,220,241,258,264,281,286,287,291,299]].
[[1,2,3,5,9,11,25,41,50,57,60,77,79,81,84,88,89,101,105,106,112,115,116,120,124,136,137,138,141,153,154,159,171,176,180,182,184,186,192,196,198,202,205,208,213,219,222,225,226,230,232,235,236,239,243,244,247,252,254,255,256,263,270,283,284,288,293,297,300],[10,12,14,15,17,20,21,22,23,24,27,28,29,30,31,32,34,37,38,39,51,52,53,55,56,58,59,61,64,68,71,76,90,91,92,94,95,99,102,103,108,109,110,113,118,123,125,127,129,133,135,142,144,145,146,148,151,152,156,160,162,164,166,168,169,173,177,179,183,190,197,200,203,209,211,214,221,223,224,227,228,229,233,234,237,238,242,246,248,251,253,257,259,261,262,265,266,267,268,273,274,275,276,277,279,282,290,292,294,295,296],[8,13,18,26,33,35,42,43,46,47,54,63,65,69,70,75,78,82,85,93,96,97,100,104,107,111,121,122,131,134,140,158,165,181,185,195,201,206,210,216,217,218,220,241,258,264,281,286,287,291,299]].
[[8,13,18,26,33,35,42,43,46,47,54,63,65,69,70,75,78,82,85,93,96,97,100,104,107,111,121,122,131,134,140,158,165,181,185,195,201,206,210,216,217,218,220,241,258,264,281,286,287,291,299],[4,6,7,16,19,36,40,44,45,48,49,62,66,67,72,73,74,80,83,86,87,98,114,117,119,126,128,130,132,139,143,147,149,150,155,157,161,163,167,170,172,174,175,178,187,188,189,191,193,194,199,204,207,212,215,231,240,245,249,250,260,269,271,272,278,280,285,289,298],[1,2,3,5,9,11,25,41,50,57,60,77,79,81,84,88,89,101,105,106,112,115,116,120,124,136,137,138,141,153,154,159,171,176,180,182,184,186,192,196,198,202,205,208,213,219,222,225,226,230,232,235,236,239,243,244,247,252,254,255,256,263,270,283,284,288,293,297,300]].
[[8,13,18,26,33,35,42,43,46,47,54,63,65,69,70,75,78,82,85,93,96,97,100,104,107,111,121,122,131,134,140,158,165,181,185,195,201,206,210,216,217,218,220,241,258,264,281,286,287,291,299],[4,6,7,16,19,36,40,44,45,48,49,62,66,67,72,73,74,80,83,86,87,98,114,117,119,126,128,130,132,139,143,147,149,150,155,157,161,163,167,170,172,174,175,178,187,188,189,191,193,194,199,204,207,212,215,231,240,245,249,250,260,269,271,272,278,280,285,289,298],[1,2,3,5,9,11,25,41,50,57,60,77,79,81,84,88,89,101,105,106,112,115,116,120,124,136,137,138,141,153,154,159,171,176,180,182,184,186,192,196,198,202,205,208,213,219,222,225,226,230,232,235,236,239,243,244,247,252,254,255,256,263,270,283,284,288,293,297,300]].
[[1,2,3,5,9,11,25,41,50,57,60,77,79,81,84,88,89,101,105,106,112,115,116,120,124,136,137,138,141,153,154,159,171,176,180,182,184,186,192,196,198,202,205,208,213,219,222,225,226,230,232,235,236,239,243,244,247,252,254,255,256,263,270,283,284,288,293,297,300],[10,12,14,15,17,20,21,22,23,24,27,28,29,30,31,32,34,37,38,39,51,52,53,55,56,58,59,61,64,68,71,76,90,91,92,94,95,99,102,103,108,109,110,113,118,123,125,127,129,133,135,142,144,145,146,148,151,152,156,160,162,164,166,168,169,173,177,179,183,190,197,200,203,209,211,214,221,223,224,227,228,229,233,234,237,238,242,246,248,251,253,257,259,261,262,265,266,267,268,273,274,275,276,277,279,282,290,292,294,295,296],[8,13,18,26,33,35,42,43,46,47,54,63,65,69,70,75,78,82,85,93,96,97,100,104,107,111,121,122,131,134,140,158,165,181,185,195,201,206,210,216,217,218,220,241,258,264,281,286,287,291,299]].
[[10,12,14,15,17,20,21,22,23,24,27,28,29,30,31,32,34,37,38,39,51,52,53,55,56,58,59,61,64,68,71,76,90,91,92,94,95,99,102,103,108,109,110,113,118,123,125,127,129,133,135,142,144,145,146,148,151,152,156,160,162,164,166,168,169,173,177,179,183,190,197,200,203,209,211,214,221,223,224,227,228,229,233,234,237,238,242,246,248,251,253,257,259,261,262,265,266,267,268,273,274,275,276,277,279,282,290,292,294,295,296],[1,2,3,5,9,11,25,41,50,57,60,77,79,81,84,88,89,101,105,106,112,115,116,120,124,136,137,138,141,153,154,159,171,176,180,182,184,186,192,196,198,202,205,208,213,219,222,225,226,230,232,235,236,239,243,244,247,252,254,255,256,263,270,283,284,288,293,297,300],[4,6,7,16,19,36,40,44,45,48,49,62,66,67,72,73,74,80,83,86,87,98,114,117,119,126,128,130,132,139,143,147,149,150,155,157,161,163,167,170,172,174,175,178,187,188,189,191,193,194,199,204,207,212,215,231,240,245,249,250,260,269,271,272,278,280,285,289,298]].
[[4,6,7,16,19,36,40,44,45,48,49,62,66,67,72,73,74,80,83,86,87,98,114,117,119,126,128,130,132,139,143,147,149,150,155,157,161,163,167,170,172,174,175,178,187,188,189,191,193,194,199,204,207,212,215,231,240,245,249,250,260,269,271,272,278,280,285,289,298],[8,13,18,26,33,35,42,43,46,47,54,63,65,69,70,75,78,82,85,93,96,97,100,104,107,111,121,122,131,134,140,158,165,181,185,195,201,206,210,216,217,218,220,241,258,264,281,286,287,291,299],[10,12,14,15,17,20,21,22,23,24,27,28,29,30,31,32,34,37,38,39,51,52,53,55,56,58,59,61,64,68,71,76,90,91,92,94,95,99,102,103,108,109,110,113,118,123,125,127,129,133,135,142,144,145,146,148,151,152,156,160,162,164,166,168,169,173,177,179,183,190,197,200,203,209,211,214,221,223,224,227,228,229,233,234,237,238,242,246,248,251,253,257,259,261,262,265,266,267,268,273,274,275,276,277,279,282,290,292,294,295,296]].
[[4,6,7,16,19,36,40,44,45,48,49,62,66,67,72,73,74,80,83,86,87,98,114,117,119,126,128,130,132,139,143,147,149,150,155,157,161,163,167,170,172,174,175,178,187,188,189,191,193,194,199,204,207,212,215,231,240,245,249,250,260,269,271,272,278,280,285,289,298],[8,13,18,26,33,35,42,43,46,47,54,63,65,69,70,75,78,82,85,93,96,97,100,104,107,111,121,122,131,134,140,158,165,181,185,195,201,206,210,216,217,218,220,241,258,264,281,286,287,291,299],[10,12,14,15,17,20,21,22,23,24,27,28,29,30,31,32,34,37,38,39,51,52,53,55,56,58,59,61,64,68,71,76,90,91,92,94,95,99,102,103,108,109,110,113,118,123,125,127,129,133,135,142,144,145,146,148,151,152,156,160,162,164,166,168,169,173,177,179,183,190,197,200,203,209,211,214,221,223,224,227,228,229,233,234,237,238,242,246,248,251,253,257,259,261,262,265,266,267,268,273,274,275,276,277,279,282,290,292,294,295,296]].
[[10,12,14,15,17,20,21,22,23,24,27,28,29,30,31,32,34,37,38,39,51,52,53,55,56,58,59,61,64,68,71,76,90,91,92,94,95,99,102,103,108,109,110,113,118,123,125,127,129,133,135,142,144,145,146,148,151,152,156,160,162,164,166,168,169,173,177,179,183,190,197,200,203,209,211,214,221,223,224,227,228,229,233,234,237,238,242,246,248,251,253,257,259,261,262,265,266,267,268,273,274,275,276,277,279,282,290,292,294,295,296],[1,2,3,5,9,11,25,41,50,57,60,77,79,81,84,88,89,101,105,106,112,115,116,120,124,136,137,138,141,153,154,159,171,176,180,182,184,186,192,196,198,202,205,208,213,219,222,225,226,230,232,235,236,239,243,244,247,252,254,255,256,263,270,283,284,288,293,297,300],[4,6,7,16,19,36,40,44,45,48,49,62,66,67,72,73,74,80,83,86,87,98,114,117,119,126,128,130,132,139,143,147,149,150,155,157,161,163,167,170,172,174,175,178,187,188,189,191,193,194,199,204,207,212,215,231,240,245,249,250,260,269,271,272,278,280,285,289,298]].
[[10,12,14,15,17,20,21,22,23,24,27,28,29,30,31,32,34,37,38,39,51,52,53,55,56,58,59,61,64,68,71,76,90,91,92,94,95,99,102,103,108,109,110,113,118,123,125,127,129,133,135,142,144,145,146,148,151,152,156,160,162,164,166,168,169,173,177,179,183,190,197,200,203,209,211,214,221,223,224,227,228,229,233,234,237,238,242,246,248,251,253,257,259,261,262,265,266,267,268,273,274,275,276,277,279,282,290,292,294,295,296],[1,2,3,5,9,11,25,41,50,57,60,77,79,81,84,88,89,101,105,106,112,115,116,120,124,136,137,138,141,153,154,159,171,176,180,182,184,186,192,196,198,202,205,208,213,219,222,225,226,230,232,235,236,239,243,244,247,252,254,255,256,263,270,283,284,288,293,297,300],[4,6,7,16,19,36,40,44,45,48,49,62,66,67,72,73,74,80,83,86,87,98,114,117,119,126,128,130,132,139,143,147,149,150,155,157,161,163,167,170,172,174,175,178,187,188,189,191,193,194,199,204,207,212,215,231,240,245,249,250,260,269,271,272,278,280,285,289,298]].
[[4,6,7,16,19,36,40,44,45,48,49,62,66,67,72,73,74,80,83,86,87,98,114,117,119,126,128,130,132,139,143,147,149,150,155,157,161,163,167,170,172,174,175,178,187,188,189,191,193,194,199,204,207,212,215,231,240,245,249,250,260,269,271,272,278,280,285,289,298],[8,13,18,26,33,35,42,43,46,47,54,63,65,69,70,75,78,82,85,93,96,97,100,104,107,111,121,122,131,134,140,158,165,181,185,195,201,206,210,216,217,218,220,241,258,264,281,286,287,291,299],[10,12,14,15,17,20,21,22,23,24,27,28,29,30,31,32,34,37,38,39,51,52,53,55,56,58,59,61,64,68,71,76,90,91,92,94,95,99,102,103,108,109,110,113,118,123,125,127,129,133,135,142,144,145,146,148,151,152,156,160,162,164,166,168,169,173,177,179,183,190,197,200,203,209,211,214,221,223,224,227,228,229,233,234,237,238,242,246,248,251,253,257,259,261,262,265,266,267,268,273,274,275,276,277,279,282,290,292,294,295,296]].
[[8,13,18,26,33,35,42,43,46,47,54,63,65,69,70,75,78,82,85,93,96,97,100,104,107,111,121,122,131,134,140,158,165,181,185,195,201,206,210,216,217,218,220,241,258,264,281,286,287,291,299],[4,6,7,16,19,36,40,44,45,48,49,62,66,67,72,73,74,80,83,86,87,98,114,117,119,126,128,130,132,139,143,147,149,150,155,157,161,163,167,170,172,174,175,178,187,188,189,191,193,194,199,204,207,212,215,231,240,245,249,250,260,269,271,272,278,280,285,289,298],[1,2,3,5,9,11,25,41,50,57,60,77,79,81,84,88,89,101,105,106,112,115,116,120,124,136,137,138,141,153,154,159,171,176,180,182,184,186,192,196,198,202,205,208,213,219,222,225,226,230,232,235,236,239,243,244,247,252,254,255,256,263,270,283,284,288,293,297,300]].
[[1,2,3,5,9,11,25,41,50,57,60,77,79,81,84,88,89,101,105,106,112,115,116,120,124,136,137,138,141,153,154,159,171,176,180,182,184,186,192,196,198,202,205,208,213,219,222,225,226,230,232,235,236,239,243,244,247,252,254,255,256,263,270,283,284,288,293,297,300],[10,12,14,15,17,20,21,22,23,24,27,28,29,30,31,32,34,37,38,39,51,52,53,55,56,58,59,61,64,68,71,76,90,91,92,94,95,99,102,103,108,109,110,113,118,123,125,127,129,133,135,142,144,145,146,148,151,152,156,160,162,164,166,168,169,173,177,179,183,190,197,200,203,209,211,214,221,223,224,227,228,229,233,234,237,238,242,246,248,251,253,257,259,261,262,265,266,267,268,273,274,275,276,277,279,282,290,292,294,295,296],[8,13,18,26,33,35,42,43,46,47,54,63,65,69,70,75,78,82,85,93,96,97,100,104,107,111,121,122,131,134,140,158,165,181,185,195,201,206,210,216,217,218,220,241,258,264,281,286,287,291,299]].
[[1,2,3,5,9,11,25,41,50,57,60,77,79,81,84,88,89,101,105,106,112,115,116,120,124,136,137,138,141,153,154,159,171,176,180,182,184,186,192,196,198,202,205,208,213,219,222,225,226,230,232,235,236,239,243,244,247,252,254,255,256,263,270,283,284,288,293,297,300],[10,12,14,15,17,20,21,22,23,24,27,28,29,30,31,32,34,37,38,39,51,52,53,55,56,58,59,61,64,68,71,76,90,91,92,94,95,99,102,103,108,109,110,113,118,123,125,127,129,133,135,142,144,145,146,148,151,152,156,160,162,164,166,168,169,173,177,179,183,190,197,200,203,209,211,214,221,223,224,227,228,229,233,234,237,238,242,246,248,251,253,257,259,261,262,265,266,267,268,273,274,275,276,277,279,282,290,292,294,295,296],[8,13,18,26,33,35,42,43,46,47,54,63,65,69,70,75,78,82,85,93,96,97,100,104,107,111,121,122,131,134,140,158,165,181,185,195,201,206,210,216,217,218,220,241,258,264,281,286,287,291,299]].
[[8,13,18,26,33,35,42,43,46,47,54,63,65,69,70,75,78,82,85,93,96,97,100,104,107,111,121,122,131,134,140,158,165,181,185,195,201,206,210,216,217,218,220,241,258,264,281,286,287,291,299],[4,6,7,16,19,36,40,44,45,48,49,62,66,67,72,73,74,80,83,86,87,98,114,117,119,126,128,130,132,139,143,147,149,150,155,157,161,163,167,170,172,174,175,178,187,188,189,191,193,194,199,204,207,212,215,231,240,245,249,250,260,269,271,272,278,280,285,289,298],[1,2,3,5,9,11,25,41,50,57,60,77,79,81,84,88,89,101,105,106,112,115,116,120,124,136,137,138,141,153,154,159,171,176,180,182,184,186,192,196,198,202,205,208,213,219,222,225,226,230,232,235,236,239,243,244,247,252,254,255,256,263,270,283,284,288,293,297,300]].
[[8,13,18,26,33,35,42,43,46,47,54,63,65,69,70,75,78,82,85,93,96,97,100,104,107,111,121,122,131,134,140,158,165,181,185,195,201,206,210,216,217,218,220,241,258,264,281,286,287,291,299],[4,6,7,16,19,36,40,44,45,48,49,62,66,67,72,73,74,80,83,86,87,98,114,117,119,126,128,130,132,139,143,147,149,150,155,157,161,163,167,170,172,174,175,178,187,188,189,191,193,194,199,204,207,212,215,231,240,245,249,250,260,269,271,272,278,280,285,289,298],[1,2,3,5,9,11,25,41,50,57,60,77,79,81,84,88,89,101,105,106,112,115,116,120,124,136,137,138,141,153,154,159,171,176,180,182,184,186,192,196,198,202,205,208,213,219,222,225,226,230,232,235,236,239,243,244,247,252,254,255,256,263,270,283,284,288,293,297,300]].
[[4,6,7,16,19,36,40,44,45,48,49,62,66,67,72,73,74,80,83,86,87,98,114,117,119,126,128,130,132,139,143,147,149,150,155,157,161,163,167,170,172,174,175,178,187,188,189,191,193,194,199,204,207,212,215,231,240,245,249,250,260,269,271,272,278,280,285,289,298],[8,13,18,26,33,35,42,43,46,47,54,63,65,69,70,75,78,82,85,93,96,97,100,104,107,111,121,122,131,134,140,158,165,181,185,195,201,206,210,216,217,218,220,241,258,264,281,286,287,291,299],[10,12,14,15,17,20,21,22,23,24,27,28,29,30,31,32,34,37,38,39,51,52,53,55,56,58,59,61,64,68,71,76,90,91,92,94,95,99,102,103,108,109,110,113,118,123,125,127,129,133,135,142,144,145,146,148,151,152,156,160,162,164,166,168,169,173,177,179,183,190,197,200,203,209,211,214,221,223,224,227,228,229,233,234,237,238,242,246,248,251,253,257,259,261,262,265,266,267,268,273,274,275,276,277,279,282,290,292,294,295,296]].
[[1,2,3,5,9,11,25,41,50,57,60,77,79,81,84,88,89,101,105,106,112,115,116,120,124,136,137,138,141,153,154,159,171,176,180,182,184,186,192,196,198,202,205,208,213,219,222,225,226,230,232,235,236,239,243,244,247,252,254,255,256,263,270,283,284,288,293,297,300],[10,12,14,15,17,20,21,22,23,24,27,28,29,30,31,32,34,37,38,39,51,52,53,55,56,58,59,61,64,68,71,76,90,91,92,94,95,99,102,103,108,109,110,113,118,123,125,127,129,133,135,142,144,145,146,148,151,152,156,160,162,164,166,168,169,173,177,179,183,190,197,200,203,209,211,214,221,223,224,227,228,229,233,234,237,238,242,246,248,251,253,257,259,261,262,265,266,267,268,273,274,275,276,277,279,282,290,292,294,295,296],[8,13,18,26,33,35,42,43,46,47,54,63,65,69,70,75,78,82,85,93,96,97,100,104,107,111,121,122,131,134,140,158,165,181,185,195,201,206,210,216,217,218,220,241,258,264,281,286,287,291,299]].
[[8,13,18,26,33,35,42,43,46,47,54,63,65,69,70,75,78,82,85,93,96,97,100,104,107,111,121,122,131,134,140,158,165,181,185,195,201,206,210,216,217,218,220,241,258,264,281,286,287,291,299],[4,6,7,16,19,36,40,44,45,48,49,62,66,67,72,73,74,80,83,86,87,98,114,117,119,126,128,130,132,139,143,147,149,150,155,157,161,163,167,170,172,174,175,178,187,188,189,191,193,194,199,204,207,212,215,231,240,245,249,250,260,269,271,272,278,280,285,289,298],[1,2,3,5,9,11,25,41,50,57,60,77,79,81,84,88,89,101,105,106,112,115,116,120,124,136,137,138,141,153,154,159,171,176,180,182,184,186,192,196,198,202,205,208,213,219,222,225,226,230,232,235,236,239,243,244,247,252,254,255,256,263,270,283,284,288,293,297,300]].
[[1,2,3,5,9,11,25,41,50,57,60,77,79,81,84,88,89,101,105,106,112,115,116,120,124,136,137,138,141,153,154,159,171,176,180,182,184,186,192,196,198,202,205,208,213,219,222,225,226,230,232,235,236,239,243,244,247,252,254,255,256,263,270,283,284,288,293,297,300],[10,12,14,15,17,20,21,22,23,24,27,28,29,30,31,32,34,37,38,39,51,52,53,55,56,58,59,61,64,68,71,76,90,91,92,94,95,99,102,103,108,109,110,113,118,123,125,127,129,133,135,142,144,145,146,148,151,152,156,160,162,164,166,168,169,173,177,179,183,190,197,200,203,209,211,214,221,223,224,227,228,229,233,234,237,238,242,246,248,251,253,257,259,261,262,265,266,267,268,273,274,275,276,277,279,282,290,292,294,295,296],[8,13,18,26,33,35,42,43,46,47,54,63,65,69,70,75,78,82,85,93,96,97,100,104,107,111,121,122,131,134,140,158,165,181,185,195,201,206,210,216,217,218,220,241,258,264,281,286,287,291,299]].
[[4,6,7,16,19,36,40,44,45,48,49,62,66,67,72,73,74,80,83,86,87,98,114,117,119,126,128,130,132,139,143,147,149,150,155,157,161,163,167,170,172,174,175,178,187,188,189,191,193,194,199,204,207,212,215,231,240,245,249,250,260,269,271,272,278,280,285,289,298],[8,13,18,26,33,35,42,43,46,47,54,63,65,69,70,75,78,82,85,93,96,97,100,104,107,111,121,122,131,134,140,158,165,181,185,195,201,206,210,216,217,218,220,241,258,264,281,286,287,291,299],[10,12,14,15,17,20,21,22,23,24,27,28,29,30,31,32,34,37,38,39,51,52,53,55,56,58,59,61,64,68,71,76,90,91,92,94,95,99,102,103,108,109,110,113,118,123,125,127,129,133,135,142,144,145,146,148,151,152,156,160,162,164,166,168,169,173,177,179,183,190,197,200,203,209,211,214,221,223,224,227,228,229,233,234,237,238,242,246,248,251,253,257,259,261,262,265,266,267,268,273,274,275,276,277,279,282,290,292,294,295,296]].
[[8,13,18,26,33,35,42,43,46,47,54,63,65,69,70,75,78,82,85,93,96,97,100,104,107,111,121,122,131,134,140,158,165,181,185,195,201,206,210,216,217,218,220,241,258,264,281,286,287,291,299],[4,6,7,16,19,36,40,44,45,48,49,62,66,67,72,73,74,80,83,86,87,98,114,117,119,126,128,130,132,139,143,147,149,150,155,157,161,163,167,170,172,174,175,178,187,188,189,191,193,194,199,204,207,212,215,231,240,245,249,250,260,269,271,272,278,280,285,289,298],[1,2,3,5,9,11,25,41,50,57,60,77,79,81,84,88,89,101,105,106,112,115,116,120,124,136,137,138,141,153,154,159,171,176,180,182,184,186,192,196,198,202,205,208,213,219,222,225,226,230,232,235,236,239,243,244,247,252,254,255,256,263,270,283,284,288,293,297,300]].
[[10,12,14,15,17,20,21,22,23,24,27,28,29,30,31,32,34,37,38,39,51,52,53,55,56,58,59,61,64,68,71,76,90,91,92,94,95,99,102,103,108,109,110,113,118,123,125,127,129,133,135,142,144,145,146,148,151,152,156,160,162,164,166,168,169,173,177,179,183,190,197,200,203,209,211,214,221,223,224,227,228,229,233,234,237,238,242,246,248,251,253,257,259,261,262,265,266,267,268,273,274,275,276,277,279,282,290,292,294,295,296],[1,2,3,5,9,11,25,41,50,57,60,77,79,81,84,88,89,101,105,106,112,115,116,120,124,136,137,138,141,153,154,159,171,176,180,182,184,186,192,196,198,202,205,208,213,219,222,225,226,230,232,235,236,239,243,244,247,252,254,255,256,263,270,283,284,288,293,297,300],[4,6,7,16,19,36,40,44,45,48,49,62,66,67,72,73,74,80,83,86,87,98,114,117,119,126,128,130,132,139,143,147,149,150,155,157,161,163,167,170,172,174,175,178,187,188,189,191,193,194,199,204,207,212,215,231,240,245,249,250,260,269,271,272,278,280,285,289,298]].
[[4,6,7,16,19,36,40,44,45,48,49,62,66,67,72,73,74,80,83,86,87,98,114,117,119,126,128,130,132,139,143,147,149,150,155,157,161,163,167,170,172,174,175,178,187,188,189,191,193,194,199,204,207,212,215,231,240,245,249,250,260,269,271,272,278,280,285,289,298],[8,13,18,26,33,35,42,43,46,47,54,63,65,69,70,75,78,82,85,93,96,97,100,104,107,111,121,122,131,134,140,158,165,181,185,195,201,206,210,216,217,218,220,241,258,264,281,286,287,291,299],[10,12,14,15,17,20,21,22,23,24,27,28,29,30,31,32,34,37,38,39,51,52,53,55,56,58,59,61,64,68,71,76,90,91,92,94,95,99,102,103,108,109,110,113,118,123,125,127,129,133,135,142,144,145,146,148,151,152,156,160,162,164,166,168,169,173,177,179,183,190,197,200,203,209,211,214,221,223,224,227,228,229,233,234,237,238,242,246,248,251,253,257,259,261,262,265,266,267,268,273,274,275,276,277,279,282,290,292,294,295,296]].
[[8,13,18,26,33,35,42,43,46,47,54,63,65,69,70,75,78,82,85,93,96,97,100,104,107,111,121,122,131,134,140,158,165,181,185,195,201,206,210,216,217,218,220,241,258,264,281,286,287,291,299],[4,6,7,16,19,36,40,44,45,48,49,62,66,67,72,73,74,80,83,86,87,98,114,117,119,126,128,130,132,139,143,147,149,150,155,157,161,163,167,170,172,174,175,178,187,188,189,191,193,194,199,204,207,212,215,231,240,245,249,250,260,269,271,272,278,280,285,289,298],[1,2,3,5,9,11,25,41,50,57,60,77,79,81,84,88,89,101,105,106,112,115,116,120,124,136,137,138,141,153,154,159,171,176,180,182,184,186,192,196,198,202,205,208,213,219,222,225,226,230,232,235,236,239,243,244,247,252,254,255,256,263,270,283,284,288,293,297,300]].
[[8,13,18,26,33,35,42,43,46,47,54,63,65,69,70,75,78,82,85,93,96,97,100,104,107,111,121,122,131,134,140,158,165,181,185,195,201,206,210,216,217,218,220,241,258,264,281,286,287,291,299],[4,6,7,16,19,36,40,44,45,48,49,62,66,67,72,73,74,80,83,86,87,98,114,117,119,126,128,130,132,139,143,147,149,150,155,157,161,163,167,170,172,174,175,178,187,188,189,191,193,194,199,204,207,212,215,231,240,245,249,250,260,269,271,272,278,280,285,289,298],[1,2,3,5,9,11,25,41,50,57,60,77,79,81,84,88,89,101,105,106,112,115,116,120,124,136,137,138,141,153,154,159,171,176,180,182,184,186,192,196,198,202,205,208,213,219,222,225,226,230,232,235,236,239,243,244,247,252,254,255,256,263,270,283,284,288,293,297,300]].
[[8,13,18,26,33,35,42,43,46,47,54,63,65,69,70,75,78,82,85,93,96,97,100,104,107,111,121,122,131,134,140,158,165,181,185,195,201,206,210,216,217,218,220,241,258,264,281,286,287,291,299],[4,6,7,16,19,36,40,44,45,48,49,62,66,67,72,73,74,80,83,86,87,98,114,117,119,126,128,130,132,139,143,147,149,150,155,157,161,163,167,170,172,174,175,178,187,188,189,191,193,194,199,204,207,212,215,231,240,245,249,250,260,269,271,272,278,280,285,289,298],[1,2,3,5,9,11,25,41,50,57,60,77,79,81,84,88,89,101,105,106,112,115,116,120,124,136,137,138,141,153,154,159,171,176,180,182,184,186,192,196,198,202,205,208,213,219,222,225,226,230,232,235,236,239,243,244,247,252,254,255,256,263,270,283,284,288,293,297,300]].
[[10,12,14,15,17,20,21,22,23,24,27,28,29,30,31,32,34,37,38,39,51,52,53,55,56,58,59,61,64,68,71,76,90,91,92,94,95,99,102,103,108,109,110,113,118,123,125,127,129,133,135,142,144,145,146,148,151,152,156,160,162,164,166,168,169,173,177,179,183,190,197,200,203,209,211,214,221,223,224,227,228,229,233,234,237,238,242,246,248,251,253,257,259,261,262,265,266,267,268,273,274,275,276,277,279,282,290,292,294,295,296],[1,2,3,5,9,11,25,41,50,57,60,77,79,81,84,88,89,101,105,106,112,115,116,120,124,136,137,138,141,153,154,159,171,176,180,182,184,186,192,196,198,202,205,208,213,219,222,225,226,230,232,235,236,239,243,244,247,252,254,255,256,263,270,283,284,288,293,297,300],[4,6,7,16,19,36,40,44,45,48,49,62,66,67,72,73,74,80,83,86,87,98,114,117,119,126,128,130,132,139,143,147,149,150,155,157,161,163,167,170,172,174,175,178,187,188,189,191,193,194,199,204,207,212,215,231,240,245,249,250,260,269,271,272,278,280,285,289,298]].
[[8,13,18,26,33,35,42,43,46,47,54,63,65,69,70,75,78,82,85,93,96,97,100,104,107,111,121,122,131,134,140,158,165,181,185,195,201,206,210,216,217,218,220,241,258,264,281,286,287,291,299],[4,6,7,16,19,36,40,44,45,48,49,62,66,67,72,73,74,80,83,86,87,98,114,117,119,126,128,130,132,139,143,147,149,150,155,157,161,163,167,170,172,174,175,178,187,188,189,191,193,194,199,204,207,212,215,231,240,245,249,250,260,269,271,272,278,280,285,289,298],[1,2,3,5,9,11,25,41,50,57,60,77,79,81,84,88,89,101,105,106,112,115,116,120,124,136,137,138,141,153,154,159,171,176,180,182,184,186,192,196,198,202,205,208,213,219,222,225,226,230,232,235,236,239,243,244,247,252,254,255,256,263,270,283,284,288,293,297,300]].
[[4,6,7,16,19,36,40,44,45,48,49,62,66,67,72,73,74,80,83,86,87,98,114,117,119,126,128,130,132,139,143,147,149,150,155,157,161,163,167,170,172,174,175,178,187,188,189,191,193,194,199,204,207,212,215,231,240,245,249,250,260,269,271,272,278,280,285,289,298],[8,13,18,26,33,35,42,43,46,47,54,63,65,69,70,75,78,82,85,93,96,97,100,104,107,111,121,122,131,134,140,158,165,181,185,195,201,206,210,216,217,218,220,241,258,264,281,286,287,291,299],[10,12,14,15,17,20,21,22,23,24,27,28,29,30,31,32,34,37,38,39,51,52,53,55,56,58,59,61,64,68,71,76,90,91,92,94,95,99,102,103,108,109,110,113,118,123,125,127,129,133,135,142,144,145,146,148,151,152,156,160,162,164,166,168,169,173,177,179,183,190,197,200,203,209,211,214,221,223,224,227,228,229,233,234,237,238,242,246,248,251,253,257,259,261,262,265,266,267,268,273,274,275,276,277,279,282,290,292,294,295,296]].
[[4,6,7,16,19,36,40,44,45,48,49,62,66,67,72,73,74,80,83,86,87,98,114,117,119,126,128,130,132,139,143,147,149,150,155,157,161,163,167,170,172,174,175,178,187,188,189,191,193,194,199,204,207,212,215,231,240,245,249,250,260,269,271,272,278,280,285,289,298],[8,13,18,26,33,35,42,43,46,47,54,63,65,69,70,75,78,82,85,93,96,97,100,104,107,111,121,122,131,134,140,158,165,181,185,195,201,206,210,216,217,218,220,241,258,264,281,286,287,291,299],[10,12,14,15,17,20,21,22,23,24,27,28,29,30,31,32,34,37,38,39,51,52,53,55,56,58,59,61,64,68,71,76,90,91,92,94,95,99,102,103,108,109,110,113,118,123,125,127,129,133,135,142,144,145,146,148,151,152,156,160,162,164,166,168,169,173,177,179,183,190,197,200,203,209,211,214,221,223,224,227,228,229,233,234,237,238,242,246,248,251,253,257,259,261,262,265,266,267,268,273,274,275,276,277,279,282,290,292,294,295,296]].
[[1,2,3,5,9,11,25,41,50,57,60,77,79,81,84,88,89,101,105,106,112,115,116,120,124,136,137,138,141,153,154,159,171,176,180,182,184,186,192,196,198,202,205,208,213,219,222,225,226,230,232,235,236,239,243,244,247,252,254,255,256,263,270,283,284,288,293,297,300],[10,12,14,15,17,20,21,22,23,24,27,28,29,30,31,32,34,37,38,39,51,52,53,55,56,58,59,61,64,68,71,76,90,91,92,94,95,99,102,103,108,109,110,113,118,123,125,127,129,133,135,142,144,145,146,148,151,152,156,160,162,164,166,168,169,173,177,179,183,190,197,200,203,209,211,214,221,223,224,227,228,229,233,234,237,238,242,246,248,251,253,257,259,261,262,265,266,267,268,273,274,275,276,277,279,282,290,292,294,295,296],[8,13,18,26,33,35,42,43,46,47,54,63,65,69,70,75,78,82,85,93,96,97,100,104,107,111,121,122,131,134,140,158,165,181,185,195,201,206,210,216,217,218,220,241,258,264,281,286,287,291,299]].
[[4,6,7,16,19,36,40,44,45,48,49,62,66,67,72,73,74,80,83,86,87,98,114,117,119,126,128,130,132,139,143,147,149,150,155,157,161,163,167,170,172,174,175,178,187,188,189,191,193,194,199,204,207,212,215,231,240,245,249,250,260,269,271,272,278,280,285,289,298],[8,13,18,26,33,35,42,43,46,47,54,63,65,69,70,75,78,82,85,93,96,97,100,104,107,111,121,122,131,134,140,158,165,181,185,195,201,206,210,216,217,218,220,241,258,264,281,286,287,291,299],[10,12,14,15,17,20,21,22,23,24,27,28,29,30,31,32,34,37,38,39,51,52,53,55,56,58,59,61,64,68,71,76,90,91,92,94,95,99,102,103,108,109,110,113,118,123,125,127,129,133,135,142,144,145,146,148,151,152,156,160,162,164,166,168,169,173,177,179,183,190,197,200,203,209,211,214,221,223,224,227,228,229,233,234,237,238,242,246,248,251,253,257,259,261,262,265,266,267,268,273,274,275,276,277,279,282,290,292,294,295,296]].
[[8,13,18,26,33,35,42,43,46,47,54,63,65,69,70,75,78,82,85,93,96,97,100,104,107,111,121,122,131,134,140,158,165,181,185,195,201,206,210,216,217,218,220,241,258,264,281,286,287,291,299],[4,6,7,16,19,36,40,44,45,48,49,62,66,67,72,73,74,80,83,86,87,98,114,117,119,126,128,130,132,139,143,147,149,150,155,157,161,163,167,170,172,174,175,178,187,188,189,191,193,194,199,204,207,212,215,231,240,245,249,250,260,269,271,272,278,280,285,289,298],[1,2,3,5,9,11,25,41,50,57,60,77,79,81,84,88,89,101,105,106,112,115,116,120,124,136,137,138,141,153,154,159,171,176,180,182,184,186,192,196,198,202,205,208,213,219,222,225,226,230,232,235,236,239,243,244,247,252,254,255,256,263,270,283,284,288,293,297,300]].
[[10,12,14,15,17,20,21,22,23,24,27,28,29,30,31,32,34,37,38,39,51,52,53,55,56,58,59,61,64,68,71,76,90,91,92,94,95,99,102,103,108,109,110,113,118,123,125,127,129,133,135,142,144,145,146,148,151,152,156,160,162,164,166,168,169,173,177,179,183,190,197,200,203,209,211,214,221,223,224,227,228,229,233,234,237,238,242,246,248,251,253,257,259,261,262,265,266,267,268,273,274,275,276,277,279,282,290,292,294,295,296],[1,2,3,5,9,11,25,41,50,57,60,77,79,81,84,88,89,101,105,106,112,115,116,120,124,136,137,138,141,153,154,159,171,176,180,182,184,186,192,196,198,202,205,208,213,219,222,225,226,230,232,235,236,239,243,244,247,252,254,255,256,263,270,283,284,288,293,297,300],[4,6,7,16,19,36,40,44,45,48,49,62,66,67,72,73,74,80,83,86,87,98,114,117,119,126,128,130,132,139,143,147,149,150,155,157,161,163,167,170,172,174,175,178,187,188,189,191,193,194,199,204,207,212,215,231,240,245,249,250,260,269,271,272,278,280,285,289,298]].
[[10,12,14,15,17,20,21,22,23,24,27,28,29,30,31,32,34,37,38,39,51,52,53,55,56,58,59,61,64,68,71,76,90,91,92,94,95,99,102,103,108,109,110,113,118,123,125,127,129,133,135,142,144,145,146,148,151,152,156,160,162,164,166,168,169,173,177,179,183,190,197,200,203,209,211,214,221,223,224,227,228,229,233,234,237,238,242,246,248,251,253,257,259,261,262,265,266,267,268,273,274,275,276,277,279,282,290,292,294,295,296],[1,2,3,5,9,11,25,41,50,57,60,77,79,81,84,88,89,101,105,106,112,115,116,120,124,136,137,138,141,153,154,159,171,176,180,182,184,186,192,196,198,202,205,208,213,219,222,225,226,230,232,235,236,239,243,244,247,252,254,255,256,263,270,283,284,288,293,297,300],[4,6,7,16,19,36,40,44,45,48,49,62,66,67,72,73,74,80,83,86,87,98,114,117,119,126,128,130,132,139,143,147,149,150,155,157,161,163,167,170,172,174,175,178,187,188,189,191,193,194,199,204,207,212,215,231,240,245,249,250,260,269,271,272,278,280,285,289,298]].
[[1,2,3,5,9,11,25,41,50,57,60,77,79,81,84,88,89,101,105,106,112,115,116,120,124,136,137,138,141,153,154,159,171,176,180,182,184,186,192,196,198,202,205,208,213,219,222,225,226,230,232,235,236,239,243,244,247,252,254,255,256,263,270,283,284,288,293,297,300],[10,12,14,15,17,20,21,22,23,24,27,28,29,30,31,32,34,37,38,39,51,52,53,55,56,58,59,61,64,68,71,76,90,91,92,94,95,99,102,103,108,109,110,113,118,123,125,127,129,133,135,142,144,145,146,148,151,152,156,160,162,164,166,168,169,173,177,179,183,190,197,200,203,209,211,214,221,223,224,227,228,229,233,234,237,238,242,246,248,251,253,257,259,261,262,265,266,267,268,273,274,275,276,277,279,282,290,292,294,295,296],[8,13,18,26,33,35,42,43,46,47,54,63,65,69,70,75,78,82,85,93,96,97,100,104,107,111,121,122,131,134,140,158,165,181,185,195,201,206,210,216,217,218,220,241,258,264,281,286,287,291,299]].
[[1,2,3,5,9,11,25,41,50,57,60,77,79,81,84,88,89,101,105,106,112,115,116,120,124,136,137,138,141,153,154,159,171,176,180,182,184,186,192,196,198,202,205,208,213,219,222,225,226,230,232,235,236,239,243,244,247,252,254,255,256,263,270,283,284,288,293,297,300],[10,12,14,15,17,20,21,22,23,24,27,28,29,30,31,32,34,37,38,39,51,52,53,55,56,58,59,61,64,68,71,76,90,91,92,94,95,99,102,103,108,109,110,113,118,123,125,127,129,133,135,142,144,145,146,148,151,152,156,160,162,164,166,168,169,173,177,179,183,190,197,200,203,209,211,214,221,223,224,227,228,229,233,234,237,238,242,246,248,251,253,257,259,261,262,265,266,267,268,273,274,275,276,277,279,282,290,292,294,295,296],[8,13,18,26,33,35,42,43,46,47,54,63,65,69,70,75,78,82,85,93,96,97,100,104,107,111,121,122,131,134,140,158,165,181,185,195,201,206,210,216,217,218,220,241,258,264,281,286,287,291,299]].
[[10,12,14,15,17,20,21,22,23,24,27,28,29,30,31,32,34,37,38,39,51,52,53,55,56,58,59,61,64,68,71,76,90,91,92,94,95,99,102,103,108,109,110,113,118,123,125,127,129,133,135,142,144,145,146,148,151,152,156,160,162,164,166,168,169,173,177,179,183,190,197,200,203,209,211,214,221,223,224,227,228,229,233,234,237,238,242,246,248,251,253,257,259,261,262,265,266,267,268,273,274,275,276,277,279,282,290,292,294,295,296],[1,2,3,5,9,11,25,41,50,57,60,77,79,81,84,88,89,101,105,106,112,115,116,120,124,136,137,138,141,153,154,159,171,176,180,182,184,186,192,196,198,202,205,208,213,219,222,225,226,230,232,235,236,239,243,244,247,252,254,255,256,263,270,283,284,288,293,297,300],[4,6,7,16,19,36,40,44,45,48,49,62,66,67,72,73,74,80,83,86,87,98,114,117,119,126,128,130,132,139,143,147,149,150,155,157,161,163,167,170,172,174,175,178,187,188,189,191,193,194,199,204,207,212,215,231,240,245,249,250,260,269,271,272,278,280,285,289,298]].
[[1,2,3,5,9,11,25,41,50,57,60,77,79,81,84,88,89,101,105,106,112,115,116,120,124,136,137,138,141,153,154,159,171,176,180,182,184,186,192,196,198,202,205,208,213,219,222,225,226,230,232,235,236,239,243,244,247,252,254,255,256,263,270,283,284,288,293,297,300],[10,12,14,15,17,20,21,22,23,24,27,28,29,30,31,32,34,37,38,39,51,52,53,55,56,58,59,61,64,68,71,76,90,91,92,94,95,99,102,103,108,109,110,113,118,123,125,127,129,133,135,142,144,145,146,148,151,152,156,160,162,164,166,168,169,173,177,179,183,190,197,200,203,209,211,214,221,223,224,227,228,229,233,234,237,238,242,246,248,251,253,257,259,261,262,265,266,267,268,273,274,275,276,277,279,282,290,292,294,295,296],[8,13,18,26,33,35,42,43,46,47,54,63,65,69,70,75,78,82,85,93,96,97,100,104,107,111,121,122,131,134,140,158,165,181,185,195,201,206,210,216,217,218,220,241,258,264,281,286,287,291,299]].
[[1,2,3,5,9,11,25,41,50,57,60,77,79,81,84,88,89,101,105,106,112,115,116,120,124,136,137,138,141,153,154,159,171,176,180,182,184,186,192,196,198,202,205,208,213,219,222,225,226,230,232,235,236,239,243,244,247,252,254,255,256,263,270,283,284,288,293,297,300],[10,12,14,15,17,20,21,22,23,24,27,28,29,30,31,32,34,37,38,39,51,52,53,55,56,58,59,61,64,68,71,76,90,91,92,94,95,99,102,103,108,109,110,113,118,123,125,127,129,133,135,142,144,145,146,148,151,152,156,160,162,164,166,168,169,173,177,179,183,190,197,200,203,209,211,214,221,223,224,227,228,229,233,234,237,238,242,246,248,251,253,257,259,261,262,265,266,267,268,273,274,275,276,277,279,282,290,292,294,295,296],[8,13,18,26,33,35,42,43,46,47,54,63,65,69,70,75,78,82,85,93,96,97,100,104,107,111,121,122,131,134,140,158,165,181,185,195,201,206,210,216,217,218,220,241,258,264,281,286,287,291,299]].
[[10,12,14,15,17,20,21,22,23,24,27,28,29,30,31,32,34,37,38,39,51,52,53,55,56,58,59,61,64,68,71,76,90,91,92,94,95,99,102,103,108,109,110,113,118,123,125,127,129,133,135,142,144,145,146,148,151,152,156,160,162,164,166,168,169,173,177,179,183,190,197,200,203,209,211,214,221,223,224,227,228,229,233,234,237,238,242,246,248,251,253,257,259,261,262,265,266,267,268,273,274,275,276,277,279,282,290,292,294,295,296],[1,2,3,5,9,11,25,41,50,57,60,77,79,81,84,88,89,101,105,106,112,115,116,120,124,136,137,138,141,153,154,159,171,176,180,182,184,186,192,196,198,202,205,208,213,219,222,225,226,230,232,235,236,239,243,244,247,252,254,255,256,263,270,283,284,288,293,297,300],[4,6,7,16,19,36,40,44,45,48,49,62,66,67,72,73,74,80,83,86,87,98,114,117,119,126,128,130,132,139,143,147,149,150,155,157,161,163,167,170,172,174,175,178,187,188,189,191,193,194,199,204,207,212,215,231,240,245,249,250,260,269,271,272,278,280,285,289,298]].
[[4,6,7,16,19,36,40,44,45,48,49,62,66,67,72,73,74,80,83,86,87,98,114,117,119,126,128,130,132,139,143,147,149,150,155,157,161,163,167,170,172,174,175,178,187,188,189,191,193,194,199,204,207,212,215,231,240,245,249,250,260,269,271,272,278,280,285,289,298],[8,13,18,26,33,35,42,43,46,47,54,63,65,69,70,75,78,82,85,93,96,97,100,104,107,111,121,122,131,134,140,158,165,181,185,195,201,206,210,216,217,218,220,241,258,264,281,286,287,291,299],[10,12,14,15,17,20,21,22,23,24,27,28,29,30,31,32,34,37,38,39,51,52,53,55,56,58,59,61,64,68,71,76,90,91,92,94,95,99,102,103,108,109,110,113,118,123,125,127,129,133,135,142,144,145,146,148,151,152,156,160,162,164,166,168,169,173,177,179,183,190,197,200,203,209,211,214,221,223,224,227,228,229,233,234,237,238,242,246,248,251,253,257,259,261,262,265,266,267,268,273,274,275,276,277,279,282,290,292,294,295,296]].
[[4,6,7,16,19,36,40,44,45,48,49,62,66,67,72,73,74,80,83,86,87,98,114,117,119,126,128,130,132,139,143,147,149,150,155,157,161,163,167,170,172,174,175,178,187,188,189,191,193,194,199,204,207,212,215,231,240,245,249,250,260,269,271,272,278,280,285,289,298],[8,13,18,26,33,35,42,43,46,47,54,63,65,69,70,75,78,82,85,93,96,97,100,104,107,111,121,122,131,134,140,158,165,181,185,195,201,206,210,216,217,218,220,241,258,264,281,286,287,291,299],[10,12,14,15,17,20,21,22,23,24,27,28,29,30,31,32,34,37,38,39,51,52,53,55,56,58,59,61,64,68,71,76,90,91,92,94,95,99,102,103,108,109,110,113,118,123,125,127,129,133,135,142,144,145,146,148,151,152,156,160,162,164,166,168,169,173,177,179,183,190,197,200,203,209,211,214,221,223,224,227,228,229,233,234,237,238,242,246,248,251,253,257,259,261,262,265,266,267,268,273,274,275,276,277,279,282,290,292,294,295,296]].
[[1,2,3,5,9,11,25,41,50,57,60,77,79,81,84,88,89,101,105,106,112,115,116,120,124,136,137,138,141,153,154,159,171,176,180,182,184,186,192,196,198,202,205,208,213,219,222,225,226,230,232,235,236,239,243,244,247,252,254,255,256,263,270,283,284,288,293,297,300],[10,12,14,15,17,20,21,22,23,24,27,28,29,30,31,32,34,37,38,39,51,52,53,55,56,58,59,61,64,68,71,76,90,91,92,94,95,99,102,103,108,109,110,113,118,123,125,127,129,133,135,142,144,145,146,148,151,152,156,160,162,164,166,168,169,173,177,179,183,190,197,200,203,209,211,214,221,223,224,227,228,229,233,234,237,238,242,246,248,251,253,257,259,261,262,265,266,267,268,273,274,275,276,277,279,282,290,292,294,295,296],[8,13,18,26,33,35,42,43,46,47,54,63,65,69,70,75,78,82,85,93,96,97,100,104,107,111,121,122,131,134,140,158,165,181,185,195,201,206,210,216,217,218,220,241,258,264,281,286,287,291,299]].
[[10,12,14,15,17,20,21,22,23,24,27,28,29,30,31,32,34,37,38,39,51,52,53,55,56,58,59,61,64,68,71,76,90,91,92,94,95,99,102,103,108,109,110,113,118,123,125,127,129,133,135,142,144,145,146,148,151,152,156,160,162,164,166,168,169,173,177,179,183,190,197,200,203,209,211,214,221,223,224,227,228,229,233,234,237,238,242,246,248,251,253,257,259,261,262,265,266,267,268,273,274,275,276,277,279,282,290,292,294,295,296],[1,2,3,5,9,11,25,41,50,57,60,77,79,81,84,88,89,101,105,106,112,115,116,120,124,136,137,138,141,153,154,159,171,176,180,182,184,186,192,196,198,202,205,208,213,219,222,225,226,230,232,235,236,239,243,244,247,252,254,255,256,263,270,283,284,288,293,297,300],[4,6,7,16,19,36,40,44,45,48,49,62,66,67,72,73,74,80,83,86,87,98,114,117,119,126,128,130,132,139,143,147,149,150,155,157,161,163,167,170,172,174,175,178,187,188,189,191,193,194,199,204,207,212,215,231,240,245,249,250,260,269,271,272,278,280,285,289,298]].
[[1,2,3,5,9,11,25,41,50,57,60,77,79,81,84,88,89,101,105,106,112,115,116,120,124,136,137,138,141,153,154,159,171,176,180,182,184,186,192,196,198,202,205,208,213,219,222,225,226,230,232,235,236,239,243,244,247,252,254,255,256,263,270,283,284,288,293,297,300],[10,12,14,15,17,20,21,22,23,24,27,28,29,30,31,32,34,37,38,39,51,52,53,55,56,58,59,61,64,68,71,76,90,91,92,94,95,99,102,103,108,109,110,113,118,123,125,127,129,133,135,142,144,145,146,148,151,152,156,160,162,164,166,168,169,173,177,179,183,190,197,200,203,209,211,214,221,223,224,227,228,229,233,234,237,238,242,246,248,251,253,257,259,261,262,265,266,267,268,273,274,275,276,277,279,282,290,292,294,295,296],[8,13,18,26,33,35,42,43,46,47,54,63,65,69,70,75,78,82,85,93,96,97,100,104,107,111,121,122,131,134,140,158,165,181,185,195,201,206,210,216,217,218,220,241,258,264,281,286,287,291,299]].
