[[35,93,95,116,173,174,186,215,218,222,228,268,272],[2,16,20,33,37,41,44,45,49,51,55,56,62,67,68,78,79,89,91,92,114,129,136,148,149,152,166,172,178,187,193,201,205,210,226,236,254,255,260,264,266,267,273,278,282,283,286],[5,7,11,14,15,18,24,29,30,31,32,38,64,69,73,75,77,87,98,108,113,120,128,133,135,151,160,164,167,169,176,177,195,209,211,216,220,225,232,233,234,251,259,276,277,292,298]].
[[5,7,11,14,15,18,24,29,30,31,32,38,64,69,73,75,77,87,98,108,113,120,128,133,135,151,160,164,167,169,176,177,195,209,211,216,220,225,232,233,234,251,259,276,277,292,298],[1,3,4,6,8,9,10,12,13,17,19,21,22,23,25,26,27,28,34,36,39,40,42,43,46,47,48,50,52,53,54,57,58,59,60,61,63,65,66,70,71,72,74,76,80,81,82,83,84,85,86,88,90,94,96,97,99,100,101,102,103,104,105,106,107,109,110,111,112,115,117,118,119,121,122,123,124,125,126,127,130,131,132,134,137,138,139,140,141,142,143,144,145,146,147,150,153,154,155,156,157,158,159,161,162,163,165,168,170,171,175,179,180,181,182,183,184,185,188,189,190,191,192,194,196,197,198,199,200,202,203,204,206,207,208,212,213,214,217,219,221,223,224,227,229,230,231,235,237,238,239,240,241,242,243,244,245,246,247,248,249,250,252,253,256,257,258,261,262,263,265,269,270,271,274,275,279,280,281,284,285,287,288,289,290,291,293,294,295,296,297,299,300],[35,93,95,116,173,174,186,215,218,222,228,268,272]].
[[35,93,95,116,173,174,186,215,218,222,228,268,272],[2,16,20,33,37,41,44,45,49,51,55,56,62,67,68,78,79,89,91,92,114,129,136,148,149,152,166,172,178,187,193,201,205,210,226,236,254,255,260,264,266,267,273,278,282,283,286],[5,7,11,14,15,18,24,29,30,31,32,38,64,69,73,75,77,87,98,108,113,120,128,133,135,151,160,164,167,169,176,177,195,209,211,216,220,225,232,233,234,251,259,276,277,292,298]].
[[5,7,11,14,15,18,24,29,30,31,32,38,64,69,73,75,77,87,98,108,113,120,128,133,135,151,160,164,167,169,176,177,195,209,211,216,220,225,232,233,234,251,259,276,277,292,298],[1,3,4,6,8,9,10,12,13,17,19,21,22,23,25,26,27,28,34,36,39,40,42,43,46,47,48,50,52,53,54,57,58,59,60,61,63,65,66,70,71,72,74,76,80,81,82,83,84,85,86,88,90,94,96,97,99,100,101,102,103,104,105,106,107,109,110,111,112,115,117,118,119,121,122,123,124,125,126,127,130,131,132,134,137,138,139,140,141,142,143,144,145,146,147,150,153,154,155,156,157,158,159,161,162,163,165,168,170,171,175,179,180,181,182,183,184,185,188,189,190,191,192,194,196,197,198,199,200,202,203,204,206,207,208,212,213,214,217,219,221,223,224,227,229,230,231,235,237,238,239,240,241,242,243,244,245,246,247,248,249,250,252,253,256,257,258,261,262,263,265,269,270,271,274,275,279,280,281,284,285,287,288,289,290,291,293,294,295,296,297,299,300],[35,93,95,116,173,174,186,215,218,222,228,268,272]].
[[1,3,4,6,8,9,10,12,13,17,19,21,22,23,25,26,27,28,34,36,39,40,42,43,46,47,48,50,52,53,54,57,58,59,60,61,63,65,66,70,71,72,74,76,80,81,82,83,84,85,86,88,90,94,96,97,99,100,101,102,103,104,105,106,107,109,110,111,112,115,117,118,119,121,122,123,124,125,126,127,130,131,132,134,137,138,139,140,141,142,143,144,145,146,147,150,153,154,155,156,157,158,159,161,162,163,165,168,170,171,175,179,180,181,182,183,184,185,188,189,190,191,192,194,196,197,198,199,200,202,203,204,206,207,208,212,213,214,217,219,221,223,224,227,229,230,231,235,237,238,239,240,241,242,243,244,245,246,247,248,249,250,252,253,256,257,258,261,262,263,265,269,270,271,274,275,279,280,281,284,285,287,288,289,290,291,293,294,295,296,297,299,300],[5,7,11,14,15,18,24,29,30,31,32,38,64,69,73,75,77,87,98,108,113,120,128,133,135,151,160,164,167,169,176,177,195,209,211,216,220,225,232,233,234,251,259,276,277,292,298],[2,16,20,33,37,41,44,45,49,51,55,56,62,67,68,78,79,89,91,92,114,129,136,148,149,152,166,172,178,187,193,201,205,210,226,236,254,255,260,264,266,267,273,278,282,283,286]].
[[1,3,4,6,8,9,10,12,13,17,19,21,22,23,25,26,27,28,34,36,39,40,42,43,46,47,48,50,52,53,54,57,58,59,60,61,63,65,66,70,71,72,74,76,80,81,82,83,84,85,86,88,90,94,96,97,99,100,101,102,103,104,105,106,107,109,110,111,112,115,117,118,119,121,122,123,124,125,126,127,130,131,132,134,137,138,139,140,141,142,143,144,145,146,147,150,153,154,155,156,157,158,159,161,162,163,165,168,170,171,175,179,180,181,182,183,184,185,188,189,190,191,192,194,196,197,198,199,200,202,203,204,206,207,208,212,213,214,217,219,221,223,224,227,229,230,231,235,237,238,239,240,241,242,243,244,245,246,247,248,249,250,252,253,256,257,258,261,262,263,265,269,270,271,274,275,279,280,281,284,285,287,288,289,290,291,293,294,295,296,297,299,300],[5,7,11,14,15,18,24,29,30,31,32,38,64,69,73,75,77,87,98,108,113,120,128,133,135,151,160,164,167,169,176,177,195,209,211,216,220,225,232,233,234,251,259,276,277,292,298],[2,16,20,33,37,41,44,45,49,51,55,56,62,67,68,78,79,89,91,92,114,129,136,148,149,152,166,172,178,187,193,201,205,210,226,236,254,255,260,264,266,267,273,278,282,283,286]].
[[35,93,95,116,173,174,186,215,218,222,228,268,272],[2,16,20,33,37,41,44,45,49,51,55,56,62,67,68,78,79,89,91,92,114,129,136,148,149,152,166,172,178,187,193,201,205,210,226,236,254,255,260,264,266,267,273,278,282,283,286],[5,7,11,14,15,18,24,29,30,31,32,38,64,69,73,75,77,87,98,108,113,120,128,133,135,151,160,164,167,169,176,177,195,209,211,216,220,225,232,233,234,251,259,276,277,292,298]].
[[5,7,11,14,15,18,24,29,30,31,32,38,64,69,73,75,77,87,98,108,113,120,128,133,135,151,160,164,167,169,176,177,195,209,211,216,220,225,232,233,234,251,259,276,277,292,298],[1,3,4,6,8,9,10,12,13,17,19,21,22,23,25,26,27,28,34,36,39,40,42,43,46,47,48,50,52,53,54,57,58,59,60,61,63,65,66,70,71,72,74,76,80,81,82,83,84,85,86,88,90,94,96,97,99,100,101,102,103,104,105,106,107,109,110,111,112,115,117,118,119,121,122,123,124,125,126,127,130,131,132,134,137,138,139,140,141,142,143,144,145,146,147,150,153,154,155,156,157,158,159,161,162,163,165,168,170,171,175,179,180,181,182,183,184,185,188,189,190,191,192,194,196,197,198,199,200,202,203,204,206,207,208,212,213,214,217,219,221,223,224,227,229,230,231,235,237,238,239,240,241,242,243,244,245,246,247,248,249,250,252,253,256,257,258,261,262,263,265,269,270,271,274,275,279,280,281,284,285,287,288,289,290,291,293,294,295,296,297,299,300],[35,93,95,116,173,174,186,215,218,222,228,268,272]].
[[5,7,11,14,15,18,24,29,30,31,32,38,64,69,73,75,77,87,98,108,113,120,128,133,135,151,160,164,167,169,176,177,195,209,211,216,220,225,232,233,234,251,259,276,277,292,298],[1,3,4,6,8,9,10,12,13,17,19,21,22,23,25,26,27,28,34,36,39,40,42,43,46,47,48,50,52,53,54,57,58,59,60,61,63,65,66,70,71,72,74,76,80,81,82,83,84,85,86,88,90,94,96,97,99,100,101,102,103,104,105,106,107,109,110,111,112,115,117,118,119,121,122,123,124,125,126,127,130,131,132,134,137,138,139,140,141,142,143,144,145,146,147,150,153,154,155,156,157,158,159,161,162,163,165,168,170,171,175,179,180,181,182,183,184,185,188,189,190,191,192,194,196,197,198,199,200,202,203,204,206,207,208,212,213,214,217,219,221,223,224,227,229,230,231,235,237,238,239,240,241,242,243,244,245,246,247,248,249,250,252,253,256,257,258,261,262,263,265,269,270,271,274,275,279,280,281,284,285,287,288,289,290,291,293,294,295,296,297,299,300],[35,93,95,116,173,174,186,215,218,222,228,268,272]].
[[2,16,20,33,37,41,44,45,49,51,55,56,62,67,68,78,79,89,91,92,114,129,136,148,149,152,166,172,178,187,193,201,205,210,226,236,254,255,260,264,266,267,273,278,282,283,286],[35,93,95,116,173,174,186,215,218,222,228,268,272],[1,3,4,6,8,9,10,12,13,17,19,21,22,23,25,26,27,28,34,36,39,40,42,43,46,47,48,50,52,53,54,57,58,59,60,61,63,65,66,70,71,72,74,76,80,81,82,83,84,85,86,88,90,94,96,97,99,100,101,102,103,104,105,106,107,109,110,111,112,115,117,118,119,121,122,123,124,125,126,127,130,131,132,134,137,138,139,140,141,142,143,144,145,146,147,150,153,154,155,156,157,158,159,161,162,163,165,168,170,171,175,179,180,181,182,183,184,185,188,189,190,191,192,194,196,197,198,199,200,202,203,204,206,207,208,212,213,214,217,219,221,223,224,227,229,230,231,235,237,238,239,240,241,242,243,244,245,246,247,248,249,250,252,253,256,257,258,261,262,263,265,269,270,271,274,275,279,280,281,284,285,287,288,289,290,291,293,294,295,296,297,299,300]].
[[1,3,4,6,8,9,10,12,13,17,19,21,22,23,25,26,27,28,34,36,39,40,42,43,46,47,48,50,52,53,54,57,58,59,60,61,63,65,66,70,71,72,74,76,80,81,82,83,84,85,86,88,90,94,96,97,99,100,101,102,103,104,105,106,107,109,110,111,112,115,117,118,119,121,122,123,124,125,126,127,130,131,132,134,137,138,139,140,141,142,143,144,145,146,147,150,153,154,155,156,157,158,159,161,162,163,165,168,170,171,175,179,180,181,182,183,184,185,188,189,190,191,192,194,196,197,198,199,200,202,203,204,206,207,208,212,213,214,217,219,221,223,224,227,229,230,231,235,237,238,239,240,241,242,243,244,245,246,247,248,249,250,252,253,256,257,258,261,262,263,265,269,270,271,274,275,279,280,281,284,285,287,288,289,290,291,293,294,295,296,297,299,300],[5,7,11,14,15,18,24,29,30,31,32,38,64,69,73,75,77,87,98,108,113,120,128,133,135,151,160,164,167,169,176,177,195,209,211,216,220,225,232,233,234,251,259,276,277,292,298],[2,16,20,33,37,41,44,45,49,51,55,56,62,67,68,78,79,89,91,92,114,129,136,148,149,152,166,172,178,187,193,201,205,210,226,236,254,255,260,264,266,267,273,278,282,283,286]].
[[2,16,20,33,37,41,44,45,49,51,55,56,62,67,68,78,79,89,91,92,114,129,136,148,149,152,166,172,178,187,193,201,205,210,226,236,254,255,260,264,266,267,273,278,282,283,286],[35,93,95,116,173,174,186,215,218,222,228,268,272],[1,3,4,6,8,9,10,12,13,17,19,21,22,23,25,26,27,28,34,36,39,40,42,43,46,47,48,50,52,53,54,57,58,59,60,61,63,65,66,70,71,72,74,76,80,81,82,83,84,85,86,88,90,94,96,97,99,100,101,102,103,104,105,106,107,109,110,111,112,115,117,118,119,121,122,123,124,125,126,127,130,131,132,134,137,138,139,140,141,142,143,144,145,146,147,150,153,154,155,156,157,158,159,161,162,163,165,168,170,171,175,179,180,181,182,183,184,185,188,189,190,191,192,194,196,197,198,199,200,202,203,204,206,207,208,212,213,214,217,219,221,223,224,227,229,230,231,235,237,238,239,240,241,242,243,244,245,246,247,248,249,250,252,253,256,257,258,261,262,263,265,269,270,271,274,275,279,280,281,284,285,287,288,289,290,291,293,294,295,296,297,299,300]].
[[1,3,4,6,8,9,10,12,13,17,19,21,22,23,25,26,27,28,34,36,39,40,42,43,46,47,48,50,52,53,54,57,58,59,60,61,63,65,66,70,71,72,74,76,80,81,82,83,84,85,86,88,90,94,96,97,99,100,101,102,103,104,105,106,107,109,110,111,112,115,117,118,119,121,122,123,124,125,126,127,130,131,132,134,137,138,139,140,141,142,143,144,145,146,147,150,153,154,155,156,157,158,159,161,162,163,165,168,170,171,175,179,180,181,182,183,184,185,188,189,190,191,192,194,196,197,198,199,200,202,203,204,206,207,208,212,213,214,217,219,221,223,224,227,229,230,231,235,237,238,239,240,241,242,243,244,245,246,247,248,249,250,252,253,256,257,258,261,262,263,265,269,270,271,274,275,279,280,281,284,285,287,288,289,290,291,293,294,295,296,297,299,300],[5,7,11,14,15,18,24,29,30,31,32,38,64,69,73,75,77,87,98,108,113,120,128,133,135,151,160,164,167,169,176,177,195,209,211,216,220,225,232,233,234,251,259,276,277,292,298],[2,16,20,33,37,41,44,45,49,51,55,56,62,67,68,78,79,89,91,92,114,129,136,148,149,152,166,172,178,187,193,201,205,210,226,236,254,255,260,264,266,267,273,278,282,283,286]].
[[1,3,4,6,8,9,10,12,13,17,19,21,22,23,25,26,27,28,34,36,39,40,42,43,46,47,48,50,52,53,54,57,58,59,60,61,63,65,66,70,71,72,74,76,80,81,82,83,84,85,86,88,90,94,96,97,99,100,101,102,103,104,105,106,107,109,110,111,112,115,117,118,119,121,122,123,124,125,126,127,130,131,132,134,137,138,139,140,141,142,143,144,145,146,147,150,153,154,155,156,157,158,159,161,162,163,165,168,170,171,175,179,180,181,182,183,184,185,188,189,190,191,192,194,196,197,198,199,200,202,203,204,206,207,208,212,213,214,217,219,221,223,224,227,229,230,231,235,237,238,239,240,241,242,243,244,245,246,247,248,249,250,252,253,256,257,258,261,262,263,265,269,270,271,274,275,279,280,281,284,285,287,288,289,290,291,293,294,295,296,297,299,300],[5,7,11,14,15,18,24,29,30,31,32,38,64,69,73,75,77,87,98,108,113,120,128,133,135,151,160,164,167,169,176,177,195,209,211,216,220,225,232,233,234,251,259,276,277,292,298],[2,16,20,33,37,41,44,45,49,51,55,56,62,67,68,78,79,89,91,92,114,129,136,148,149,152,166,172,178,187,193,201,205,210,226,236,254,255,260,264,266,267,273,278,282,283,286]].
[[2,16,20,33,37,41,44,45,49,51,55,56,62,67,68,78,79,89,91,92,114,129,136,148,149,152,166,172,178,187,193,201,205,210,226,236,254,255,260,264,266,267,273,278,282,283,286],[35,93,95,116,173,174,186,215,218,222,228,268,272],[1,3,4,6,8,9,10,12,13,17,19,21,22,23,25,26,27,28,34,36,39,40,42,43,46,47,48,50,52,53,54,57,58,59,60,61,63,65,66,70,71,72,74,76,80,81,82,83,84,85,86,88,90,94,96,97,99,100,101,102,103,104,105,106,107,109,110,111,112,115,117,118,119,121,122,123,124,125,126,127,130,131,132,134,137,138,139,140,141,142,143,144,145,146,147,150,153,154,155,156,157,158,159,161,162,163,165,168,170,171,175,179,180,181,182,183,184,185,188,189,190,191,192,194,196,197,198,199,200,202,203,204,206,207,208,212,213,214,217,219,221,223,224,227,229,230,231,235,237,238,239,240,241,242,243,244,245,246,247,248,249,250,252,253,256,257,258,261,262,263,265,269,270,271,274,275,279,280,281,284,285,287,288,289,290,291,293,294,295,296,297,299,300]].
[[5,7,11,14,15,18,24,29,30,31,32,38,64,69,73,75,77,87,98,108,113,120,128,133,135,151,160,164,167,169,176,177,195,209,211,216,220,225,232,233,234,251,259,276,277,292,298],[1,3,4,6,8,9,10,12,13,17,19,21,22,23,25,26,27,28,34,36,39,40,42,43,46,47,48,50,52,53,54,57,58,59,60,61,63,65,66,70,71,72,74,76,80,81,82,83,84,85,86,88,90,94,96,97,99,100,101,102,103,104,105,106,107,109,110,111,112,115,117,118,119,121,122,123,124,125,126,127,130,131,132,134,137,138,139,140,141,142,143,144,145,146,147,150,153,154,155,156,157,158,159,161,162,163,165,168,170,171,175,179,180,181,182,183,184,185,188,189,190,191,192,194,196,197,198,199,200,202,203,204,206,207,208,212,213,214,217,219,221,223,224,227,229,230,231,235,237,238,239,240,241,242,243,244,245,246,247,248,249,250,252,253,256,257,258,261,262,263,265,269,270,271,274,275,279,280,281,284,285,287,288,289,290,291,293,294,295,296,297,299,300],[35,93,95,116,173,174,186,215,218,222,228,268,272]].
[[35,93,95,116,173,174,186,215,218,222,228,268,272],[2,16,20,33,37,41,44,45,49,51,55,56,62,67,68,78,79,89,91,92,114,129,136,148,149,152,166,172,178,187,193,201,205,210,226,236,254,255,260,264,266,267,273,278,282,283,286],[5,7,11,14,15,18,24,29,30,31,32,38,64,69,73,75,77,87,98,108,113,120,128,133,135,151,160,164,167,169,176,177,195,209,211,216,220,225,232,233,234,251,259,276,277,292,298]].
[[5,7,11,14,15,18,24,29,30,31,32,38,64,69,73,75,77,87,98,108,113,120,128,133,135,151,160,164,167,169,176,177,195,209,211,216,220,225,232,233,234,251,259,276,277,292,298],[1,3,4,6,8,9,10,12,13,17,19,21,22,23,25,26,27,28,34,36,39,40,42,43,46,47,48,50,52,53,54,57,58,59,60,61,63,65,66,70,71,72,74,76,80,81,82,83,84,85,86,88,90,94,96,97,99,100,101,102,103,104,105,106,107,109,110,111,112,115,117,118,119,121,122,123,124,125,126,127,130,131,132,134,137,138,139,140,141,142,143,144,145,146,147,150,153,154,155,156,157,158,159,161,162,163,165,168,170,171,175,179,180,181,182,183,184,185,188,189,190,191,192,194,196,197,198,199,200,202,203,204,206,207,208,212,213,214,217,219,221,223,224,227,229,230,231,235,237,238,239,240,241,242,243,244,245,246,247,248,249,250,252,253,256,257,258,261,262,263,265,269,270,271,274,275,279,280,281,284,285,287,288,289,290,291,293,294,295,296,297,299,300],[35,93,95,116,173,174,186,215,218,222,228,268,272]].
[[2,16,20,33,37,41,44,45,49,51,55,56,62,67,68,78,79,89,91,92,114,129,136,148,149,152,166,172,178,187,193,201,205,210,226,236,254,255,260,264,266,267,273,278,282,283,286],[35,93,95,116,173,174,186,215,218,222,228,268,272],[1,3,4,6,8,9,10,12,13,17,19,21,22,23,25,26,27,28,34,36,39,40,42,43,46,47,48,50,52,53,54,57,58,59,60,61,63,65,66,70,71,72,74,76,80,81,82,83,84,85,86,88,90,94,96,97,99,100,101,102,103,104,105,106,107,109,110,111,112,115,117,118,119,121,122,123,124,125,126,127,130,131,132,134,137,138,139,140,141,142,143,144,145,146,147,150,153,154,155,156,157,158,159,161,162,163,165,168,170,171,175,179,180,181,182,183,184,185,188,189,190,191,192,194,196,197,198,199,200,202,203,204,206,207,208,212,213,214,217,219,221,223,224,227,229,230,231,235,237,238,239,240,241,242,243,244,245,246,247,248,249,250,252,253,256,257,258,261,262,263,265,269,270,271,274,275,279,280,281,284,285,287,288,289,290,291,293,294,295,296,297,299,300]].
[[5,7,11,14,15,18,24,29,30,31,32,38,64,69,73,75,77,87,98,108,113,120,128,133,135,151,160,164,167,169,176,177,195,209,211,216,220,225,232,233,234,251,259,276,277,292,298],[1,3,4,6,8,9,10,12,13,17,19,21,22,23,25,26,27,28,34,36,39,40,42,43,46,47,48,50,52,53,54,57,58,59,60,61,63,65,66,70,71,72,74,76,80,81,82,83,84,85,86,88,90,94,96,97,99,100,101,102,103,104,105,106,107,109,110,111,112,115,117,118,119,121,122,123,124,125,126,127,130,131,132,134,137,138,139,140,141,142,143,144,145,146,147,150,153,154,155,156,157,158,159,161,162,163,165,168,170,171,175,179,180,181,182,183,184,185,188,189,190,191,192,194,196,197,198,199,200,202,203,204,206,207,208,212,213,214,217,219,221,223,224,227,229,230,231,235,237,238,239,240,241,242,243,244,245,246,247,248,249,250,252,253,256,257,258,261,262,263,265,269,270,271,274,275,279,280,281,284,285,287,288,289,290,291,293,294,295,296,297,299,300],[35,93,95,116,173,174,186,215,218,222,228,268,272]].
[[1,3,4,6,8,9,10,12,13,17,19,21,22,23,25,26,27,28,34,36,39,40,42,43,46,47,48,50,52,53,54,57,58,59,60,61,63,65,66,70,71,72,74,76,80,81,82,83,84,85,86,88,90,94,96,97,99,100,101,102,103,104,105,106,107,109,110,111,112,115,117,118,119,121,122,123,124,125,126,127,130,131,132,134,137,138,139,140,141,142,143,144,145,146,147,150,153,154,155,156,157,158,159,161,162,163,165,168,170,171,175,179,180,181,182,183,184,185,188,189,190,191,192,194,196,197,198,199,200,202,203,204,206,207,208,212,213,214,217,219,221,223,224,227,229,230,231,235,237,238,239,240,241,242,243,244,245,246,247,248,249,250,252,253,256,257,258,261,262,263,265,269,270,271,274,275,279,280,281,284,285,287,288,289,290,291,293,294,295,296,297,299,300],[5,7,11,14,15,18,24,29,30,31,32,38,64,69,73,75,77,87,98,108,113,120,128,133,135,151,160,164,167,169,176,177,195,209,211,216,220,225,232,233,234,251,259,276,277,292,298],[2,16,20,33,37,41,44,45,49,51,55,56,62,67,68,78,79,89,91,92,114,129,136,148,149,152,166,172,178,187,193,201,205,210,226,236,254,255,260,264,266,267,273,278,282,283,286]].
[[5,7,11,14,15,18,24,29,30,31,32,38,64,69,73,75,77,87,98,108,113,120,128,133,135,151,160,164,167,169,176,177,195,209,211,216,220,225,232,233,234,251,259,276,277,292,298],[1,3,4,6,8,9,10,12,13,17,19,21,22,23,25,26,27,28,34,36,39,40,42,43,46,47,48,50,52,53,54,57,58,59,60,61,63,65,66,70,71,72,74,76,80,81,82,83,84,85,86,88,90,94,96,97,99,100,101,102,103,104,105,106,107,109,110,111,112,115,117,118,119,121,122,123,124,125,126,127,130,131,132,134,137,138,139,140,141,142,143,144,145,146,147,150,153,154,155,156,157,158,159,161,162,163,165,168,170,171,175,179,180,181,182,183,184,185,188,189,190,191,192,194,196,197,198,199,200,202,203,204,206,207,208,212,213,214,217,219,221,223,224,227,229,230,231,235,237,238,239,240,241,242,243,244,245,246,247,248,249,250,252,253,256,257,258,261,262,263,265,269,270,271,274,275,279,280,281,284,285,287,288,289,290,291,293,294,295,296,297,299,300],[35,93,95,116,173,174,186,215,218,222,228,268,272]].
[[5,7,11,14,15,18,24,29,30,31,32,38,64,69,73,75,77,87,98,108,113,120,128,133,135,151,160,164,167,169,176,177,195,209,211,216,220,225,232,233,234,251,259,276,277,292,298],[1,3,4,6,8,9,10,12,13,17,19,21,22,23,25,26,27,28,34,36,39,40,42,43,46,47,48,50,52,53,54,57,58,59,60,61,63,65,66,70,71,72,74,76,80,81,82,83,84,85,86,88,90,94,96,97,99,100,101,102,103,104,105,106,107,109,110,111,112,115,117,118,119,121,122,123,124,125,126,127,130,131,132,134,137,138,139,140,141,142,143,144,145,146,147,150,153,154,155,156,157,158,159,161,162,163,165,168,170,171,175,179,180,181,182,183,184,185,188,189,190,191,192,194,196,197,198,199,200,202,203,204,206,207,208,212,213,214,217,219,221,223,224,227,229,230,231,235,237,238,239,240,241,242,243,244,245,246,247,248,249,250,252,253,256,257,258,261,262,263,265,269,270,271,274,275,279,280,281,284,285,287,288,289,290,291,293,294,295,296,297,299,300],[35,93,95,116,173,174,186,215,218,222,228,268,272]].
[[35,93,95,116,173,174,186,215,218,222,228,268,272],[2,16,20,33,37,41,44,45,49,51,55,56,62,67,68,78,79,89,91,92,114,129,136,148,149,152,166,172,178,187,193,201,205,210,226,236,254,255,260,264,266,267,273,278,282,283,286],[5,7,11,14,15,18,24,29,30,31,32,38,64,69,73,75,77,87,98,108,113,120,128,133,135,151,160,164,167,169,176,177,195,209,211,216,220,225,232,233,234,251,259,276,277,292,298]].
[[5,7,11,14,15,18,24,29,30,31,32,38,64,69,73,75,77,87,98,108,113,120,128,133,135,151,160,164,167,169,176,177,195,209,211,216,220,225,232,233,234,251,259,276,277,292,298],[1,3,4,6,8,9,10,12,13,17,19,21,22,23,25,26,27,28,34,36,39,40,42,43,46,47,48,50,52,53,54,57,58,59,60,61,63,65,66,70,71,72,74,76,80,81,82,83,84,85,86,88,90,94,96,97,99,100,101,102,103,104,105,106,107,109,110,111,112,115,117,118,119,121,122,123,124,125,126,127,130,131,132,134,137,138,139,140,141,142,143,144,145,146,147,150,153,154,155,156,157,158,159,161,162,163,165,168,170,171,175,179,180,181,182,183,184,185,188,189,190,191,192,194,196,197,198,199,200,202,203,204,206,207,208,212,213,214,217,219,221,223,224,227,229,230,231,235,237,238,239,240,241,242,243,244,245,246,247,248,249,250,252,253,256,257,258,261,262,263,265,269,270,271,274,275,279,280,281,284,285,287,288,289,290,291,293,294,295,296,297,299,300],[35,93,95,116,173,174,186,215,218,222,228,268,272]].
[[35,93,95,116,173,174,186,215,218,222,228,268,272],[2,16,20,33,37,41,44,45,49,51,55,56,62,67,68,78,79,89,91,92,114,129,136,148,149,152,166,172,178,187,193,201,205,210,226,236,254,255,260,264,266,267,273,278,282,283,286],[5,7,11,14,15,18,24,29,30,31,32,38,64,69,73,75,77,87,98,108,113,120,128,133,135,151,160,164,167,169,176,177,195,209,211,216,220,225,232,233,234,251,259,276,277,292,298]].
[[2,16,20,33,37,41,44,45,49,51,55,56,62,67,68,78,79,89,91,92,114,129,136,148,149,152,166,172,178,187,193,201,205,210,226,236,254,255,260,264,266,267,273,278,282,283,286],[35,93,95,116,173,174,186,215,218,222,228,268,272],[1,3,4,6,8,9,10,12,13,17,19,21,22,23,25,26,27,28,34,36,39,40,42,43,46,47,48,50,52,53,54,57,58,59,60,61,63,65,66,70,71,72,74,76,80,81,82,83,84,85,86,88,90,94,96,97,99,100,101,102,103,104,105,106,107,109,110,111,112,115,117,118,119,121,122,123,124,125,126,127,130,131,132,134,137,138,139,140,141,142,143,144,145,146,147,150,153,154,155,156,157,158,159,161,162,163,165,168,170,171,175,179,180,181,182,183,184,185,188,189,190,191,192,194,196,197,198,199,200,202,203,204,206,207,208,212,213,214,217,219,221,223,224,227,229,230,231,235,237,238,239,240,241,242,243,244,245,246,247,248,249,250,252,253,256,257,258,261,262,263,265,269,270,271,274,275,279,280,281,284,285,287,288,289,290,291,293,294,295,296,297,299,300]].
[[1,3,4,6,8,9,10,12,13,17,19,21,22,23,25,26,27,28,34,36,39,40,42,43,46,47,48,50,52,53,54,57,58,59,60,61,63,65,66,70,71,72,74,76,80,81,82,83,84,85,86,88,90,94,96,97,99,100,101,102,103,104,105,106,107,109,110,111,112,115,117,118,119,121,122,123,124,125,126,127,130,131,132,134,137,138,139,140,141,142,143,144,145,146,147,150,153,154,155,156,157,158,159,161,162,163,165,168,170,171,175,179,180,181,182,183,184,185,188,189,190,191,192,194,196,197,198,199,200,202,203,204,206,207,208,212,213,214,217,219,221,223,224,227,229,230,231,235,237,238,239,240,241,242,243,244,245,246,247,248,249,250,252,253,256,257,258,261,262,263,265,269,270,271,274,275,279,280,281,284,285,287,288,289,290,291,293,294,295,296,297,299,300],[5,7,11,14,15,18,24,29,30,31,32,38,64,69,73,75,77,87,98,108,113,120,128,133,135,151,160,164,167,169,176,177,195,209,211,216,220,225,232,233,234,251,259,276,277,292,298],[2,16,20,33,37,41,44,45,49,51,55,56,62,67,68,78,79,89,91,92,114,129,136,148,149,152,166,172,178,187,193,201,205,210,226,236,254,255,260,264,266,267,273,278,282,283,286]].
[[35,93,95,116,173,174,186,215,218,222,228,268,272],[2,16,20,33,37,41,44,45,49,51,55,56,62,67,68,78,79,89,91,92,114,129,136,148,149,152,166,172,178,187,193,201,205,210,226,236,254,255,260,264,266,267,273,278,282,283,286],[5,7,11,14,15,18,24,29,30,31,32,38,64,69,73,75,77,87,98,108,113,120,128,133,135,151,160,164,167,169,176,177,195,209,211,216,220,225,232,233,234,251,259,276,277,292,298]].
[[35,93,95,116,173,174,186,215,218,222,228,268,272],[2,16,20,33,37,41,44,45,49,51,55,56,62,67,68,78,79,89,91,92,114,129,136,148,149,152,166,172,178,187,193,201,205,210,226,236,254,255,260,264,266,267,273,278,282,283,286],[5,7,11,14,15,18,24,29,30,31,32,38,64,69,73,75,77,87,98,108,113,120,128,133,135,151,160,164,167,169,176,177,195,209,211,216,220,225,232,233,234,251,259,276,277,292,298]].
[[5,7,11,14,15,18,24,29,30,31,32,38,64,69,73,75,77,87,98,108,113,120,128,133,135,151,160,164,167,169,176,177,195,209,211,216,220,225,232,233,234,251,259,276,277,292,298],[1,3,4,6,8,9,10,12,13,17,19,21,22,23,25,26,27,28,34,36,39,40,42,43,46,47,48,50,52,53,54,57,58,59,60,61,63,65,66,70,71,72,74,76,80,81,82,83,84,85,86,88,90,94,96,97,99,100,101,102,103,104,105,106,107,109,110,111,112,115,117,118,119,121,122,123,124,125,126,127,130,131,132,134,137,138,139,140,141,142,143,144,145,146,147,150,153,154,155,156,157,158,159,161,162,163,165,168,170,171,175,179,180,181,182,183,184,185,188,189,190,191,192,194,196,197,198,199,200,202,203,204,206,207,208,212,213,214,217,219,221,223,224,227,229,230,231,235,237,238,239,240,241,242,243,244,245,246,247,248,249,250,252,253,256,257,258,261,262,263,265,269,270,271,274,275,279,280,281,284,285,287,288,289,290,291,293,294,295,296,297,299,300],[35,93,95,116,173,174,186,215,218,222,228,268,272]].
[[5,7,11,14,15,18,24,29,30,31,32,38,64,69,73,75,77,87,98,108,113,120,128,133,135,151,160,164,167,169,176,177,195,209,211,216,220,225,232,233,234,251,259,276,277,292,298],[1,3,4,6,8,9,10,12,13,17,19,21,22,23,25,26,27,28,34,36,39,40,42,43,46,47,48,50,52,53,54,57,58,59,60,61,63,65,66,70,71,72,74,76,80,81,82,83,84,85,86,88,90,94,96,97,99,100,101,102,103,104,105,106,107,109,110,111,112,115,117,118,119,121,122,123,124,125,126,127,130,131,132,134,137,138,139,140,141,142,143,144,145,146,147,150,153,154,155,156,157,158,159,161,162,163,165,168,170,171,175,179,180,181,182,183,184,185,188,189,190,191,192,194,196,197,198,199,200,202,203,204,206,207,208,212,213,214,217,219,221,223,224,227,229,230,231,235,237,238,239,240,241,242,243,244,245,246,247,248,249,250,252,253,256,257,258,261,262,263,265,269,270,271,274,275,279,280,281,284,285,287,288,289,290,291,293,294,295,296,297,299,300],[35,93,95,116,173,174,186,215,218,222,228,268,272]].
[[1,3,4,6,8,9,10,12,13,17,19,21,22,23,25,26,27,28,34,36,39,40,42,43,46,47,48,50,52,53,54,57,58,59,60,61,63,65,66,70,71,72,74,76,80,81,82,83,84,85,86,88,90,94,96,97,99,100,101,102,103,104,105,106,107,109,110,111,112,115,117,118,119,121,122,123,124,125,126,127,130,131,132,134,137,138,139,140,141,142,143,144,145,146,147,150,153,154,155,156,157,158,159,161,162,163,165,168,170,171,175,179,180,181,182,183,184,185,188,189,190,191,192,194,196,197,198,199,200,202,203,204,206,207,208,212,213,214,217,219,221,223,224,227,229,230,231,235,237,238,239,240,241,242,243,244,245,246,247,248,249,250,252,253,256,257,258,261,262,263,265,269,270,271,274,275,279,280,281,284,285,287,288,289,290,291,293,294,295,296,297,299,300],[5,7,11,14,15,18,24,29,30,31,32,38,64,69,73,75,77,87,98,108,113,120,128,133,135,151,160,164,167,169,176,177,195,209,211,216,220,225,232,233,234,251,259,276,277,292,298],[2,16,20,33,37,41,44,45,49,51,55,56,62,67,68,78,79,89,91,92,114,129,136,148,149,152,166,172,178,187,193,201,205,210,226,236,254,255,260,264,266,267,273,278,282,283,286]].
[[35,93,95,116,173,174,186,215,218,222,228,268,272],[2,16,20,33,37,41,44,45,49,51,55,56,62,67,68,78,79,89,91,92,114,129,136,148,149,152,166,172,178,187,193,201,205,210,226,236,254,255,260,264,266,267,273,278,282,283,286],[5,7,11,14,15,18,24,29,30,31,32,38,64,69,73,75,77,87,98,108,113,120,128,133,135,151,160,164,167,169,176,177,195,209,211,216,220,225,232,233,234,251,259,276,277,292,298]].
[[5,7,11,14,15,18,24,29,30,31,32,38,64,69,73,75,77,87,98,108,113,120,128,133,135,151,160,164,167,169,176,177,195,209,211,216,220,225,232,233,234,251,259,276,277,292,298],[1,3,4,6,8,9,10,12,13,17,19,21,22,23,25,26,27,28,34,36,39,40,42,43,46,47,48,50,52,53,54,57,58,59,60,61,63,65,66,70,71,72,74,76,80,81,82,83,84,85,86,88,90,94,96,97,99,100,101,102,103,104,105,106,107,109,110,111,112,115,117,118,119,121,122,123,124,125,126,127,130,131,132,134,137,138,139,140,141,142,143,144,145,146,147,150,153,154,155,156,157,158,159,161,162,163,165,168,170,171,175,179,180,181,182,183,184,185,188,189,190,191,192,194,196,197,198,199,200,202,203,204,206,207,208,212,213,214,217,219,221,223,224,227,229,230,231,235,237,238,239,240,241,242,243,244,245,246,247,248,249,250,252,253,256,257,258,261,262,263,265,269,270,271,274,275,279,280,281,284,285,287,288,289,290,291,293,294,295,296,297,299,300],[35,93,95,116,173,174,186,215,218,222,228,268,272]].
[[5,7,11,14,15,18,24,29,30,31,32,38,64,69,73,75,77,87,98,108,113,120,128,133,135,151,160,164,167,169,176,177,195,209,211,216,220,225,232,233,234,251,259,276,277,292,298],[1,3,4,6,8,9,10,12,13,17,19,21,22,23,25,26,27,28,34,36,39,40,42,43,46,47,48,50,52,53,54,57,58,59,60,61,63,65,66,70,71,72,74,76,80,81,82,83,84,85,86,88,90,94,96,97,99,100,101,102,103,104,105,106,107,109,110,111,112,115,117,118,119,121,122,123,124,125,126,127,130,131,132,134,137,138,139,140,141,142,143,144,145,146,147,150,153,154,155,156,157,158,159,161,162,163,165,168,170,171,175,179,180,181,182,183,184,185,188,189,190,191,192,194,196,197,198,199,200,202,203,204,206,207,208,212,213,214,217,219,221,223,224,227,229,230,231,235,237,238,239,240,241,242,243,244,245,246,247,248,249,250,252,253,256,257,258,261,262,263,265,269,270,271,274,275,279,280,281,284,285,287,288,289,290,291,293,294,295,296,297,299,300],[35,93,95,116,173,174,186,215,218,222,228,268,272]].
[[2,16,20,33,37,41,44,45,49,51,55,56,62,67,68,78,79,89,91,92,114,129,136,148,149,152,166,172,178,187,193,201,205,210,226,236,254,255,260,264,266,267,273,278,282,283,286],[35,93,95,116,173,174,186,215,218,222,228,268,272],[1,3,4,6,8,9,10,12,13,17,19,21,22,23,25,26,27,28,34,36,39,40,42,43,46,47,48,50,52,53,54,57,58,59,60,61,63,65,66,70,71,72,74,76,80,81,82,83,84,85,86,88,90,94,96,97,99,100,101,102,103,104,105,106,107,109,110,111,112,115,117,118,119,121,122,123,124,125,126,127,130,131,132,134,137,138,139,140,141,142,143,144,145,146,147,150,153,154,155,156,157,158,159,161,162,163,165,168,170,171,175,179,180,181,182,183,184,185,188,189,190,191,192,194,196,197,198,199,200,202,203,204,206,207,208,212,213,214,217,219,221,223,224,227,229,230,231,235,237,238,239,240,241,242,243,244,245,246,247,248,249,250,252,253,256,257,258,261,262,263,265,269,270,271,274,275,279,280,281,284,285,287,288,289,290,291,293,294,295,296,297,299,300]].
[[35,93,95,116,173,174,186,215,218,222,228,268,272],[2,16,20,33,37,41,44,45,49,51,55,56,62,67,68,78,79,89,91,92,114,129,136,148,149,152,166,172,178,187,193,201,205,210,226,236,254,255,260,264,266,267,273,278,282,283,286],[5,7,11,14,15,18,24,29,30,31,32,38,64,69,73,75,77,87,98,108,113,120,128,133,135,151,160,164,167,169,176,177,195,209,211,216,220,225,232,233,234,251,259,276,277,292,298]].
[[1,3,4,6,8,9,10,12,13,17,19,21,22,23,25,26,27,28,34,36,39,40,42,43,46,47,48,50,52,53,54,57,58,59,60,61,63,65,66,70,71,72,74,76,80,81,82,83,84,85,86,88,90,94,96,97,99,100,101,102,103,104,105,106,107,109,110,111,112,115,117,118,119,121,122,123,124,125,126,127,130,131,132,134,137,138,139,140,141,142,143,144,145,146,147,150,153,154,155,156,157,158,159,161,162,163,165,168,170,171,175,179,180,181,182,183,184,185,188,189,190,191,192,194,196,197,198,199,200,202,203,204,206,207,208,212,213,214,217,219,221,223,224,227,229,230,231,235,237,238,239,240,241,242,243,244,245,246,247,248,249,250,252,253,256,257,258,261,262,263,265,269,270,271,274,275,279,280,281,284,285,287,288,289,290,291,293,294,295,296,297,299,300],[5,7,11,14,15,18,24,29,30,31,32,38,64,69,73,75,77,87,98,108,113,120,128,133,135,151,160,164,167,169,176,177,195,209,211,216,220,225,232,233,234,251,259,276,277,292,298],[2,16,20,33,37,41,44,45,49,51,55,56,62,67,68,78,79,89,91,92,114,129,136,148,149,152,166,172,178,187,193,201,205,210,226,236,254,255,260,264,266,267,273,278,282,283,286]].
[[5,7,11,14,15,18,24,29,30,31,32,38,64,69,73,75,77,87,98,108,113,120,128,133,135,151,160,164,167,169,176,177,195,209,211,216,220,225,232,233,234,251,259,276,277,292,298],[1,3,4,6,8,9,10,12,13,17,19,21,22,23,25,26,27,28,34,36,39,40,42,43,46,47,48,50,52,53,54,57,58,59,60,61,63,65,66,70,71,72,74,76,80,81,82,83,84,85,86,88,90,94,96,97,99,100,101,102,103,104,105,106,107,109,110,111,112,115,117,118,119,121,122,123,124,125,126,127,130,131,132,134,137,138,139,140,141,142,143,144,145,146,147,150,153,154,155,156,157,158,159,161,162,163,165,168,170,171,175,179,180,181,182,183,184,185,188,189,190,191,192,194,196,197,198,199,200,202,203,204,206,207,208,212,213,214,217,219,221,223,224,227,229,230,231,235,237,238,239,240,241,242,243,244,245,246,247,248,249,250,252,253,256,257,258,261,262,263,265,269,270,271,274,275,279,280,281,284,285,287,288,289,290,291,293,294,295,296,297,299,300],[35,93,95,116,173,174,186,215,218,222,228,268,272]].
[[1,3,4,6,8,9,10,12,13,17,19,21,22,23,25,26,27,28,34,36,39,40,42,43,46,47,48,50,52,53,54,57,58,59,60,61,63,65,66,70,71,72,74,76,80,81,82,83,84,85,86,88,90,94,96,97,99,100,101,102,103,104,105,106,107,109,110,111,112,115,117,118,119,121,122,123,124,125,126,127,130,131,132,134,137,138,139,140,141,142,143,144,145,146,147,150,153,154,155,156,157,158,159,161,162,163,165,168,170,171,175,179,180,181,182,183,184,185,188,189,190,191,192,194,196,197,198,199,200,202,203,204,206,207,208,212,213,214,217,219,221,223,224,227,229,230,231,235,237,238,239,240,241,242,243,244,245,246,247,248,249,250,252,253,256,257,258,261,262,263,265,269,270,271,274,275,279,280,281,284,285,287,288,289,290,291,293,294,295,296,297,299,300],[5,7,11,14,15,18,24,29,30,31,32,38,64,69,73,75,77,87,98,108,113,120,128,133,135,151,160,164,167,169,176,177,195,209,211,216,220,225,232,233,234,251,259,276,277,292,298],[2,16,20,33,37,41,44,45,49,51,55,56,62,67,68,78,79,89,91,92,114,129,136,148,149,152,166,172,178,187,193,201,205,210,226,236,254,255,260,264,266,267,273,278,282,283,286]].
[[35,93,95,116,173,174,186,215,218,222,228,268,272],[2,16,20,33,37,41,44,45,49,51,55,56,62,67,68,78,79,89,91,92,114,129,136,148,149,152,166,172,178,187,193,201,205,210,226,236,254,255,260,264,266,267,273,278,282,283,286],[5,7,11,14,15,18,24,29,30,31,32,38,64,69,73,75,77,87,98,108,113,120,128,133,135,151,160,164,167,169,176,177,195,209,211,216,220,225,232,233,234,251,259,276,277,292,298]].
[[1,3,4,6,8,9,10,12,13,17,19,21,22,23,25,26,27,28,34,36,39,40,42,43,46,47,48,50,52,53,54,57,58,59,60,61,63,65,66,70,71,72,74,76,80,81,82,83,84,85,86,88,90,94,96,97,99,100,101,102,103,104,105,106,107,109,110,111,112,115,117,118,119,121,122,123,124,125,126,127,130,131,132,134,137,138,139,140,141,142,143,144,145,146,147,150,153,154,155,156,157,158,159,161,162,163,165,168,170,171,175,179,180,181,182,183,184,185,188,189,190,191,192,194,196,197,198,199,200,202,203,204,206,207,208,212,213,214,217,219,221,223,224,227,229,230,231,235,237,238,239,240,241,242,243,244,245,246,247,248,249,250,252,253,256,257,258,261,262,263,265,269,270,271,274,275,279,280,281,284,285,287,288,289,290,291,293,294,295,296,297,299,300],[5,7,11,14,15,18,24,29,30,31,32,38,64,69,73,75,77,87,98,108,113,120,128,133,135,151,160,164,167,169,176,177,195,209,211,216,220,225,232,233,234,251,259,276,277,292,298],[2,16,20,33,37,41,44,45,49,51,55,56,62,67,68,78,79,89,91,92,114,129,136,148,149,152,166,172,178,187,193,201,205,210,226,236,254,255,260,264,266,267,273,278,282,283,286]].
[[2,16,20,33,37,41,44,45,49,51,55,56,62,67,68,78,79,89,91,92,114,129,136,148,149,152,166,172,178,187,193,201,205,210,226,236,254,255,260,264,266,267,273,278,282,283,286],[35,93,95,116,173,174,186,215,218,222,228,268,272],[1,3,4,6,8,9,10,12,13,17,19,21,22,23,25,26,27,28,34,36,39,40,42,43,46,47,48,50,52,53,54,57,58,59,60,61,63,65,66,70,71,72,74,76,80,81,82,83,84,85,86,88,90,94,96,97,99,100,101,102,103,104,105,106,107,109,110,111,112,115,117,118,119,121,122,123,124,125,126,127,130,131,132,134,137,138,139,140,141,142,143,144,145,146,147,150,153,154,155,156,157,158,159,161,162,163,165,168,170,171,175,179,180,181,182,183,184,185,188,189,190,191,192,194,196,197,198,199,200,202,203,204,206,207,208,212,213,214,217,219,221,223,224,227,229,230,231,235,237,238,239,240,241,242,243,244,245,246,247,248,249,250,252,253,256,257,258,261,262,263,265,269,270,271,274,275,279,280,281,284,285,287,288,289,290,291,293,294,295,296,297,299,300]].
[[1,3,4,6,8,9,10,12,13,17,19,21,22,23,25,26,27,28,34,36,39,40,42,43,46,47,48,50,52,53,54,57,58,59,60,61,63,65,66,70,71,72,74,76,80,81,82,83,84,85,86,88,90,94,96,97,99,100,101,102,103,104,105,106,107,109,110,111,112,115,117,118,119,121,122,123,124,125,126,127,130,131,132,134,137,138,139,140,141,142,143,144,145,146,147,150,153,154,155,156,157,158,159,161,162,163,165,168,170,171,175,179,180,181,182,183,184,185,188,189,190,191,192,194,196,197,198,199,200,202,203,204,206,207,208,212,213,214,217,219,221,223,224,227,229,230,231,235,237,238,239,240,241,242,243,244,245,246,247,248,249,250,252,253,256,257,258,261,262,263,265,269,270,271,274,275,279,280,281,284,285,287,288,289,290,291,293,294,295,296,297,299,300],[5,7,11,14,15,18,24,29,30,31,32,38,64,69,73,75,77,87,98,108,113,120,128,133,135,151,160,164,167,169,176,177,195,209,211,216,220,225,232,233,234,251,259,276,277,292,298],[2,16,20,33,37,41,44,45,49,51,55,56,62,67,68,78,79,89,91,92,114,129,136,148,149,152,166,172,178,187,193,201,205,210,226,236,254,255,260,264,266,267,273,278,282,283,286]].
[[5,7,11,14,15,18,24,29,30,31,32,38,64,69,73,75,77,87,98,108,113,120,128,133,135,151,160,164,167,169,176,177,195,209,211,216,220,225,232,233,234,251,259,276,277,292,298],[1,3,4,6,8,9,10,12,13,17,19,21,22,23,25,26,27,28,34,36,39,40,42,43,46,47,48,50,52,53,54,57,58,59,60,61,63,65,66,70,71,72,74,76,80,81,82,83,84,85,86,88,90,94,96,97,99,100,101,102,103,104,105,106,107,109,110,111,112,115,117,118,119,121,122,123,124,125,126,127,130,131,132,134,137,138,139,140,141,142,143,144,145,146,147,150,153,154,155,156,157,158,159,161,162,163,165,168,170,171,175,179,180,181,182,183,184,185,188,189,190,191,192,194,196,197,198,199,200,202,203,204,206,207,208,212,213,214,217,219,221,223,224,227,229,230,231,235,237,238,239,240,241,242,243,244,245,246,247,248,249,250,252,253,256,257,258,261,262,263,265,269,270,271,274,275,279,280,281,284,285,287,288,289,290,291,293,294,295,296,297,299,300],[35,93,95,116,173,174,186,215,218,222,228,268,272]].
[[2,16,20,33,37,41,44,45,49,51,55,56,62,67,68,78,79,89,91,92,114,129,136,148,149,152,166,172,178,187,193,201,205,210,226,236,254,255,260,264,266,267,273,278,282,283,286],[35,93,95,116,173,174,186,215,218,222,228,268,272],[1,3,4,6,8,9,10,12,13,17,19,21,22,23,25,26,27,28,34,36,39,40,42,43,46,47,48,50,52,53,54,57,58,59,60,61,63,65,66,70,71,72,74,76,80,81,82,83,84,85,86,88,90,94,96,97,99,100,101,102,103,104,105,106,107,109,110,111,112,115,117,118,119,121,122,123,124,125,126,127,130,131,132,134,137,138,139,140,141,142,143,144,145,146,147,150,153,154,155,156,157,158,159,161,162,163,165,168,170,171,175,179,180,181,182,183,184,185,188,189,190,191,192,194,196,197,198,199,200,202,203,204,206,207,208,212,213,214,217,219,221,223,224,227,229,230,231,235,237,238,239,240,241,242,243,244,245,246,247,248,249,250,252,253,256,257,258,261,262,263,265,269,270,271,274,275,279,280,281,284,285,287,288,289,290,291,293,294,295,296,297,299,300]].
