[[1,2,7,19,20,22,32,35,39,47,57,67,74,79,87,89,90,93,94,119,120,121,128,132,140,145,153,162,170,174,178,183,192,196,201,205,214,245,246,256,258,259,274,275,282,298,299,300],[3,6,8,9,10,11,12,13,14,17,21,24,25,26,27,28,29,30,31,33,34,36,37,38,40,41,42,43,44,45,46,48,49,50,51,52,53,55,56,58,60,63,66,68,69,70,71,72,73,75,77,78,80,81,82,83,84,85,86,88,91,92,95,98,99,101,102,103,104,107,108,109,110,111,112,114,115,117,118,125,127,129,130,133,134,135,137,138,139,141,142,143,146,147,149,150,151,152,157,158,159,164,165,166,167,168,169,171,176,177,179,180,181,182,185,186,187,188,189,190,191,193,194,195,197,199,202,203,204,206,207,210,211,212,213,215,216,217,218,219,221,222,223,224,225,228,229,230,232,233,234,236,237,238,240,241,242,243,244,248,249,250,253,254,255,257,260,261,262,263,264,265,268,270,273,276,277,278,279,281,283,284,285,286,287,288,289,292,293,294,295,297],[5,16,59,61,62,96,113,124,155,156,266,267]].
[[5,16,59,61,62,96,113,124,155,156,266,267],[4,15,18,23,54,64,65,76,97,100,105,106,116,122,123,126,131,136,144,148,154,160,161,163,172,173,175,184,198,200,208,209,220,226,227,231,235,239,247,251,252,269,271,272,280,290,291,296],[1,2,7,19,20,22,32,35,39,47,57,67,74,79,87,89,90,93,94,119,120,121,128,132,140,145,153,162,170,174,178,183,192,196,201,205,214,245,246,256,258,259,274,275,282,298,299,300]].
[[4,15,18,23,54,64,65,76,97,100,105,106,116,122,123,126,131,136,144,148,154,160,161,163,172,173,175,184,198,200,208,209,220,226,227,231,235,239,247,251,252,269,271,272,280,290,291,296],[5,16,59,61,62,96,113,124,155,156,266,267],[3,6,8,9,10,11,12,13,14,17,21,24,25,26,27,28,29,30,31,33,34,36,37,38,40,41,42,43,44,45,46,48,49,50,51,52,53,55,56,58,60,63,66,68,69,70,71,72,73,75,77,78,80,81,82,83,84,85,86,88,91,92,95,98,99,101,102,103,104,107,108,109,110,111,112,114,115,117,118,125,127,129,130,133,134,135,137,138,139,141,142,143,146,147,149,150,151,152,157,158,159,164,165,166,167,168,169,171,176,177,179,180,181,182,185,186,187,188,189,190,191,193,194,195,197,199,202,203,204,206,207,210,211,212,213,215,216,217,218,219,221,222,223,224,225,228,229,230,232,233,234,236,237,238,240,241,242,243,244,248,249,250,253,254,255,257,260,261,262,263,264,265,268,270,273,276,277,278,279,281,283,284,285,286,287,288,289,292,293,294,295,297]].
[[5,16,59,61,62,96,113,124,155,156,266,267],[4,15,18,23,54,64,65,76,97,100,105,106,116,122,123,126,131,136,144,148,154,160,161,163,172,173,175,184,198,200,208,209,220,226,227,231,235,239,247,251,252,269,271,272,280,290,291,296],[1,2,7,19,20,22,32,35,39,47,57,67,74,79,87,89,90,93,94,119,120,121,128,132,140,145,153,162,170,174,178,183,192,196,201,205,214,245,246,256,258,259,274,275,282,298,299,300]].
[[1,2,7,19,20,22,32,35,39,47,57,67,74,79,87,89,90,93,94,119,120,121,128,132,140,145,153,162,170,174,178,183,192,196,201,205,214,245,246,256,258,259,274,275,282,298,299,300],[3,6,8,9,10,11,12,13,14,17,21,24,25,26,27,28,29,30,31,33,34,36,37,38,40,41,42,43,44,45,46,48,49,50,51,52,53,55,56,58,60,63,66,68,69,70,71,72,73,75,77,78,80,81,82,83,84,85,86,88,91,92,95,98,99,101,102,103,104,107,108,109,110,111,112,114,115,117,118,125,127,129,130,133,134,135,137,138,139,141,142,143,146,147,149,150,151,152,157,158,159,164,165,166,167,168,169,171,176,177,179,180,181,182,185,186,187,188,189,190,191,193,194,195,197,199,202,203,204,206,207,210,211,212,213,215,216,217,218,219,221,222,223,224,225,228,229,230,232,233,234,236,237,238,240,241,242,243,244,248,249,250,253,254,255,257,260,261,262,263,264,265,268,270,273,276,277,278,279,281,283,284,285,286,287,288,289,292,293,294,295,297],[5,16,59,61,62,96,113,124,155,156,266,267]].
[[1,2,7,19,20,22,32,35,39,47,57,67,74,79,87,89,90,93,94,119,120,121,128,132,140,145,153,162,170,174,178,183,192,196,201,205,214,245,246,256,258,259,274,275,282,298,299,300],[3,6,8,9,10,11,12,13,14,17,21,24,25,26,27,28,29,30,31,33,34,36,37,38,40,41,42,43,44,45,46,48,49,50,51,52,53,55,56,58,60,63,66,68,69,70,71,72,73,75,77,78,80,81,82,83,84,85,86,88,91,92,95,98,99,101,102,103,104,107,108,109,110,111,112,114,115,117,118,125,127,129,130,133,134,135,137,138,139,141,142,143,146,147,149,150,151,152,157,158,159,164,165,166,167,168,169,171,176,177,179,180,181,182,185,186,187,188,189,190,191,193,194,195,197,199,202,203,204,206,207,210,211,212,213,215,216,217,218,219,221,222,223,224,225,228,229,230,232,233,234,236,237,238,240,241,242,243,244,248,249,250,253,254,255,257,260,261,262,263,264,265,268,270,273,276,277,278,279,281,283,284,285,286,287,288,289,292,293,294,295,297],[5,16,59,61,62,96,113,124,155,156,266,267]].
[[5,16,59,61,62,96,113,124,155,156,266,267],[4,15,18,23,54,64,65,76,97,100,105,106,116,122,123,126,131,136,144,148,154,160,161,163,172,173,175,184,198,200,208,209,220,226,227,231,235,239,247,251,252,269,271,272,280,290,291,296],[1,2,7,19,20,22,32,35,39,47,57,67,74,79,87,89,90,93,94,119,120,121,128,132,140,145,153,162,170,174,178,183,192,196,201,205,214,245,246,256,258,259,274,275,282,298,299,300]].
[[1,2,7,19,20,22,32,35,39,47,57,67,74,79,87,89,90,93,94,119,120,121,128,132,140,145,153,162,170,174,178,183,192,196,201,205,214,245,246,256,258,259,274,275,282,298,299,300],[3,6,8,9,10,11,12,13,14,17,21,24,25,26,27,28,29,30,31,33,34,36,37,38,40,41,42,43,44,45,46,48,49,50,51,52,53,55,56,58,60,63,66,68,69,70,71,72,73,75,77,78,80,81,82,83,84,85,86,88,91,92,95,98,99,101,102,103,104,107,108,109,110,111,112,114,115,117,118,125,127,129,130,133,134,135,137,138,139,141,142,143,146,147,149,150,151,152,157,158,159,164,165,166,167,168,169,171,176,177,179,180,181,182,185,186,187,188,189,190,191,193,194,195,197,199,202,203,204,206,207,210,211,212,213,215,216,217,218,219,221,222,223,224,225,228,229,230,232,233,234,236,237,238,240,241,242,243,244,248,249,250,253,254,255,257,260,261,262,263,264,265,268,270,273,276,277,278,279,281,283,284,285,286,287,288,289,292,293,294,295,297],[5,16,59,61,62,96,113,124,155,156,266,267]].
[[3,6,8,9,10,11,12,13,14,17,21,24,25,26,27,28,29,30,31,33,34,36,37,38,40,41,42,43,44,45,46,48,49,50,51,52,53,55,56,58,60,63,66,68,69,70,71,72,73,75,77,78,80,81,82,83,84,85,86,88,91,92,95,98,99,101,102,103,104,107,108,109,110,111,112,114,115,117,118,125,127,129,130,133,134,135,137,138,139,141,142,143,146,147,149,150,151,152,157,158,159,164,165,166,167,168,169,171,176,177,179,180,181,182,185,186,187,188,189,190,191,193,194,195,197,199,202,203,204,206,207,210,211,212,213,215,216,217,218,219,221,222,223,224,225,228,229,230,232,233,234,236,237,238,240,241,242,243,244,248,249,250,253,254,255,257,260,261,262,263,264,265,268,270,273,276,277,278,279,281,283,284,285,286,287,288,289,292,293,294,295,297],[1,2,7,19,20,22,32,35,39,47,57,67,74,79,87,89,90,93,94,119,120,121,128,132,140,145,153,162,170,174,178,183,192,196,201,205,214,245,246,256,258,259,274,275,282,298,299,300],[4,15,18,23,54,64,65,76,97,100,105,106,116,122,123,126,131,136,144,148,154,160,161,163,172,173,175,184,198,200,208,209,220,226,227,231,235,239,247,251,252,269,271,272,280,290,291,296]].
[[3,6,8,9,10,11,12,13,14,17,21,24,25,26,27,28,29,30,31,33,34,36,37,38,40,41,42,43,44,45,46,48,49,50,51,52,53,55,56,58,60,63,66,68,69,70,71,72,73,75,77,78,80,81,82,83,84,85,86,88,91,92,95,98,99,101,102,103,104,107,108,109,110,111,112,114,115,117,118,125,127,129,130,133,134,135,137,138,139,141,142,143,146,147,149,150,151,152,157,158,159,164,165,166,167,168,169,171,176,177,179,180,181,182,185,186,187,188,189,190,191,193,194,195,197,199,202,203,204,206,207,210,211,212,213,215,216,217,218,219,221,222,223,224,225,228,229,230,232,233,234,236,237,238,240,241,242,243,244,248,249,250,253,254,255,257,260,261,262,263,264,265,268,270,273,276,277,278,279,281,283,284,285,286,287,288,289,292,293,294,295,297],[1,2,7,19,20,22,32,35,39,47,57,67,74,79,87,89,90,93,94,119,120,121,128,132,140,145,153,162,170,174,178,183,192,196,201,205,214,245,246,256,258,259,274,275,282,298,299,300],[4,15,18,23,54,64,65,76,97,100,105,106,116,122,123,126,131,136,144,148,154,160,161,163,172,173,175,184,198,200,208,209,220,226,227,231,235,239,247,251,252,269,271,272,280,290,291,296]].
[[3,6,8,9,10,11,12,13,14,17,21,24,25,26,27,28,29,30,31,33,34,36,37,38,40,41,42,43,44,45,46,48,49,50,51,52,53,55,56,58,60,63,66,68,69,70,71,72,73,75,77,78,80,81,82,83,84,85,86,88,91,92,95,98,99,101,102,103,104,107,108,109,110,111,112,114,115,117,118,125,127,129,130,133,134,135,137,138,139,141,142,143,146,147,149,150,151,152,157,158,159,164,165,166,167,168,169,171,176,177,179,180,181,182,185,186,187,188,189,190,191,193,194,195,197,199,202,203,204,206,207,210,211,212,213,215,216,217,218,219,221,222,223,224,225,228,229,230,232,233,234,236,237,238,240,241,242,243,244,248,249,250,253,254,255,257,260,261,262,263,264,265,268,270,273,276,277,278,279,281,283,284,285,286,287,288,289,292,293,294,295,297],[1,2,7,19,20,22,32,35,39,47,57,67,74,79,87,89,90,93,94,119,120,121,128,132,140,145,153,162,170,174,178,183,192,196,201,205,214,245,246,256,258,259,274,275,282,298,299,300],[4,15,18,23,54,64,65,76,97,100,105,106,116,122,123,126,131,136,144,148,154,160,161,163,172,173,175,184,198,200,208,209,220,226,227,231,235,239,247,251,252,269,271,272,280,290,291,296]].
[[4,15,18,23,54,64,65,76,97,100,105,106,116,122,123,126,131,136,144,148,154,160,161,163,172,173,175,184,198,200,208,209,220,226,227,231,235,239,247,251,252,269,271,272,280,290,291,296],[5,16,59,61,62,96,113,124,155,156,266,267],[3,6,8,9,10,11,12,13,14,17,21,24,25,26,27,28,29,30,31,33,34,36,37,38,40,41,42,43,44,45,46,48,49,50,51,52,53,55,56,58,60,63,66,68,69,70,71,72,73,75,77,78,80,81,82,83,84,85,86,88,91,92,95,98,99,101,102,103,104,107,108,109,110,111,112,114,115,117,118,125,127,129,130,133,134,135,137,138,139,141,142,143,146,147,149,150,151,152,157,158,159,164,165,166,167,168,169,171,176,177,179,180,181,182,185,186,187,188,189,190,191,193,194,195,197,199,202,203,204,206,207,210,211,212,213,215,216,217,218,219,221,222,223,224,225,228,229,230,232,233,234,236,237,238,240,241,242,243,244,248,249,250,253,254,255,257,260,261,262,263,264,265,268,270,273,276,277,278,279,281,283,284,285,286,287,288,289,292,293,294,295,297]].
[[1,2,7,19,20,22,32,35,39,47,57,67,74,79,87,89,90,93,94,119,120,121,128,132,140,145,153,162,170,174,178,183,192,196,201,205,214,245,246,256,258,259,274,275,282,298,299,300],[3,6,8,9,10,11,12,13,14,17,21,24,25,26,27,28,29,30,31,33,34,36,37,38,40,41,42,43,44,45,46,48,49,50,51,52,53,55,56,58,60,63,66,68,69,70,71,72,73,75,77,78,80,81,82,83,84,85,86,88,91,92,95,98,99,101,102,103,104,107,108,109,110,111,112,114,115,117,118,125,127,129,130,133,134,135,137,138,139,141,142,143,146,147,149,150,151,152,157,158,159,164,165,166,167,168,169,171,176,177,179,180,181,182,185,186,187,188,189,190,191,193,194,195,197,199,202,203,204,206,207,210,211,212,213,215,216,217,218,219,221,222,223,224,225,228,229,230,232,233,234,236,237,238,240,241,242,243,244,248,249,250,253,254,255,257,260,261,262,263,264,265,268,270,273,276,277,278,279,281,283,284,285,286,287,288,289,292,293,294,295,297],[5,16,59,61,62,96,113,124,155,156,266,267]].
[[5,16,59,61,62,96,113,124,155,156,266,267],[4,15,18,23,54,64,65,76,97,100,105,106,116,122,123,126,131,136,144,148,154,160,161,163,172,173,175,184,198,200,208,209,220,226,227,231,235,239,247,251,252,269,271,272,280,290,291,296],[1,2,7,19,20,22,32,35,39,47,57,67,74,79,87,89,90,93,94,119,120,121,128,132,140,145,153,162,170,174,178,183,192,196,201,205,214,245,246,256,258,259,274,275,282,298,299,300]].
[[3,6,8,9,10,11,12,13,14,17,21,24,25,26,27,28,29,30,31,33,34,36,37,38,40,41,42,43,44,45,46,48,49,50,51,52,53,55,56,58,60,63,66,68,69,70,71,72,73,75,77,78,80,81,82,83,84,85,86,88,91,92,95,98,99,101,102,103,104,107,108,109,110,111,112,114,115,117,118,125,127,129,130,133,134,135,137,138,139,141,142,143,146,147,149,150,151,152,157,158,159,164,165,166,167,168,169,171,176,177,179,180,181,182,185,186,187,188,189,190,191,193,194,195,197,199,202,203,204,206,207,210,211,212,213,215,216,217,218,219,221,222,223,224,225,228,229,230,232,233,234,236,237,238,240,241,242,243,244,248,249,250,253,254,255,257,260,261,262,263,264,265,268,270,273,276,277,278,279,281,283,284,285,286,287,288,289,292,293,294,295,297],[1,2,7,19,20,22,32,35,39,47,57,67,74,79,87,89,90,93,94,119,120,121,128,132,140,145,153,162,170,174,178,183,192,196,201,205,214,245,246,256,258,259,274,275,282,298,299,300],[4,15,18,23,54,64,65,76,97,100,105,106,116,122,123,126,131,136,144,148,154,160,161,163,172,173,175,184,198,200,208,209,220,226,227,231,235,239,247,251,252,269,271,272,280,290,291,296]].
[[3,6,8,9,10,11,12,13,14,17,21,24,25,26,27,28,29,30,31,33,34,36,37,38,40,41,42,43,44,45,46,48,49,50,51,52,53,55,56,58,60,63,66,68,69,70,71,72,73,75,77,78,80,81,82,83,84,85,86,88,91,92,95,98,99,101,102,103,104,107,108,109,110,111,112,114,115,117,118,125,127,129,130,133,134,135,137,138,139,141,142,143,146,147,149,150,151,152,157,158,159,164,165,166,167,168,169,171,176,177,179,180,181,182,185,186,187,188,189,190,191,193,194,195,197,199,202,203,204,206,207,210,211,212,213,215,216,217,218,219,221,222,223,224,225,228,229,230,232,233,234,236,237,238,240,241,242,243,244,248,249,250,253,254,255,257,260,261,262,263,264,265,268,270,273,276,277,278,279,281,283,284,285,286,287,288,289,292,293,294,295,297],[1,2,7,19,20,22,32,35,39,47,57,67,74,79,87,89,90,93,94,119,120,121,128,132,140,145,153,162,170,174,178,183,192,196,201,205,214,245,246,256,258,259,274,275,282,298,299,300],[4,15,18,23,54,64,65,76,97,100,105,106,116,122,123,126,131,136,144,148,154,160,161,163,172,173,175,184,198,200,208,209,220,226,227,231,235,239,247,251,252,269,271,272,280,290,291,296]].
[[4,15,18,23,54,64,65,76,97,100,105,106,116,122,123,126,131,136,144,148,154,160,161,163,172,173,175,184,198,200,208,209,220,226,227,231,235,239,247,251,252,269,271,272,280,290,291,296],[5,16,59,61,62,96,113,124,155,156,266,267],[3,6,8,9,10,11,12,13,14,17,21,24,25,26,27,28,29,30,31,33,34,36,37,38,40,41,42,43,44,45,46,48,49,50,51,52,53,55,56,58,60,63,66,68,69,70,71,72,73,75,77,78,80,81,82,83,84,85,86,88,91,92,95,98,99,101,102,103,104,107,108,109,110,111,112,114,115,117,118,125,127,129,130,133,134,135,137,138,139,141,142,143,146,147,149,150,151,152,157,158,159,164,165,166,167,168,169,171,176,177,179,180,181,182,185,186,187,188,189,190,191,193,194,195,197,199,202,203,204,206,207,210,211,212,213,215,216,217,218,219,221,222,223,224,225,228,229,230,232,233,234,236,237,238,240,241,242,243,244,248,249,250,253,254,255,257,260,261,262,263,264,265,268,270,273,276,277,278,279,281,283,284,285,286,287,288,289,292,293,294,295,297]].
[[5,16,59,61,62,96,113,124,155,156,266,267],[4,15,18,23,54,64,65,76,97,100,105,106,116,122,123,126,131,136,144,148,154,160,161,163,172,173,175,184,198,200,208,209,220,226,227,231,235,239,247,251,252,269,271,272,280,290,291,296],[1,2,7,19,20,22,32,35,39,47,57,67,74,79,87,89,90,93,94,119,120,121,128,132,140,145,153,162,170,174,178,183,192,196,201,205,214,245,246,256,258,259,274,275,282,298,299,300]].
[[3,6,8,9,10,11,12,13,14,17,21,24,25,26,27,28,29,30,31,33,34,36,37,38,40,41,42,43,44,45,46,48,49,50,51,52,53,55,56,58,60,63,66,68,69,70,71,72,73,75,77,78,80,81,82,83,84,85,86,88,91,92,95,98,99,101,102,103,104,107,108,109,110,111,112,114,115,117,118,125,127,129,130,133,134,135,137,138,139,141,142,143,146,147,149,150,151,152,157,158,159,164,165,166,167,168,169,171,176,177,179,180,181,182,185,186,187,188,189,190,191,193,194,195,197,199,202,203,204,206,207,210,211,212,213,215,216,217,218,219,221,222,223,224,225,228,229,230,232,233,234,236,237,238,240,241,242,243,244,248,249,250,253,254,255,257,260,261,262,263,264,265,268,270,273,276,277,278,279,281,283,284,285,286,287,288,289,292,293,294,295,297],[1,2,7,19,20,22,32,35,39,47,57,67,74,79,87,89,90,93,94,119,120,121,128,132,140,145,153,162,170,174,178,183,192,196,201,205,214,245,246,256,258,259,274,275,282,298,299,300],[4,15,18,23,54,64,65,76,97,100,105,106,116,122,123,126,131,136,144,148,154,160,161,163,172,173,175,184,198,200,208,209,220,226,227,231,235,239,247,251,252,269,271,272,280,290,291,296]].
[[3,6,8,9,10,11,12,13,14,17,21,24,25,26,27,28,29,30,31,33,34,36,37,38,40,41,42,43,44,45,46,48,49,50,51,52,53,55,56,58,60,63,66,68,69,70,71,72,73,75,77,78,80,81,82,83,84,85,86,88,91,92,95,98,99,101,102,103,104,107,108,109,110,111,112,114,115,117,118,125,127,129,130,133,134,135,137,138,139,141,142,143,146,147,149,150,151,152,157,158,159,164,165,166,167,168,169,171,176,177,179,180,181,182,185,186,187,188,189,190,191,193,194,195,197,199,202,203,204,206,207,210,211,212,213,215,216,217,218,219,221,222,223,224,225,228,229,230,232,233,234,236,237,238,240,241,242,243,244,248,249,250,253,254,255,257,260,261,262,263,264,265,268,270,273,276,277,278,279,281,283,284,285,286,287,288,289,292,293,294,295,297],[1,2,7,19,20,22,32,35,39,47,57,67,74,79,87,89,90,93,94,119,120,121,128,132,140,145,153,162,170,174,178,183,192,196,201,205,214,245,246,256,258,259,274,275,282,298,299,300],[4,15,18,23,54,64,65,76,97,100,105,106,116,122,123,126,131,136,144,148,154,160,161,163,172,173,175,184,198,200,208,209,220,226,227,231,235,239,247,251,252,269,271,272,280,290,291,296]].
[[5,16,59,61,62,96,113,124,155,156,266,267],[4,15,18,23,54,64,65,76,97,100,105,106,116,122,123,126,131,136,144,148,154,160,161,163,172,173,175,184,198,200,208,209,220,226,227,231,235,239,247,251,252,269,271,272,280,290,291,296],[1,2,7,19,20,22,32,35,39,47,57,67,74,79,87,89,90,93,94,119,120,121,128,132,140,145,153,162,170,174,178,183,192,196,201,205,214,245,246,256,258,259,274,275,282,298,299,300]].
[[1,2,7,19,20,22,32,35,39,47,57,67,74,79,87,89,90,93,94,119,120,121,128,132,140,145,153,162,170,174,178,183,192,196,201,205,214,245,246,256,258,259,274,275,282,298,299,300],[3,6,8,9,10,11,12,13,14,17,21,24,25,26,27,28,29,30,31,33,34,36,37,38,40,41,42,43,44,45,46,48,49,50,51,52,53,55,56,58,60,63,66,68,69,70,71,72,73,75,77,78,80,81,82,83,84,85,86,88,91,92,95,98,99,101,102,103,104,107,108,109,110,111,112,114,115,117,118,125,127,129,130,133,134,135,137,138,139,141,142,143,146,147,149,150,151,152,157,158,159,164,165,166,167,168,169,171,176,177,179,180,181,182,185,186,187,188,189,190,191,193,194,195,197,199,202,203,204,206,207,210,211,212,213,215,216,217,218,219,221,222,223,224,225,228,229,230,232,233,234,236,237,238,240,241,242,243,244,248,249,250,253,254,255,257,260,261,262,263,264,265,268,270,273,276,277,278,279,281,283,284,285,286,287,288,289,292,293,294,295,297],[5,16,59,61,62,96,113,124,155,156,266,267]].
[[1,2,7,19,20,22,32,35,39,47,57,67,74,79,87,89,90,93,94,119,120,121,128,132,140,145,153,162,170,174,178,183,192,196,201,205,214,245,246,256,258,259,274,275,282,298,299,300],[3,6,8,9,10,11,12,13,14,17,21,24,25,26,27,28,29,30,31,33,34,36,37,38,40,41,42,43,44,45,46,48,49,50,51,52,53,55,56,58,60,63,66,68,69,70,71,72,73,75,77,78,80,81,82,83,84,85,86,88,91,92,95,98,99,101,102,103,104,107,108,109,110,111,112,114,115,117,118,125,127,129,130,133,134,135,137,138,139,141,142,143,146,147,149,150,151,152,157,158,159,164,165,166,167,168,169,171,176,177,179,180,181,182,185,186,187,188,189,190,191,193,194,195,197,199,202,203,204,206,207,210,211,212,213,215,216,217,218,219,221,222,223,224,225,228,229,230,232,233,234,236,237,238,240,241,242,243,244,248,249,250,253,254,255,257,260,261,262,263,264,265,268,270,273,276,277,278,279,281,283,284,285,286,287,288,289,292,293,294,295,297],[5,16,59,61,62,96,113,124,155,156,266,267]].
[[3,6,8,9,10,11,12,13,14,17,21,24,25,26,27,28,29,30,31,33,34,36,37,38,40,41,42,43,44,45,46,48,49,50,51,52,53,55,56,58,60,63,66,68,69,70,71,72,73,75,77,78,80,81,82,83,84,85,86,88,91,92,95,98,99,101,102,103,104,107,108,109,110,111,112,114,115,117,118,125,127,129,130,133,134,135,137,138,139,141,142,143,146,147,149,150,151,152,157,158,159,164,165,166,167,168,169,171,176,177,179,180,181,182,185,186,187,188,189,190,191,193,194,195,197,199,202,203,204,206,207,210,211,212,213,215,216,217,218,219,221,222,223,224,225,228,229,230,232,233,234,236,237,238,240,241,242,243,244,248,249,250,253,254,255,257,260,261,262,263,264,265,268,270,273,276,277,278,279,281,283,284,285,286,287,288,289,292,293,294,295,297],[1,2,7,19,20,22,32,35,39,47,57,67,74,79,87,89,90,93,94,119,120,121,128,132,140,145,153,162,170,174,178,183,192,196,201,205,214,245,246,256,258,259,274,275,282,298,299,300],[4,15,18,23,54,64,65,76,97,100,105,106,116,122,123,126,131,136,144,148,154,160,161,163,172,173,175,184,198,200,208,209,220,226,227,231,235,239,247,251,252,269,271,272,280,290,291,296]].
[[1,2,7,19,20,22,32,35,39,47,57,67,74,79,87,89,90,93,94,119,120,121,128,132,140,145,153,162,170,174,178,183,192,196,201,205,214,245,246,256,258,259,274,275,282,298,299,300],[3,6,8,9,10,11,12,13,14,17,21,24,25,26,27,28,29,30,31,33,34,36,37,38,40,41,42,43,44,45,46,48,49,50,51,52,53,55,56,58,60,63,66,68,69,70,71,72,73,75,77,78,80,81,82,83,84,85,86,88,91,92,95,98,99,101,102,103,104,107,108,109,110,111,112,114,115,117,118,125,127,129,130,133,134,135,137,138,139,141,142,143,146,147,149,150,151,152,157,158,159,164,165,166,167,168,169,171,176,177,179,180,181,182,185,186,187,188,189,190,191,193,194,195,197,199,202,203,204,206,207,210,211,212,213,215,216,217,218,219,221,222,223,224,225,228,229,230,232,233,234,236,237,238,240,241,242,243,244,248,249,250,253,254,255,257,260,261,262,263,264,265,268,270,273,276,277,278,279,281,283,284,285,286,287,288,289,292,293,294,295,297],[5,16,59,61,62,96,113,124,155,156,266,267]].
[[4,15,18,23,54,64,65,76,97,100,105,106,116,122,123,126,131,136,144,148,154,160,161,163,172,173,175,184,198,200,208,209,220,226,227,231,235,239,247,251,252,269,271,272,280,290,291,296],[5,16,59,61,62,96,113,124,155,156,266,267],[3,6,8,9,10,11,12,13,14,17,21,24,25,26,27,28,29,30,31,33,34,36,37,38,40,41,42,43,44,45,46,48,49,50,51,52,53,55,56,58,60,63,66,68,69,70,71,72,73,75,77,78,80,81,82,83,84,85,86,88,91,92,95,98,99,101,102,103,104,107,108,109,110,111,112,114,115,117,118,125,127,129,130,133,134,135,137,138,139,141,142,143,146,147,149,150,151,152,157,158,159,164,165,166,167,168,169,171,176,177,179,180,181,182,185,186,187,188,189,190,191,193,194,195,197,199,202,203,204,206,207,210,211,212,213,215,216,217,218,219,221,222,223,224,225,228,229,230,232,233,234,236,237,238,240,241,242,243,244,248,249,250,253,254,255,257,260,261,262,263,264,265,268,270,273,276,277,278,279,281,283,284,285,286,287,288,289,292,293,294,295,297]].
[[3,6,8,9,10,11,12,13,14,17,21,24,25,26,27,28,29,30,31,33,34,36,37,38,40,41,42,43,44,45,46,48,49,50,51,52,53,55,56,58,60,63,66,68,69,70,71,72,73,75,77,78,80,81,82,83,84,85,86,88,91,92,95,98,99,101,102,103,104,107,108,109,110,111,112,114,115,117,118,125,127,129,130,133,134,135,137,138,139,141,142,143,146,147,149,150,151,152,157,158,159,164,165,166,167,168,169,171,176,177,179,180,181,182,185,186,187,188,189,190,191,193,194,195,197,199,202,203,204,206,207,210,211,212,213,215,216,217,218,219,221,222,223,224,225,228,229,230,232,233,234,236,237,238,240,241,242,243,244,248,249,250,253,254,255,257,260,261,262,263,264,265,268,270,273,276,277,278,279,281,283,284,285,286,287,288,289,292,293,294,295,297],[1,2,7,19,20,22,32,35,39,47,57,67,74,79,87,89,90,93,94,119,120,121,128,132,140,145,153,162,170,174,178,183,192,196,201,205,214,245,246,256,258,259,274,275,282,298,299,300],[4,15,18,23,54,64,65,76,97,100,105,106,116,122,123,126,131,136,144,148,154,160,161,163,172,173,175,184,198,200,208,209,220,226,227,231,235,239,247,251,252,269,271,272,280,290,291,296]].
[[3,6,8,9,10,11,12,13,14,17,21,24,25,26,27,28,29,30,31,33,34,36,37,38,40,41,42,43,44,45,46,48,49,50,51,52,53,55,56,58,60,63,66,68,69,70,71,72,73,75,77,78,80,81,82,83,84,85,86,88,91,92,95,98,99,101,102,103,104,107,108,109,110,111,112,114,115,117,118,125,127,129,130,133,134,135,137,138,139,141,142,143,146,147,149,150,151,152,157,158,159,164,165,166,167,168,169,171,176,177,179,180,181,182,185,186,187,188,189,190,191,193,194,195,197,199,202,203,204,206,207,210,211,212,213,215,216,217,218,219,221,222,223,224,225,228,229,230,232,233,234,236,237,238,240,241,242,243,244,248,249,250,253,254,255,257,260,261,262,263,264,265,268,270,273,276,277,278,279,281,283,284,285,286,287,288,289,292,293,294,295,297],[1,2,7,19,20,22,32,35,39,47,57,67,74,79,87,89,90,93,94,119,120,121,128,132,140,145,153,162,170,174,178,183,192,196,201,205,214,245,246,256,258,259,274,275,282,298,299,300],[4,15,18,23,54,64,65,76,97,100,105,106,116,122,123,126,131,136,144,148,154,160,161,163,172,173,175,184,198,200,208,209,220,226,227,231,235,239,247,251,252,269,271,272,280,290,291,296]].
[[5,16,59,61,62,96,113,124,155,156,266,267],[4,15,18,23,54,64,65,76,97,100,105,106,116,122,123,126,131,136,144,148,154,160,161,163,172,173,175,184,198,200,208,209,220,226,227,231,235,239,247,251,252,269,271,272,280,290,291,296],[1,2,7,19,20,22,32,35,39,47,57,67,74,79,87,89,90,93,94,119,120,121,128,132,140,145,153,162,170,174,178,183,192,196,201,205,214,245,246,256,258,259,274,275,282,298,299,300]].
[[4,15,18,23,54,64,65,76,97,100,105,106,116,122,123,126,131,136,144,148,154,160,161,163,172,173,175,184,198,200,208,209,220,226,227,231,235,239,247,251,252,269,271,272,280,290,291,296],[5,16,59,61,62,96,113,124,155,156,266,267],[3,6,8,9,10,11,12,13,14,17,21,24,25,26,27,28,29,30,31,33,34,36,37,38,40,41,42,43,44,45,46,48,49,50,51,52,53,55,56,58,60,63,66,68,69,70,71,72,73,75,77,78,80,81,82,83,84,85,86,88,91,92,95,98,99,101,102,103,104,107,108,109,110,111,112,114,115,117,118,125,127,129,130,133,134,135,137,138,139,141,142,143,146,147,149,150,151,152,157,158,159,164,165,166,167,168,169,171,176,177,179,180,181,182,185,186,187,188,189,190,191,193,194,195,197,199,202,203,204,206,207,210,211,212,213,215,216,217,218,219,221,222,223,224,225,228,229,230,232,233,234,236,237,238,240,241,242,243,244,248,249,250,253,254,255,257,260,261,262,263,264,265,268,270,273,276,277,278,279,281,283,284,285,286,287,288,289,292,293,294,295,297]].
[[3,6,8,9,10,11,12,13,14,17,21,24,25,26,27,28,29,30,31,33,34,36,37,38,40,41,42,43,44,45,46,48,49,50,51,52,53,55,56,58,60,63,66,68,69,70,71,72,73,75,77,78,80,81,82,83,84,85,86,88,91,92,95,98,99,101,102,103,104,107,108,109,110,111,112,114,115,117,118,125,127,129,130,133,134,135,137,138,139,141,142,143,146,147,149,150,151,152,157,158,159,164,165,166,167,168,169,171,176,177,179,180,181,182,185,186,187,188,189,190,191,193,194,195,197,199,202,203,204,206,207,210,211,212,213,215,216,217,218,219,221,222,223,224,225,228,229,230,232,233,234,236,237,238,240,241,242,243,244,248,249,250,253,254,255,257,260,261,262,263,264,265,268,270,273,276,277,278,279,281,283,284,285,286,287,288,289,292,293,294,295,297],[1,2,7,19,20,22,32,35,39,47,57,67,74,79,87,89,90,93,94,119,120,121,128,132,140,145,153,162,170,174,178,183,192,196,201,205,214,245,246,256,258,259,274,275,282,298,299,300],[4,15,18,23,54,64,65,76,97,100,105,106,116,122,123,126,131,136,144,148,154,160,161,163,172,173,175,184,198,200,208,209,220,226,227,231,235,239,247,251,252,269,271,272,280,290,291,296]].
[[1,2,7,19,20,22,32,35,39,47,57,67,74,79,87,89,90,93,94,119,120,121,128,132,140,145,153,162,170,174,178,183,192,196,201,205,214,245,246,256,258,259,274,275,282,298,299,300],[3,6,8,9,10,11,12,13,14,17,21,24,25,26,27,28,29,30,31,33,34,36,37,38,40,41,42,43,44,45,46,48,49,50,51,52,53,55,56,58,60,63,66,68,69,70,71,72,73,75,77,78,80,81,82,83,84,85,86,88,91,92,95,98,99,101,102,103,104,107,108,109,110,111,112,114,115,117,118,125,127,129,130,133,134,135,137,138,139,141,142,143,146,147,149,150,151,152,157,158,159,164,165,166,167,168,169,171,176,177,179,180,181,182,185,186,187,188,189,190,191,193,194,195,197,199,202,203,204,206,207,210,211,212,213,215,216,217,218,219,221,222,223,224,225,228,229,230,232,233,234,236,237,238,240,241,242,243,244,248,249,250,253,254,255,257,260,261,262,263,264,265,268,270,273,276,277,278,279,281,283,284,285,286,287,288,289,292,293,294,295,297],[5,16,59,61,62,96,113,124,155,156,266,267]].
[[4,15,18,23,54,64,65,76,97,100,105,106,116,122,123,126,131,136,144,148,154,160,161,163,172,173,175,184,198,200,208,209,220,226,227,231,235,239,247,251,252,269,271,272,280,290,291,296],[5,16,59,61,62,96,113,124,155,156,266,267],[3,6,8,9,10,11,12,13,14,17,21,24,25,26,27,28,29,30,31,33,34,36,37,38,40,41,42,43,44,45,46,48,49,50,51,52,53,55,56,58,60,63,66,68,69,70,71,72,73,75,77,78,80,81,82,83,84,85,86,88,91,92,95,98,99,101,102,103,104,107,108,109,110,111,112,114,115,117,118,125,127,129,130,133,134,135,137,138,139,141,142,143,146,147,149,150,151,152,157,158,159,164,165,166,167,168,169,171,176,177,179,180,181,182,185,186,187,188,189,190,191,193,194,195,197,199,202,203,204,206,207,210,211,212,213,215,216,217,218,219,221,222,223,224,225,228,229,230,232,233,234,236,237,238,240,241,242,243,244,248,249,250,253,254,255,257,260,261,262,263,264,265,268,270,273,276,277,278,279,281,283,284,285,286,287,288,289,292,293,294,295,297]].
[[3,6,8,9,10,11,12,13,14,17,21,24,25,26,27,28,29,30,31,33,34,36,37,38,40,41,42,43,44,45,46,48,49,50,51,52,53,55,56,58,60,63,66,68,69,70,71,72,73,75,77,78,80,81,82,83,84,85,86,88,91,92,95,98,99,101,102,103,104,107,108,109,110,111,112,114,115,117,118,125,127,129,130,133,134,135,137,138,139,141,142,143,146,147,149,150,151,152,157,158,159,164,165,166,167,168,169,171,176,177,179,180,181,182,185,186,187,188,189,190,191,193,194,195,197,199,202,203,204,206,207,210,211,212,213,215,216,217,218,219,221,222,223,224,225,228,229,230,232,233,234,236,237,238,240,241,242,243,244,248,249,250,253,254,255,257,260,261,262,263,264,265,268,270,273,276,277,278,279,281,283,284,285,286,287,288,289,292,293,294,295,297],[1,2,7,19,20,22,32,35,39,47,57,67,74,79,87,89,90,93,94,119,120,121,128,132,140,145,153,162,170,174,178,183,192,196,201,205,214,245,246,256,258,259,274,275,282,298,299,300],[4,15,18,23,54,64,65,76,97,100,105,106,116,122,123,126,131,136,144,148,154,160,161,163,172,173,175,184,198,200,208,209,220,226,227,231,235,239,247,251,252,269,271,272,280,290,291,296]].
[[1,2,7,19,20,22,32,35,39,47,57,67,74,79,87,89,90,93,94,119,120,121,128,132,140,145,153,162,170,174,178,183,192,196,201,205,214,245,246,256,258,259,274,275,282,298,299,300],[3,6,8,9,10,11,12,13,14,17,21,24,25,26,27,28,29,30,31,33,34,36,37,38,40,41,42,43,44,45,46,48,49,50,51,52,53,55,56,58,60,63,66,68,69,70,71,72,73,75,77,78,80,81,82,83,84,85,86,88,91,92,95,98,99,101,102,103,104,107,108,109,110,111,112,114,115,117,118,125,127,129,130,133,134,135,137,138,139,141,142,143,146,147,149,150,151,152,157,158,159,164,165,166,167,168,169,171,176,177,179,180,181,182,185,186,187,188,189,190,191,193,194,195,197,199,202,203,204,206,207,210,211,212,213,215,216,217,218,219,221,222,223,224,225,228,229,230,232,233,234,236,237,238,240,241,242,243,244,248,249,250,253,254,255,257,260,261,262,263,264,265,268,270,273,276,277,278,279,281,283,284,285,286,287,288,289,292,293,294,295,297],[5,16,59,61,62,96,113,124,155,156,266,267]].
[[4,15,18,23,54,64,65,76,97,100,105,106,116,122,123,126,131,136,144,148,154,160,161,163,172,173,175,184,198,200,208,209,220,226,227,231,235,239,247,251,252,269,271,272,280,290,291,296],[5,16,59,61,62,96,113,124,155,156,266,267],[3,6,8,9,10,11,12,13,14,17,21,24,25,26,27,28,29,30,31,33,34,36,37,38,40,41,42,43,44,45,46,48,49,50,51,52,53,55,56,58,60,63,66,68,69,70,71,72,73,75,77,78,80,81,82,83,84,85,86,88,91,92,95,98,99,101,102,103,104,107,108,109,110,111,112,114,115,117,118,125,127,129,130,133,134,135,137,138,139,141,142,143,146,147,149,150,151,152,157,158,159,164,165,166,167,168,169,171,176,177,179,180,181,182,185,186,187,188,189,190,191,193,194,195,197,199,202,203,204,206,207,210,211,212,213,215,216,217,218,219,221,222,223,224,225,228,229,230,232,233,234,236,237,238,240,241,242,243,244,248,249,250,253,254,255,257,260,261,262,263,264,265,268,270,273,276,277,278,279,281,283,284,285,286,287,288,289,292,293,294,295,297]].
[[5,16,59,61,62,96,113,124,155,156,266,267],[4,15,18,23,54,64,65,76,97,100,105,106,116,122,123,126,131,136,144,148,154,160,161,163,172,173,175,184,198,200,208,209,220,226,227,231,235,239,247,251,252,269,271,272,280,290,291,296],[1,2,7,19,20,22,32,35,39,47,57,67,74,79,87,89,90,93,94,119,120,121,128,132,140,145,153,162,170,174,178,183,192,196,201,205,214,245,246,256,258,259,274,275,282,298,299,300]].
[[3,6,8,9,10,11,12,13,14,17,21,24,25,26,27,28,29,30,31,33,34,36,37,38,40,41,42,43,44,45,46,48,49,50,51,52,53,55,56,58,60,63,66,68,69,70,71,72,73,75,77,78,80,81,82,83,84,85,86,88,91,92,95,98,99,101,102,103,104,107,108,109,110,111,112,114,115,117,118,125,127,129,130,133,134,135,137,138,139,141,142,143,146,147,149,150,151,152,157,158,159,164,165,166,167,168,169,171,176,177,179,180,181,182,185,186,187,188,189,190,191,193,194,195,197,199,202,203,204,206,207,210,211,212,213,215,216,217,218,219,221,222,223,224,225,228,229,230,232,233,234,236,237,238,240,241,242,243,244,248,249,250,253,254,255,257,260,261,262,263,264,265,268,270,273,276,277,278,279,281,283,284,285,286,287,288,289,292,293,294,295,297],[1,2,7,19,20,22,32,35,39,47,57,67,74,79,87,89,90,93,94,119,120,121,128,132,140,145,153,162,170,174,178,183,192,196,201,205,214,245,246,256,258,259,274,275,282,298,299,300],[4,15,18,23,54,64,65,76,97,100,105,106,116,122,123,126,131,136,144,148,154,160,161,163,172,173,175,184,198,200,208,209,220,226,227,231,235,239,247,251,252,269,271,272,280,290,291,296]].
[[5,16,59,61,62,96,113,124,155,156,266,267],[4,15,18,23,54,64,65,76,97,100,105,106,116,122,123,126,131,136,144,148,154,160,161,163,172,173,175,184,198,200,208,209,220,226,227,231,235,239,247,251,252,269,271,272,280,290,291,296],[1,2,7,19,20,22,32,35,39,47,57,67,74,79,87,89,90,93,94,119,120,121,128,132,140,145,153,162,170,174,178,183,192,196,201,205,214,245,246,256,258,259,274,275,282,298,299,300]].
[[4,15,18,23,54,64,65,76,97,100,105,106,116,122,123,126,131,136,144,148,154,160,161,163,172,173,175,184,198,200,208,209,220,226,227,231,235,239,247,251,252,269,271,272,280,290,291,296],[5,16,59,61,62,96,113,124,155,156,266,267],[3,6,8,9,10,11,12,13,14,17,21,24,25,26,27,28,29,30,31,33,34,36,37,38,40,41,42,43,44,45,46,48,49,50,51,52,53,55,56,58,60,63,66,68,69,70,71,72,73,75,77,78,80,81,82,83,84,85,86,88,91,92,95,98,99,101,102,103,104,107,108,109,110,111,112,114,115,117,118,125,127,129,130,133,134,135,137,138,139,141,142,143,146,147,149,150,151,152,157,158,159,164,165,166,167,168,169,171,176,177,179,180,181,182,185,186,187,188,189,190,191,193,194,195,197,199,202,203,204,206,207,210,211,212,213,215,216,217,218,219,221,222,223,224,225,228,229,230,232,233,234,236,237,238,240,241,242,243,244,248,249,250,253,254,255,257,260,261,262,263,264,265,268,270,273,276,277,278,279,281,283,284,285,286,287,288,289,292,293,294,295,297]].
[[1,2,7,19,20,22,32,35,39,47,57,67,74,79,87,89,90,93,94,119,120,121,128,132,140,145,153,162,170,174,178,183,192,196,201,205,214,245,246,256,258,259,274,275,282,298,299,300],[3,6,8,9,10,11,12,13,14,17,21,24,25,26,27,28,29,30,31,33,34,36,37,38,40,41,42,43,44,45,46,48,49,50,51,52,53,55,56,58,60,63,66,68,69,70,71,72,73,75,77,78,80,81,82,83,84,85,86,88,91,92,95,98,99,101,102,103,104,107,108,109,110,111,112,114,115,117,118,125,127,129,130,133,134,135,137,138,139,141,142,143,146,147,149,150,151,152,157,158,159,164,165,166,167,168,169,171,176,177,179,180,181,182,185,186,187,188,189,190,191,193,194,195,197,199,202,203,204,206,207,210,211,212,213,215,216,217,218,219,221,222,223,224,225,228,229,230,232,233,234,236,237,238,240,241,242,243,244,248,249,250,253,254,255,257,260,261,262,263,264,265,268,270,273,276,277,278,279,281,283,284,285,286,287,288,289,292,293,294,295,297],[5,16,59,61,62,96,113,124,155,156,266,267]].
[[3,6,8,9,10,11,12,13,14,17,21,24,25,26,27,28,29,30,31,33,34,36,37,38,40,41,42,43,44,45,46,48,49,50,51,52,53,55,56,58,60,63,66,68,69,70,71,72,73,75,77,78,80,81,82,83,84,85,86,88,91,92,95,98,99,101,102,103,104,107,108,109,110,111,112,114,115,117,118,125,127,129,130,133,134,135,137,138,139,141,142,143,146,147,149,150,151,152,157,158,159,164,165,166,167,168,169,171,176,177,179,180,181,182,185,186,187,188,189,190,191,193,194,195,197,199,202,203,204,206,207,210,211,212,213,215,216,217,218,219,221,222,223,224,225,228,229,230,232,233,234,236,237,238,240,241,242,243,244,248,249,250,253,254,255,257,260,261,262,263,264,265,268,270,273,276,277,278,279,281,283,284,285,286,287,288,289,292,293,294,295,297],[1,2,7,19,20,22,32,35,39,47,57,67,74,79,87,89,90,93,94,119,120,121,128,132,140,145,153,162,170,174,178,183,192,196,201,205,214,245,246,256,258,259,274,275,282,298,299,300],[4,15,18,23,54,64,65,76,97,100,105,106,116,122,123,126,131,136,144,148,154,160,161,163,172,173,175,184,198,200,208,209,220,226,227,231,235,239,247,251,252,269,271,272,280,290,291,296]].
[[4,15,18,23,54,64,65,76,97,100,105,106,116,122,123,126,131,136,144,148,154,160,161,163,172,173,175,184,198,200,208,209,220,226,227,231,235,239,247,251,252,269,271,272,280,290,291,296],[5,16,59,61,62,96,113,124,155,156,266,267],[3,6,8,9,10,11,12,13,14,17,21,24,25,26,27,28,29,30,31,33,34,36,37,38,40,41,42,43,44,45,46,48,49,50,51,52,53,55,56,58,60,63,66,68,69,70,71,72,73,75,77,78,80,81,82,83,84,85,86,88,91,92,95,98,99,101,102,103,104,107,108,109,110,111,112,114,115,117,118,125,127,129,130,133,134,135,137,138,139,141,142,143,146,147,149,150,151,152,157,158,159,164,165,166,167,168,169,171,176,177,179,180,181,182,185,186,187,188,189,190,191,193,194,195,197,199,202,203,204,206,207,210,211,212,213,215,216,217,218,219,221,222,223,224,225,228,229,230,232,233,234,236,237,238,240,241,242,243,244,248,249,250,253,254,255,257,260,261,262,263,264,265,268,270,273,276,277,278,279,281,283,284,285,286,287,288,289,292,293,294,295,297]].
[[4,15,18,23,54,64,65,76,97,100,105,106,116,122,123,126,131,136,144,148,154,160,161,163,172,173,175,184,198,200,208,209,220,226,227,231,235,239,247,251,252,269,271,272,280,290,291,296],[5,16,59,61,62,96,113,124,155,156,266,267],[3,6,8,9,10,11,12,13,14,17,21,24,25,26,27,28,29,30,31,33,34,36,37,38,40,41,42,43,44,45,46,48,49,50,51,52,53,55,56,58,60,63,66,68,69,70,71,72,73,75,77,78,80,81,82,83,84,85,86,88,91,92,95,98,99,101,102,103,104,107,108,109,110,111,112,114,115,117,118,125,127,129,130,133,134,135,137,138,139,141,142,143,146,147,149,150,151,152,157,158,159,164,165,166,167,168,169,171,176,177,179,180,181,182,185,186,187,188,189,190,191,193,194,195,197,199,202,203,204,206,207,210,211,212,213,215,216,217,218,219,221,222,223,224,225,228,229,230,232,233,234,236,237,238,240,241,242,243,244,248,249,250,253,254,255,257,260,261,262,263,264,265,268,270,273,276,277,278,279,281,283,284,285,286,287,288,289,292,293,294,295,297]].
[[5,16,59,61,62,96,113,124,155,156,266,267],[4,15,18,23,54,64,65,76,97,100,105,106,116,122,123,126,131,136,144,148,154,160,161,163,172,173,175,184,198,200,208,209,220,226,227,231,235,239,247,251,252,269,271,272,280,290,291,296],[1,2,7,19,20,22,32,35,39,47,57,67,74,79,87,89,90,93,94,119,120,121,128,132,140,145,153,162,170,174,178,183,192,196,201,205,214,245,246,256,258,259,274,275,282,298,299,300]].
[[5,16,59,61,62,96,113,124,155,156,266,267],[4,15,18,23,54,64,65,76,97,100,105,106,116,122,123,126,131,136,144,148,154,160,161,163,172,173,175,184,198,200,208,209,220,226,227,231,235,239,247,251,252,269,271,272,280,290,291,296],[1,2,7,19,20,22,32,35,39,47,57,67,74,79,87,89,90,93,94,119,120,121,128,132,140,145,153,162,170,174,178,183,192,196,201,205,214,245,246,256,258,259,274,275,282,298,299,300]].
[[1,2,7,19,20,22,32,35,39,47,57,67,74,79,87,89,90,93,94,119,120,121,128,132,140,145,153,162,170,174,178,183,192,196,201,205,214,245,246,256,258,259,274,275,282,298,299,300],[3,6,8,9,10,11,12,13,14,17,21,24,25,26,27,28,29,30,31,33,34,36,37,38,40,41,42,43,44,45,46,48,49,50,51,52,53,55,56,58,60,63,66,68,69,70,71,72,73,75,77,78,80,81,82,83,84,85,86,88,91,92,95,98,99,101,102,103,104,107,108,109,110,111,112,114,115,117,118,125,127,129,130,133,134,135,137,138,139,141,142,143,146,147,149,150,151,152,157,158,159,164,165,166,167,168,169,171,176,177,179,180,181,182,185,186,187,188,189,190,191,193,194,195,197,199,202,203,204,206,207,210,211,212,213,215,216,217,218,219,221,222,223,224,225,228,229,230,232,233,234,236,237,238,240,241,242,243,244,248,249,250,253,254,255,257,260,261,262,263,264,265,268,270,273,276,277,278,279,281,283,284,285,286,287,288,289,292,293,294,295,297],[5,16,59,61,62,96,113,124,155,156,266,267]].
