[[92,160],[5,28,38,47,49,50,90,105,111,122,124,126,169,170,181,220,224,225,234,237,248,250,251,254,272,274,278,297],[8,14,17,20,27,53,63,66,67,69,87,93,96,119,127,136,145,153,162,165,166,180,196,270,271,275,284,290]].
[[92,160],[5,28,38,47,49,50,90,105,111,122,124,126,169,170,181,220,224,225,234,237,248,250,251,254,272,274,278,297],[8,14,17,20,27,53,63,66,67,69,87,93,96,119,127,136,145,153,162,165,166,180,196,270,271,275,284,290]].
[[1,2,3,4,6,7,9,10,11,12,13,15,16,18,19,21,22,23,24,25,26,29,30,31,32,33,34,35,36,37,39,40,41,42,43,44,45,46,48,51,52,54,55,56,57,58,59,60,61,62,64,65,68,70,71,72,73,74,75,76,77,78,79,80,81,82,83,84,85,86,88,89,91,94,95,97,98,99,100,101,102,103,104,106,107,108,109,110,112,113,114,115,116,117,118,120,121,123,125,128,129,130,131,132,133,134,135,137,138,139,140,141,142,143,144,146,147,148,149,150,151,152,154,155,156,157,158,159,161,163,164,167,168,171,172,173,174,175,176,177,178,179,182,183,184,185,186,187,188,189,190,191,192,193,194,195,197,198,199,200,201,202,203,204,205,206,207,208,209,210,211,212,213,214,215,216,217,218,219,221,222,223,226,227,228,229,230,231,232,233,235,236,238,239,240,241,242,243,244,245,246,247,249,252,253,255,256,257,258,259,260,261,262,263,264,265,266,267,268,269,273,276,277,279,280,281,282,283,285,286,287,288,289,291,292,293,294,295,296,298,299,300],[8,14,17,20,27,53,63,66,67,69,87,93,96,119,127,136,145,153,162,165,166,180,196,270,271,275,284,290],[5,28,38,47,49,50,90,105,111,122,124,126,169,170,181,220,224,225,234,237,248,250,251,254,272,274,278,297]].
[[5,28,38,47,49,50,90,105,111,122,124,126,169,170,181,220,224,225,234,237,248,250,251,254,272,274,278,297],[92,160],[1,2,3,4,6,7,9,10,11,12,13,15,16,18,19,21,22,23,24,25,26,29,30,31,32,33,34,35,36,37,39,40,41,42,43,44,45,46,48,51,52,54,55,56,57,58,59,60,61,62,64,65,68,70,71,72,73,74,75,76,77,78,79,80,81,82,83,84,85,86,88,89,91,94,95,97,98,99,100,101,102,103,104,106,107,108,109,110,112,113,114,115,116,117,118,120,121,123,125,128,129,130,131,132,133,134,135,137,138,139,140,141,142,143,144,146,147,148,149,150,151,152,154,155,156,157,158,159,161,163,164,167,168,171,172,173,174,175,176,177,178,179,182,183,184,185,186,187,188,189,190,191,192,193,194,195,197,198,199,200,201,202,203,204,205,206,207,208,209,210,211,212,213,214,215,216,217,218,219,221,222,223,226,227,228,229,230,231,232,233,235,236,238,239,240,241,242,243,244,245,246,247,249,252,253,255,256,257,258,259,260,261,262,263,264,265,266,267,268,269,273,276,277,279,280,281,282,283,285,286,287,288,289,291,292,293,294,295,296,298,299,300]].
[[1,2,3,4,6,7,9,10,11,12,13,15,16,18,19,21,22,23,24,25,26,29,30,31,32,33,34,35,36,37,39,40,41,42,43,44,45,46,48,51,52,54,55,56,57,58,59,60,61,62,64,65,68,70,71,72,73,74,75,76,77,78,79,80,81,82,83,84,85,86,88,89,91,94,95,97,98,99,100,101,102,103,104,106,107,108,109,110,112,113,114,115,116,117,118,120,121,123,125,128,129,130,131,132,133,134,135,137,138,139,140,141,142,143,144,146,147,148,149,150,151,152,154,155,156,157,158,159,161,163,164,167,168,171,172,173,174,175,176,177,178,179,182,183,184,185,186,187,188,189,190,191,192,193,194,195,197,198,199,200,201,202,203,204,205,206,207,208,209,210,211,212,213,214,215,216,217,218,219,221,222,223,226,227,228,229,230,231,232,233,235,236,238,239,240,241,242,243,244,245,246,247,249,252,253,255,256,257,258,259,260,261,262,263,264,265,266,267,268,269,273,276,277,279,280,281,282,283,285,286,287,288,289,291,292,293,294,295,296,298,299,300],[8,14,17,20,27,53,63,66,67,69,87,93,96,119,127,136,145,153,162,165,166,180,196,270,271,275,284,290],[5,28,38,47,49,50,90,105,111,122,124,126,169,170,181,220,224,225,234,237,248,250,251,254,272,274,278,297]].
[[5,28,38,47,49,50,90,105,111,122,124,126,169,170,181,220,224,225,234,237,248,250,251,254,272,274,278,297],[92,160],[1,2,3,4,6,7,9,10,11,12,13,15,16,18,19,21,22,23,24,25,26,29,30,31,32,33,34,35,36,37,39,40,41,42,43,44,45,46,48,51,52,54,55,56,57,58,59,60,61,62,64,65,68,70,71,72,73,74,75,76,77,78,79,80,81,82,83,84,85,86,88,89,91,94,95,97,98,99,100,101,102,103,104,106,107,108,109,110,112,113,114,115,116,117,118,120,121,123,125,128,129,130,131,132,133,134,135,137,138,139,140,141,142,143,144,146,147,148,149,150,151,152,154,155,156,157,158,159,161,163,164,167,168,171,172,173,174,175,176,177,178,179,182,183,184,185,186,187,188,189,190,191,192,193,194,195,197,198,199,200,201,202,203,204,205,206,207,208,209,210,211,212,213,214,215,216,217,218,219,221,222,223,226,227,228,229,230,231,232,233,235,236,238,239,240,241,242,243,244,245,246,247,249,252,253,255,256,257,258,259,260,261,262,263,264,265,266,267,268,269,273,276,277,279,280,281,282,283,285,286,287,288,289,291,292,293,294,295,296,298,299,300]].
[[1,2,3,4,6,7,9,10,11,12,13,15,16,18,19,21,22,23,24,25,26,29,30,31,32,33,34,35,36,37,39,40,41,42,43,44,45,46,48,51,52,54,55,56,57,58,59,60,61,62,64,65,68,70,71,72,73,74,75,76,77,78,79,80,81,82,83,84,85,86,88,89,91,94,95,97,98,99,100,101,102,103,104,106,107,108,109,110,112,113,114,115,116,117,118,120,121,123,125,128,129,130,131,132,133,134,135,137,138,139,140,141,142,143,144,146,147,148,149,150,151,152,154,155,156,157,158,159,161,163,164,167,168,171,172,173,174,175,176,177,178,179,182,183,184,185,186,187,188,189,190,191,192,193,194,195,197,198,199,200,201,202,203,204,205,206,207,208,209,210,211,212,213,214,215,216,217,218,219,221,222,223,226,227,228,229,230,231,232,233,235,236,238,239,240,241,242,243,244,245,246,247,249,252,253,255,256,257,258,259,260,261,262,263,264,265,266,267,268,269,273,276,277,279,280,281,282,283,285,286,287,288,289,291,292,293,294,295,296,298,299,300],[8,14,17,20,27,53,63,66,67,69,87,93,96,119,127,136,145,153,162,165,166,180,196,270,271,275,284,290],[5,28,38,47,49,50,90,105,111,122,124,126,169,170,181,220,224,225,234,237,248,250,251,254,272,274,278,297]].
[[1,2,3,4,6,7,9,10,11,12,13,15,16,18,19,21,22,23,24,25,26,29,30,31,32,33,34,35,36,37,39,40,41,42,43,44,45,46,48,51,52,54,55,56,57,58,59,60,61,62,64,65,68,70,71,72,73,74,75,76,77,78,79,80,81,82,83,84,85,86,88,89,91,94,95,97,98,99,100,101,102,103,104,106,107,108,109,110,112,113,114,115,116,117,118,120,121,123,125,128,129,130,131,132,133,134,135,137,138,139,140,141,142,143,144,146,147,148,149,150,151,152,154,155,156,157,158,159,161,163,164,167,168,171,172,173,174,175,176,177,178,179,182,183,184,185,186,187,188,189,190,191,192,193,194,195,197,198,199,200,201,202,203,204,205,206,207,208,209,210,211,212,213,214,215,216,217,218,219,221,222,223,226,227,228,229,230,231,232,233,235,236,238,239,240,241,242,243,244,245,246,247,249,252,253,255,256,257,258,259,260,261,262,263,264,265,266,267,268,269,273,276,277,279,280,281,282,283,285,286,287,288,289,291,292,293,294,295,296,298,299,300],[8,14,17,20,27,53,63,66,67,69,87,93,96,119,127,136,145,153,162,165,166,180,196,270,271,275,284,290],[5,28,38,47,49,50,90,105,111,122,124,126,169,170,181,220,224,225,234,237,248,250,251,254,272,274,278,297]].
[[1,2,3,4,6,7,9,10,11,12,13,15,16,18,19,21,22,23,24,25,26,29,30,31,32,33,34,35,36,37,39,40,41,42,43,44,45,46,48,51,52,54,55,56,57,58,59,60,61,62,64,65,68,70,71,72,73,74,75,76,77,78,79,80,81,82,83,84,85,86,88,89,91,94,95,97,98,99,100,101,102,103,104,106,107,108,109,110,112,113,114,115,116,117,118,120,121,123,125,128,129,130,131,132,133,134,135,137,138,139,140,141,142,143,144,146,147,148,149,150,151,152,154,155,156,157,158,159,161,163,164,167,168,171,172,173,174,175,176,177,178,179,182,183,184,185,186,187,188,189,190,191,192,193,194,195,197,198,199,200,201,202,203,204,205,206,207,208,209,210,211,212,213,214,215,216,217,218,219,221,222,223,226,227,228,229,230,231,232,233,235,236,238,239,240,241,242,243,244,245,246,247,249,252,253,255,256,257,258,259,260,261,262,263,264,265,266,267,268,269,273,276,277,279,280,281,282,283,285,286,287,288,289,291,292,293,294,295,296,298,299,300],[8,14,17,20,27,53,63,66,67,69,87,93,96,119,127,136,145,153,162,165,166,180,196,270,271,275,284,290],[5,28,38,47,49,50,90,105,111,122,124,126,169,170,181,220,224,225,234,237,248,250,251,254,272,274,278,297]].
[[8,14,17,20,27,53,63,66,67,69,87,93,96,119,127,136,145,153,162,165,166,180,196,270,271,275,284,290],[1,2,3,4,6,7,9,10,11,12,13,15,16,18,19,21,22,23,24,25,26,29,30,31,32,33,34,35,36,37,39,40,41,42,43,44,45,46,48,51,52,54,55,56,57,58,59,60,61,62,64,65,68,70,71,72,73,74,75,76,77,78,79,80,81,82,83,84,85,86,88,89,91,94,95,97,98,99,100,101,102,103,104,106,107,108,109,110,112,113,114,115,116,117,118,120,121,123,125,128,129,130,131,132,133,134,135,137,138,139,140,141,142,143,144,146,147,148,149,150,151,152,154,155,156,157,158,159,161,163,164,167,168,171,172,173,174,175,176,177,178,179,182,183,184,185,186,187,188,189,190,191,192,193,194,195,197,198,199,200,201,202,203,204,205,206,207,208,209,210,211,212,213,214,215,216,217,218,219,221,222,223,226,227,228,229,230,231,232,233,235,236,238,239,240,241,242,243,244,245,246,247,249,252,253,255,256,257,258,259,260,261,262,263,264,265,266,267,268,269,273,276,277,279,280,281,282,283,285,286,287,288,289,291,292,293,294,295,296,298,299,300],[92,160]].
[[5,28,38,47,49,50,90,105,111,122,124,126,169,170,181,220,224,225,234,237,248,250,251,254,272,274,278,297],[92,160],[1,2,3,4,6,7,9,10,11,12,13,15,16,18,19,21,22,23,24,25,26,29,30,31,32,33,34,35,36,37,39,40,41,42,43,44,45,46,48,51,52,54,55,56,57,58,59,60,61,62,64,65,68,70,71,72,73,74,75,76,77,78,79,80,81,82,83,84,85,86,88,89,91,94,95,97,98,99,100,101,102,103,104,106,107,108,109,110,112,113,114,115,116,117,118,120,121,123,125,128,129,130,131,132,133,134,135,137,138,139,140,141,142,143,144,146,147,148,149,150,151,152,154,155,156,157,158,159,161,163,164,167,168,171,172,173,174,175,176,177,178,179,182,183,184,185,186,187,188,189,190,191,192,193,194,195,197,198,199,200,201,202,203,204,205,206,207,208,209,210,211,212,213,214,215,216,217,218,219,221,222,223,226,227,228,229,230,231,232,233,235,236,238,239,240,241,242,243,244,245,246,247,249,252,253,255,256,257,258,259,260,261,262,263,264,265,266,267,268,269,273,276,277,279,280,281,282,283,285,286,287,288,289,291,292,293,294,295,296,298,299,300]].
[[1,2,3,4,6,7,9,10,11,12,13,15,16,18,19,21,22,23,24,25,26,29,30,31,32,33,34,35,36,37,39,40,41,42,43,44,45,46,48,51,52,54,55,56,57,58,59,60,61,62,64,65,68,70,71,72,73,74,75,76,77,78,79,80,81,82,83,84,85,86,88,89,91,94,95,97,98,99,100,101,102,103,104,106,107,108,109,110,112,113,114,115,116,117,118,120,121,123,125,128,129,130,131,132,133,134,135,137,138,139,140,141,142,143,144,146,147,148,149,150,151,152,154,155,156,157,158,159,161,163,164,167,168,171,172,173,174,175,176,177,178,179,182,183,184,185,186,187,188,189,190,191,192,193,194,195,197,198,199,200,201,202,203,204,205,206,207,208,209,210,211,212,213,214,215,216,217,218,219,221,222,223,226,227,228,229,230,231,232,233,235,236,238,239,240,241,242,243,244,245,246,247,249,252,253,255,256,257,258,259,260,261,262,263,264,265,266,267,268,269,273,276,277,279,280,281,282,283,285,286,287,288,289,291,292,293,294,295,296,298,299,300],[8,14,17,20,27,53,63,66,67,69,87,93,96,119,127,136,145,153,162,165,166,180,196,270,271,275,284,290],[5,28,38,47,49,50,90,105,111,122,124,126,169,170,181,220,224,225,234,237,248,250,251,254,272,274,278,297]].
[[92,160],[5,28,38,47,49,50,90,105,111,122,124,126,169,170,181,220,224,225,234,237,248,250,251,254,272,274,278,297],[8,14,17,20,27,53,63,66,67,69,87,93,96,119,127,136,145,153,162,165,166,180,196,270,271,275,284,290]].
[[1,2,3,4,6,7,9,10,11,12,13,15,16,18,19,21,22,23,24,25,26,29,30,31,32,33,34,35,36,37,39,40,41,42,43,44,45,46,48,51,52,54,55,56,57,58,59,60,61,62,64,65,68,70,71,72,73,74,75,76,77,78,79,80,81,82,83,84,85,86,88,89,91,94,95,97,98,99,100,101,102,103,104,106,107,108,109,110,112,113,114,115,116,117,118,120,121,123,125,128,129,130,131,132,133,134,135,137,138,139,140,141,142,143,144,146,147,148,149,150,151,152,154,155,156,157,158,159,161,163,164,167,168,171,172,173,174,175,176,177,178,179,182,183,184,185,186,187,188,189,190,191,192,193,194,195,197,198,199,200,201,202,203,204,205,206,207,208,209,210,211,212,213,214,215,216,217,218,219,221,222,223,226,227,228,229,230,231,232,233,235,236,238,239,240,241,242,243,244,245,246,247,249,252,253,255,256,257,258,259,260,261,262,263,264,265,266,267,268,269,273,276,277,279,280,281,282,283,285,286,287,288,289,291,292,293,294,295,296,298,299,300],[8,14,17,20,27,53,63,66,67,69,87,93,96,119,127,136,145,153,162,165,166,180,196,270,271,275,284,290],[5,28,38,47,49,50,90,105,111,122,124,126,169,170,181,220,224,225,234,237,248,250,251,254,272,274,278,297]].
[[92,160],[5,28,38,47,49,50,90,105,111,122,124,126,169,170,181,220,224,225,234,237,248,250,251,254,272,274,278,297],[8,14,17,20,27,53,63,66,67,69,87,93,96,119,127,136,145,153,162,165,166,180,196,270,271,275,284,290]].
[[8,14,17,20,27,53,63,66,67,69,87,93,96,119,127,136,145,153,162,165,166,180,196,270,271,275,284,290],[1,2,3,4,6,7,9,10,11,12,13,15,16,18,19,21,22,23,24,25,26,29,30,31,32,33,34,35,36,37,39,40,41,42,43,44,45,46,48,51,52,54,55,56,57,58,59,60,61,62,64,65,68,70,71,72,73,74,75,76,77,78,79,80,81,82,83,84,85,86,88,89,91,94,95,97,98,99,100,101,102,103,104,106,107,108,109,110,112,113,114,115,116,117,118,120,121,123,125,128,129,130,131,132,133,134,135,137,138,139,140,141,142,143,144,146,147,148,149,150,151,152,154,155,156,157,158,159,161,163,164,167,168,171,172,173,174,175,176,177,178,179,182,183,184,185,186,187,188,189,190,191,192,193,194,195,197,198,199,200,201,202,203,204,205,206,207,208,209,210,211,212,213,214,215,216,217,218,219,221,222,223,226,227,228,229,230,231,232,233,235,236,238,239,240,241,242,243,244,245,246,247,249,252,253,255,256,257,258,259,260,261,262,263,264,265,266,267,268,269,273,276,277,279,280,281,282,283,285,286,287,288,289,291,292,293,294,295,296,298,299,300],[92,160]].
[[92,160],[5,28,38,47,49,50,90,105,111,122,124,126,169,170,181,220,224,225,234,237,248,250,251,254,272,274,278,297],[8,14,17,20,27,53,63,66,67,69,87,93,96,119,127,136,145,153,162,165,166,180,196,270,271,275,284,290]].
[[5,28,38,47,49,50,90,105,111,122,124,126,169,170,181,220,224,225,234,237,248,250,251,254,272,274,278,297],[92,160],[1,2,3,4,6,7,9,10,11,12,13,15,16,18,19,21,22,23,24,25,26,29,30,31,32,33,34,35,36,37,39,40,41,42,43,44,45,46,48,51,52,54,55,56,57,58,59,60,61,62,64,65,68,70,71,72,73,74,75,76,77,78,79,80,81,82,83,84,85,86,88,89,91,94,95,97,98,99,100,101,102,103,104,106,107,108,109,110,112,113,114,115,116,117,118,120,121,123,125,128,129,130,131,132,133,134,135,137,138,139,140,141,142,143,144,146,147,148,149,150,151,152,154,155,156,157,158,159,161,163,164,167,168,171,172,173,174,175,176,177,178,179,182,183,184,185,186,187,188,189,190,191,192,193,194,195,197,198,199,200,201,202,203,204,205,206,207,208,209,210,211,212,213,214,215,216,217,218,219,221,222,223,226,227,228,229,230,231,232,233,235,236,238,239,240,241,242,243,244,245,246,247,249,252,253,255,256,257,258,259,260,261,262,263,264,265,266,267,268,269,273,276,277,279,280,281,282,283,285,286,287,288,289,291,292,293,294,295,296,298,299,300]].
[[1,2,3,4,6,7,9,10,11,12,13,15,16,18,19,21,22,23,24,25,26,29,30,31,32,33,34,35,36,37,39,40,41,42,43,44,45,46,48,51,52,54,55,56,57,58,59,60,61,62,64,65,68,70,71,72,73,74,75,76,77,78,79,80,81,82,83,84,85,86,88,89,91,94,95,97,98,99,100,101,102,103,104,106,107,108,109,110,112,113,114,115,116,117,118,120,121,123,125,128,129,130,131,132,133,134,135,137,138,139,140,141,142,143,144,146,147,148,149,150,151,152,154,155,156,157,158,159,161,163,164,167,168,171,172,173,174,175,176,177,178,179,182,183,184,185,186,187,188,189,190,191,192,193,194,195,197,198,199,200,201,202,203,204,205,206,207,208,209,210,211,212,213,214,215,216,217,218,219,221,222,223,226,227,228,229,230,231,232,233,235,236,238,239,240,241,242,243,244,245,246,247,249,252,253,255,256,257,258,259,260,261,262,263,264,265,266,267,268,269,273,276,277,279,280,281,282,283,285,286,287,288,289,291,292,293,294,295,296,298,299,300],[8,14,17,20,27,53,63,66,67,69,87,93,96,119,127,136,145,153,162,165,166,180,196,270,271,275,284,290],[5,28,38,47,49,50,90,105,111,122,124,126,169,170,181,220,224,225,234,237,248,250,251,254,272,274,278,297]].
[[5,28,38,47,49,50,90,105,111,122,124,126,169,170,181,220,224,225,234,237,248,250,251,254,272,274,278,297],[92,160],[1,2,3,4,6,7,9,10,11,12,13,15,16,18,19,21,22,23,24,25,26,29,30,31,32,33,34,35,36,37,39,40,41,42,43,44,45,46,48,51,52,54,55,56,57,58,59,60,61,62,64,65,68,70,71,72,73,74,75,76,77,78,79,80,81,82,83,84,85,86,88,89,91,94,95,97,98,99,100,101,102,103,104,106,107,108,109,110,112,113,114,115,116,117,118,120,121,123,125,128,129,130,131,132,133,134,135,137,138,139,140,141,142,143,144,146,147,148,149,150,151,152,154,155,156,157,158,159,161,163,164,167,168,171,172,173,174,175,176,177,178,179,182,183,184,185,186,187,188,189,190,191,192,193,194,195,197,198,199,200,201,202,203,204,205,206,207,208,209,210,211,212,213,214,215,216,217,218,219,221,222,223,226,227,228,229,230,231,232,233,235,236,238,239,240,241,242,243,244,245,246,247,249,252,253,255,256,257,258,259,260,261,262,263,264,265,266,267,268,269,273,276,277,279,280,281,282,283,285,286,287,288,289,291,292,293,294,295,296,298,299,300]].
[[1,2,3,4,6,7,9,10,11,12,13,15,16,18,19,21,22,23,24,25,26,29,30,31,32,33,34,35,36,37,39,40,41,42,43,44,45,46,48,51,52,54,55,56,57,58,59,60,61,62,64,65,68,70,71,72,73,74,75,76,77,78,79,80,81,82,83,84,85,86,88,89,91,94,95,97,98,99,100,101,102,103,104,106,107,108,109,110,112,113,114,115,116,117,118,120,121,123,125,128,129,130,131,132,133,134,135,137,138,139,140,141,142,143,144,146,147,148,149,150,151,152,154,155,156,157,158,159,161,163,164,167,168,171,172,173,174,175,176,177,178,179,182,183,184,185,186,187,188,189,190,191,192,193,194,195,197,198,199,200,201,202,203,204,205,206,207,208,209,210,211,212,213,214,215,216,217,218,219,221,222,223,226,227,228,229,230,231,232,233,235,236,238,239,240,241,242,243,244,245,246,247,249,252,253,255,256,257,258,259,260,261,262,263,264,265,266,267,268,269,273,276,277,279,280,281,282,283,285,286,287,288,289,291,292,293,294,295,296,298,299,300],[8,14,17,20,27,53,63,66,67,69,87,93,96,119,127,136,145,153,162,165,166,180,196,270,271,275,284,290],[5,28,38,47,49,50,90,105,111,122,124,126,169,170,181,220,224,225,234,237,248,250,251,254,272,274,278,297]].
[[5,28,38,47,49,50,90,105,111,122,124,126,169,170,181,220,224,225,234,237,248,250,251,254,272,274,278,297],[92,160],[1,2,3,4,6,7,9,10,11,12,13,15,16,18,19,21,22,23,24,25,26,29,30,31,32,33,34,35,36,37,39,40,41,42,43,44,45,46,48,51,52,54,55,56,57,58,59,60,61,62,64,65,68,70,71,72,73,74,75,76,77,78,79,80,81,82,83,84,85,86,88,89,91,94,95,97,98,99,100,101,102,103,104,106,107,108,109,110,112,113,114,115,116,117,118,120,121,123,125,128,129,130,131,132,133,134,135,137,138,139,140,141,142,143,144,146,147,148,149,150,151,152,154,155,156,157,158,159,161,163,164,167,168,171,172,173,174,175,176,177,178,179,182,183,184,185,186,187,188,189,190,191,192,193,194,195,197,198,199,200,201,202,203,204,205,206,207,208,209,210,211,212,213,214,215,216,217,218,219,221,222,223,226,227,228,229,230,231,232,233,235,236,238,239,240,241,242,243,244,245,246,247,249,252,253,255,256,257,258,259,260,261,262,263,264,265,266,267,268,269,273,276,277,279,280,281,282,283,285,286,287,288,289,291,292,293,294,295,296,298,299,300]].
[[92,160],[5,28,38,47,49,50,90,105,111,122,124,126,169,170,181,220,224,225,234,237,248,250,251,254,272,274,278,297],[8,14,17,20,27,53,63,66,67,69,87,93,96,119,127,136,145,153,162,165,166,180,196,270,271,275,284,290]].
[[5,28,38,47,49,50,90,105,111,122,124,126,169,170,181,220,224,225,234,237,248,250,251,254,272,274,278,297],[92,160],[1,2,3,4,6,7,9,10,11,12,13,15,16,18,19,21,22,23,24,25,26,29,30,31,32,33,34,35,36,37,39,40,41,42,43,44,45,46,48,51,52,54,55,56,57,58,59,60,61,62,64,65,68,70,71,72,73,74,75,76,77,78,79,80,81,82,83,84,85,86,88,89,91,94,95,97,98,99,100,101,102,103,104,106,107,108,109,110,112,113,114,115,116,117,118,120,121,123,125,128,129,130,131,132,133,134,135,137,138,139,140,141,142,143,144,146,147,148,149,150,151,152,154,155,156,157,158,159,161,163,164,167,168,171,172,173,174,175,176,177,178,179,182,183,184,185,186,187,188,189,190,191,192,193,194,195,197,198,199,200,201,202,203,204,205,206,207,208,209,210,211,212,213,214,215,216,217,218,219,221,222,223,226,227,228,229,230,231,232,233,235,236,238,239,240,241,242,243,244,245,246,247,249,252,253,255,256,257,258,259,260,261,262,263,264,265,266,267,268,269,273,276,277,279,280,281,282,283,285,286,287,288,289,291,292,293,294,295,296,298,299,300]].
[[1,2,3,4,6,7,9,10,11,12,13,15,16,18,19,21,22,23,24,25,26,29,30,31,32,33,34,35,36,37,39,40,41,42,43,44,45,46,48,51,52,54,55,56,57,58,59,60,61,62,64,65,68,70,71,72,73,74,75,76,77,78,79,80,81,82,83,84,85,86,88,89,91,94,95,97,98,99,100,101,102,103,104,106,107,108,109,110,112,113,114,115,116,117,118,120,121,123,125,128,129,130,131,132,133,134,135,137,138,139,140,141,142,143,144,146,147,148,149,150,151,152,154,155,156,157,158,159,161,163,164,167,168,171,172,173,174,175,176,177,178,179,182,183,184,185,186,187,188,189,190,191,192,193,194,195,197,198,199,200,201,202,203,204,205,206,207,208,209,210,211,212,213,214,215,216,217,218,219,221,222,223,226,227,228,229,230,231,232,233,235,236,238,239,240,241,242,243,244,245,246,247,249,252,253,255,256,257,258,259,260,261,262,263,264,265,266,267,268,269,273,276,277,279,280,281,282,283,285,286,287,288,289,291,292,293,294,295,296,298,299,300],[8,14,17,20,27,53,63,66,67,69,87,93,96,119,127,136,145,153,162,165,166,180,196,270,271,275,284,290],[5,28,38,47,49,50,90,105,111,122,124,126,169,170,181,220,224,225,234,237,248,250,251,254,272,274,278,297]].
[[8,14,17,20,27,53,63,66,67,69,87,93,96,119,127,136,145,153,162,165,166,180,196,270,271,275,284,290],[1,2,3,4,6,7,9,10,11,12,13,15,16,18,19,21,22,23,24,25,26,29,30,31,32,33,34,35,36,37,39,40,41,42,43,44,45,46,48,51,52,54,55,56,57,58,59,60,61,62,64,65,68,70,71,72,73,74,75,76,77,78,79,80,81,82,83,84,85,86,88,89,91,94,95,97,98,99,100,101,102,103,104,106,107,108,109,110,112,113,114,115,116,117,118,120,121,123,125,128,129,130,131,132,133,134,135,137,138,139,140,141,142,143,144,146,147,148,149,150,151,152,154,155,156,157,158,159,161,163,164,167,168,171,172,173,174,175,176,177,178,179,182,183,184,185,186,187,188,189,190,191,192,193,194,195,197,198,199,200,201,202,203,204,205,206,207,208,209,210,211,212,213,214,215,216,217,218,219,221,222,223,226,227,228,229,230,231,232,233,235,236,238,239,240,241,242,243,244,245,246,247,249,252,253,255,256,257,258,259,260,261,262,263,264,265,266,267,268,269,273,276,277,279,280,281,282,283,285,286,287,288,289,291,292,293,294,295,296,298,299,300],[92,160]].
[[8,14,17,20,27,53,63,66,67,69,87,93,96,119,127,136,145,153,162,165,166,180,196,270,271,275,284,290],[1,2,3,4,6,7,9,10,11,12,13,15,16,18,19,21,22,23,24,25,26,29,30,31,32,33,34,35,36,37,39,40,41,42,43,44,45,46,48,51,52,54,55,56,57,58,59,60,61,62,64,65,68,70,71,72,73,74,75,76,77,78,79,80,81,82,83,84,85,86,88,89,91,94,95,97,98,99,100,101,102,103,104,106,107,108,109,110,112,113,114,115,116,117,118,120,121,123,125,128,129,130,131,132,133,134,135,137,138,139,140,141,142,143,144,146,147,148,149,150,151,152,154,155,156,157,158,159,161,163,164,167,168,171,172,173,174,175,176,177,178,179,182,183,184,185,186,187,188,189,190,191,192,193,194,195,197,198,199,200,201,202,203,204,205,206,207,208,209,210,211,212,213,214,215,216,217,218,219,221,222,223,226,227,228,229,230,231,232,233,235,236,238,239,240,241,242,243,244,245,246,247,249,252,253,255,256,257,258,259,260,261,262,263,264,265,266,267,268,269,273,276,277,279,280,281,282,283,285,286,287,288,289,291,292,293,294,295,296,298,299,300],[92,160]].
[[5,28,38,47,49,50,90,105,111,122,124,126,169,170,181,220,224,225,234,237,248,250,251,254,272,274,278,297],[92,160],[1,2,3,4,6,7,9,10,11,12,13,15,16,18,19,21,22,23,24,25,26,29,30,31,32,33,34,35,36,37,39,40,41,42,43,44,45,46,48,51,52,54,55,56,57,58,59,60,61,62,64,65,68,70,71,72,73,74,75,76,77,78,79,80,81,82,83,84,85,86,88,89,91,94,95,97,98,99,100,101,102,103,104,106,107,108,109,110,112,113,114,115,116,117,118,120,121,123,125,128,129,130,131,132,133,134,135,137,138,139,140,141,142,143,144,146,147,148,149,150,151,152,154,155,156,157,158,159,161,163,164,167,168,171,172,173,174,175,176,177,178,179,182,183,184,185,186,187,188,189,190,191,192,193,194,195,197,198,199,200,201,202,203,204,205,206,207,208,209,210,211,212,213,214,215,216,217,218,219,221,222,223,226,227,228,229,230,231,232,233,235,236,238,239,240,241,242,243,244,245,246,247,249,252,253,255,256,257,258,259,260,261,262,263,264,265,266,267,268,269,273,276,277,279,280,281,282,283,285,286,287,288,289,291,292,293,294,295,296,298,299,300]].
[[5,28,38,47,49,50,90,105,111,122,124,126,169,170,181,220,224,225,234,237,248,250,251,254,272,274,278,297],[92,160],[1,2,3,4,6,7,9,10,11,12,13,15,16,18,19,21,22,23,24,25,26,29,30,31,32,33,34,35,36,37,39,40,41,42,43,44,45,46,48,51,52,54,55,56,57,58,59,60,61,62,64,65,68,70,71,72,73,74,75,76,77,78,79,80,81,82,83,84,85,86,88,89,91,94,95,97,98,99,100,101,102,103,104,106,107,108,109,110,112,113,114,115,116,117,118,120,121,123,125,128,129,130,131,132,133,134,135,137,138,139,140,141,142,143,144,146,147,148,149,150,151,152,154,155,156,157,158,159,161,163,164,167,168,171,172,173,174,175,176,177,178,179,182,183,184,185,186,187,188,189,190,191,192,193,194,195,197,198,199,200,201,202,203,204,205,206,207,208,209,210,211,212,213,214,215,216,217,218,219,221,222,223,226,227,228,229,230,231,232,233,235,236,238,239,240,241,242,243,244,245,246,247,249,252,253,255,256,257,258,259,260,261,262,263,264,265,266,267,268,269,273,276,277,279,280,281,282,283,285,286,287,288,289,291,292,293,294,295,296,298,299,300]].
[[8,14,17,20,27,53,63,66,67,69,87,93,96,119,127,136,145,153,162,165,166,180,196,270,271,275,284,290],[1,2,3,4,6,7,9,10,11,12,13,15,16,18,19,21,22,23,24,25,26,29,30,31,32,33,34,35,36,37,39,40,41,42,43,44,45,46,48,51,52,54,55,56,57,58,59,60,61,62,64,65,68,70,71,72,73,74,75,76,77,78,79,80,81,82,83,84,85,86,88,89,91,94,95,97,98,99,100,101,102,103,104,106,107,108,109,110,112,113,114,115,116,117,118,120,121,123,125,128,129,130,131,132,133,134,135,137,138,139,140,141,142,143,144,146,147,148,149,150,151,152,154,155,156,157,158,159,161,163,164,167,168,171,172,173,174,175,176,177,178,179,182,183,184,185,186,187,188,189,190,191,192,193,194,195,197,198,199,200,201,202,203,204,205,206,207,208,209,210,211,212,213,214,215,216,217,218,219,221,222,223,226,227,228,229,230,231,232,233,235,236,238,239,240,241,242,243,244,245,246,247,249,252,253,255,256,257,258,259,260,261,262,263,264,265,266,267,268,269,273,276,277,279,280,281,282,283,285,286,287,288,289,291,292,293,294,295,296,298,299,300],[92,160]].
[[92,160],[5,28,38,47,49,50,90,105,111,122,124,126,169,170,181,220,224,225,234,237,248,250,251,254,272,274,278,297],[8,14,17,20,27,53,63,66,67,69,87,93,96,119,127,136,145,153,162,165,166,180,196,270,271,275,284,290]].
[[5,28,38,47,49,50,90,105,111,122,124,126,169,170,181,220,224,225,234,237,248,250,251,254,272,274,278,297],[92,160],[1,2,3,4,6,7,9,10,11,12,13,15,16,18,19,21,22,23,24,25,26,29,30,31,32,33,34,35,36,37,39,40,41,42,43,44,45,46,48,51,52,54,55,56,57,58,59,60,61,62,64,65,68,70,71,72,73,74,75,76,77,78,79,80,81,82,83,84,85,86,88,89,91,94,95,97,98,99,100,101,102,103,104,106,107,108,109,110,112,113,114,115,116,117,118,120,121,123,125,128,129,130,131,132,133,134,135,137,138,139,140,141,142,143,144,146,147,148,149,150,151,152,154,155,156,157,158,159,161,163,164,167,168,171,172,173,174,175,176,177,178,179,182,183,184,185,186,187,188,189,190,191,192,193,194,195,197,198,199,200,201,202,203,204,205,206,207,208,209,210,211,212,213,214,215,216,217,218,219,221,222,223,226,227,228,229,230,231,232,233,235,236,238,239,240,241,242,243,244,245,246,247,249,252,253,255,256,257,258,259,260,261,262,263,264,265,266,267,268,269,273,276,277,279,280,281,282,283,285,286,287,288,289,291,292,293,294,295,296,298,299,300]].
[[1,2,3,4,6,7,9,10,11,12,13,15,16,18,19,21,22,23,24,25,26,29,30,31,32,33,34,35,36,37,39,40,41,42,43,44,45,46,48,51,52,54,55,56,57,58,59,60,61,62,64,65,68,70,71,72,73,74,75,76,77,78,79,80,81,82,83,84,85,86,88,89,91,94,95,97,98,99,100,101,102,103,104,106,107,108,109,110,112,113,114,115,116,117,118,120,121,123,125,128,129,130,131,132,133,134,135,137,138,139,140,141,142,143,144,146,147,148,149,150,151,152,154,155,156,157,158,159,161,163,164,167,168,171,172,173,174,175,176,177,178,179,182,183,184,185,186,187,188,189,190,191,192,193,194,195,197,198,199,200,201,202,203,204,205,206,207,208,209,210,211,212,213,214,215,216,217,218,219,221,222,223,226,227,228,229,230,231,232,233,235,236,238,239,240,241,242,243,244,245,246,247,249,252,253,255,256,257,258,259,260,261,262,263,264,265,266,267,268,269,273,276,277,279,280,281,282,283,285,286,287,288,289,291,292,293,294,295,296,298,299,300],[8,14,17,20,27,53,63,66,67,69,87,93,96,119,127,136,145,153,162,165,166,180,196,270,271,275,284,290],[5,28,38,47,49,50,90,105,111,122,124,126,169,170,181,220,224,225,234,237,248,250,251,254,272,274,278,297]].
[[1,2,3,4,6,7,9,10,11,12,13,15,16,18,19,21,22,23,24,25,26,29,30,31,32,33,34,35,36,37,39,40,41,42,43,44,45,46,48,51,52,54,55,56,57,58,59,60,61,62,64,65,68,70,71,72,73,74,75,76,77,78,79,80,81,82,83,84,85,86,88,89,91,94,95,97,98,99,100,101,102,103,104,106,107,108,109,110,112,113,114,115,116,117,118,120,121,123,125,128,129,130,131,132,133,134,135,137,138,139,140,141,142,143,144,146,147,148,149,150,151,152,154,155,156,157,158,159,161,163,164,167,168,171,172,173,174,175,176,177,178,179,182,183,184,185,186,187,188,189,190,191,192,193,194,195,197,198,199,200,201,202,203,204,205,206,207,208,209,210,211,212,213,214,215,216,217,218,219,221,222,223,226,227,228,229,230,231,232,233,235,236,238,239,240,241,242,243,244,245,246,247,249,252,253,255,256,257,258,259,260,261,262,263,264,265,266,267,268,269,273,276,277,279,280,281,282,283,285,286,287,288,289,291,292,293,294,295,296,298,299,300],[8,14,17,20,27,53,63,66,67,69,87,93,96,119,127,136,145,153,162,165,166,180,196,270,271,275,284,290],[5,28,38,47,49,50,90,105,111,122,124,126,169,170,181,220,224,225,234,237,248,250,251,254,272,274,278,297]].
[[8,14,17,20,27,53,63,66,67,69,87,93,96,119,127,136,145,153,162,165,166,180,196,270,271,275,284,290],[1,2,3,4,6,7,9,10,11,12,13,15,16,18,19,21,22,23,24,25,26,29,30,31,32,33,34,35,36,37,39,40,41,42,43,44,45,46,48,51,52,54,55,56,57,58,59,60,61,62,64,65,68,70,71,72,73,74,75,76,77,78,79,80,81,82,83,84,85,86,88,89,91,94,95,97,98,99,100,101,102,103,104,106,107,108,109,110,112,113,114,115,116,117,118,120,121,123,125,128,129,130,131,132,133,134,135,137,138,139,140,141,142,143,144,146,147,148,149,150,151,152,154,155,156,157,158,159,161,163,164,167,168,171,172,173,174,175,176,177,178,179,182,183,184,185,186,187,188,189,190,191,192,193,194,195,197,198,199,200,201,202,203,204,205,206,207,208,209,210,211,212,213,214,215,216,217,218,219,221,222,223,226,227,228,229,230,231,232,233,235,236,238,239,240,241,242,243,244,245,246,247,249,252,253,255,256,257,258,259,260,261,262,263,264,265,266,267,268,269,273,276,277,279,280,281,282,283,285,286,287,288,289,291,292,293,294,295,296,298,299,300],[92,160]].
[[92,160],[5,28,38,47,49,50,90,105,111,122,124,126,169,170,181,220,224,225,234,237,248,250,251,254,272,274,278,297],[8,14,17,20,27,53,63,66,67,69,87,93,96,119,127,136,145,153,162,165,166,180,196,270,271,275,284,290]].
[[5,28,38,47,49,50,90,105,111,122,124,126,169,170,181,220,224,225,234,237,248,250,251,254,272,274,278,297],[92,160],[1,2,3,4,6,7,9,10,11,12,13,15,16,18,19,21,22,23,24,25,26,29,30,31,32,33,34,35,36,37,39,40,41,42,43,44,45,46,48,51,52,54,55,56,57,58,59,60,61,62,64,65,68,70,71,72,73,74,75,76,77,78,79,80,81,82,83,84,85,86,88,89,91,94,95,97,98,99,100,101,102,103,104,106,107,108,109,110,112,113,114,115,116,117,118,120,121,123,125,128,129,130,131,132,133,134,135,137,138,139,140,141,142,143,144,146,147,148,149,150,151,152,154,155,156,157,158,159,161,163,164,167,168,171,172,173,174,175,176,177,178,179,182,183,184,185,186,187,188,189,190,191,192,193,194,195,197,198,199,200,201,202,203,204,205,206,207,208,209,210,211,212,213,214,215,216,217,218,219,221,222,223,226,227,228,229,230,231,232,233,235,236,238,239,240,241,242,243,244,245,246,247,249,252,253,255,256,257,258,259,260,261,262,263,264,265,266,267,268,269,273,276,277,279,280,281,282,283,285,286,287,288,289,291,292,293,294,295,296,298,299,300]].
[[92,160],[5,28,38,47,49,50,90,105,111,122,124,126,169,170,181,220,224,225,234,237,248,250,251,254,272,274,278,297],[8,14,17,20,27,53,63,66,67,69,87,93,96,119,127,136,145,153,162,165,166,180,196,270,271,275,284,290]].
[[92,160],[5,28,38,47,49,50,90,105,111,122,124,126,169,170,181,220,224,225,234,237,248,250,251,254,272,274,278,297],[8,14,17,20,27,53,63,66,67,69,87,93,96,119,127,136,145,153,162,165,166,180,196,270,271,275,284,290]].
[[1,2,3,4,6,7,9,10,11,12,13,15,16,18,19,21,22,23,24,25,26,29,30,31,32,33,34,35,36,37,39,40,41,42,43,44,45,46,48,51,52,54,55,56,57,58,59,60,61,62,64,65,68,70,71,72,73,74,75,76,77,78,79,80,81,82,83,84,85,86,88,89,91,94,95,97,98,99,100,101,102,103,104,106,107,108,109,110,112,113,114,115,116,117,118,120,121,123,125,128,129,130,131,132,133,134,135,137,138,139,140,141,142,143,144,146,147,148,149,150,151,152,154,155,156,157,158,159,161,163,164,167,168,171,172,173,174,175,176,177,178,179,182,183,184,185,186,187,188,189,190,191,192,193,194,195,197,198,199,200,201,202,203,204,205,206,207,208,209,210,211,212,213,214,215,216,217,218,219,221,222,223,226,227,228,229,230,231,232,233,235,236,238,239,240,241,242,243,244,245,246,247,249,252,253,255,256,257,258,259,260,261,262,263,264,265,266,267,268,269,273,276,277,279,280,281,282,283,285,286,287,288,289,291,292,293,294,295,296,298,299,300],[8,14,17,20,27,53,63,66,67,69,87,93,96,119,127,136,145,153,162,165,166,180,196,270,271,275,284,290],[5,28,38,47,49,50,90,105,111,122,124,126,169,170,181,220,224,225,234,237,248,250,251,254,272,274,278,297]].
[[1,2,3,4,6,7,9,10,11,12,13,15,16,18,19,21,22,23,24,25,26,29,30,31,32,33,34,35,36,37,39,40,41,42,43,44,45,46,48,51,52,54,55,56,57,58,59,60,61,62,64,65,68,70,71,72,73,74,75,76,77,78,79,80,81,82,83,84,85,86,88,89,91,94,95,97,98,99,100,101,102,103,104,106,107,108,109,110,112,113,114,115,116,117,118,120,121,123,125,128,129,130,131,132,133,134,135,137,138,139,140,141,142,143,144,146,147,148,149,150,151,152,154,155,156,157,158,159,161,163,164,167,168,171,172,173,174,175,176,177,178,179,182,183,184,185,186,187,188,189,190,191,192,193,194,195,197,198,199,200,201,202,203,204,205,206,207,208,209,210,211,212,213,214,215,216,217,218,219,221,222,223,226,227,228,229,230,231,232,233,235,236,238,239,240,241,242,243,244,245,246,247,249,252,253,255,256,257,258,259,260,261,262,263,264,265,266,267,268,269,273,276,277,279,280,281,282,283,285,286,287,288,289,291,292,293,294,295,296,298,299,300],[8,14,17,20,27,53,63,66,67,69,87,93,96,119,127,136,145,153,162,165,166,180,196,270,271,275,284,290],[5,28,38,47,49,50,90,105,111,122,124,126,169,170,181,220,224,225,234,237,248,250,251,254,272,274,278,297]].
[[92,160],[5,28,38,47,49,50,90,105,111,122,124,126,169,170,181,220,224,225,234,237,248,250,251,254,272,274,278,297],[8,14,17,20,27,53,63,66,67,69,87,93,96,119,127,136,145,153,162,165,166,180,196,270,271,275,284,290]].
[[5,28,38,47,49,50,90,105,111,122,124,126,169,170,181,220,224,225,234,237,248,250,251,254,272,274,278,297],[92,160],[1,2,3,4,6,7,9,10,11,12,13,15,16,18,19,21,22,23,24,25,26,29,30,31,32,33,34,35,36,37,39,40,41,42,43,44,45,46,48,51,52,54,55,56,57,58,59,60,61,62,64,65,68,70,71,72,73,74,75,76,77,78,79,80,81,82,83,84,85,86,88,89,91,94,95,97,98,99,100,101,102,103,104,106,107,108,109,110,112,113,114,115,116,117,118,120,121,123,125,128,129,130,131,132,133,134,135,137,138,139,140,141,142,143,144,146,147,148,149,150,151,152,154,155,156,157,158,159,161,163,164,167,168,171,172,173,174,175,176,177,178,179,182,183,184,185,186,187,188,189,190,191,192,193,194,195,197,198,199,200,201,202,203,204,205,206,207,208,209,210,211,212,213,214,215,216,217,218,219,221,222,223,226,227,228,229,230,231,232,233,235,236,238,239,240,241,242,243,244,245,246,247,249,252,253,255,256,257,258,259,260,261,262,263,264,265,266,267,268,269,273,276,277,279,280,281,282,283,285,286,287,288,289,291,292,293,294,295,296,298,299,300]].
[[92,160],[5,28,38,47,49,50,90,105,111,122,124,126,169,170,181,220,224,225,234,237,248,250,251,254,272,274,278,297],[8,14,17,20,27,53,63,66,67,69,87,93,96,119,127,136,145,153,162,165,166,180,196,270,271,275,284,290]].
[[5,28,38,47,49,50,90,105,111,122,124,126,169,170,181,220,224,225,234,237,248,250,251,254,272,274,278,297],[92,160],[1,2,3,4,6,7,9,10,11,12,13,15,16,18,19,21,22,23,24,25,26,29,30,31,32,33,34,35,36,37,39,40,41,42,43,44,45,46,48,51,52,54,55,56,57,58,59,60,61,62,64,65,68,70,71,72,73,74,75,76,77,78,79,80,81,82,83,84,85,86,88,89,91,94,95,97,98,99,100,101,102,103,104,106,107,108,109,110,112,113,114,115,116,117,118,120,121,123,125,128,129,130,131,132,133,134,135,137,138,139,140,141,142,143,144,146,147,148,149,150,151,152,154,155,156,157,158,159,161,163,164,167,168,171,172,173,174,175,176,177,178,179,182,183,184,185,186,187,188,189,190,191,192,193,194,195,197,198,199,200,201,202,203,204,205,206,207,208,209,210,211,212,213,214,215,216,217,218,219,221,222,223,226,227,228,229,230,231,232,233,235,236,238,239,240,241,242,243,244,245,246,247,249,252,253,255,256,257,258,259,260,261,262,263,264,265,266,267,268,269,273,276,277,279,280,281,282,283,285,286,287,288,289,291,292,293,294,295,296,298,299,300]].
[[8,14,17,20,27,53,63,66,67,69,87,93,96,119,127,136,145,153,162,165,166,180,196,270,271,275,284,290],[1,2,3,4,6,7,9,10,11,12,13,15,16,18,19,21,22,23,24,25,26,29,30,31,32,33,34,35,36,37,39,40,41,42,43,44,45,46,48,51,52,54,55,56,57,58,59,60,61,62,64,65,68,70,71,72,73,74,75,76,77,78,79,80,81,82,83,84,85,86,88,89,91,94,95,97,98,99,100,101,102,103,104,106,107,108,109,110,112,113,114,115,116,117,118,120,121,123,125,128,129,130,131,132,133,134,135,137,138,139,140,141,142,143,144,146,147,148,149,150,151,152,154,155,156,157,158,159,161,163,164,167,168,171,172,173,174,175,176,177,178,179,182,183,184,185,186,187,188,189,190,191,192,193,194,195,197,198,199,200,201,202,203,204,205,206,207,208,209,210,211,212,213,214,215,216,217,218,219,221,222,223,226,227,228,229,230,231,232,233,235,236,238,239,240,241,242,243,244,245,246,247,249,252,253,255,256,257,258,259,260,261,262,263,264,265,266,267,268,269,273,276,277,279,280,281,282,283,285,286,287,288,289,291,292,293,294,295,296,298,299,300],[92,160]].
[[92,160],[5,28,38,47,49,50,90,105,111,122,124,126,169,170,181,220,224,225,234,237,248,250,251,254,272,274,278,297],[8,14,17,20,27,53,63,66,67,69,87,93,96,119,127,136,145,153,162,165,166,180,196,270,271,275,284,290]].
[[92,160],[5,28,38,47,49,50,90,105,111,122,124,126,169,170,181,220,224,225,234,237,248,250,251,254,272,274,278,297],[8,14,17,20,27,53,63,66,67,69,87,93,96,119,127,136,145,153,162,165,166,180,196,270,271,275,284,290]].
[[8,14,17,20,27,53,63,66,67,69,87,93,96,119,127,136,145,153,162,165,166,180,196,270,271,275,284,290],[1,2,3,4,6,7,9,10,11,12,13,15,16,18,19,21,22,23,24,25,26,29,30,31,32,33,34,35,36,37,39,40,41,42,43,44,45,46,48,51,52,54,55,56,57,58,59,60,61,62,64,65,68,70,71,72,73,74,75,76,77,78,79,80,81,82,83,84,85,86,88,89,91,94,95,97,98,99,100,101,102,103,104,106,107,108,109,110,112,113,114,115,116,117,118,120,121,123,125,128,129,130,131,132,133,134,135,137,138,139,140,141,142,143,144,146,147,148,149,150,151,152,154,155,156,157,158,159,161,163,164,167,168,171,172,173,174,175,176,177,178,179,182,183,184,185,186,187,188,189,190,191,192,193,194,195,197,198,199,200,201,202,203,204,205,206,207,208,209,210,211,212,213,214,215,216,217,218,219,221,222,223,226,227,228,229,230,231,232,233,235,236,238,239,240,241,242,243,244,245,246,247,249,252,253,255,256,257,258,259,260,261,262,263,264,265,266,267,268,269,273,276,277,279,280,281,282,283,285,286,287,288,289,291,292,293,294,295,296,298,299,300],[92,160]].
