[[5,7,40,46,49,50,54,59,64,68,70,72,77,87,90,103,111,130,131,133,138,149,150,152,161,175,188,192,209,214,215,216,221,227,229,234,237,242,245,248,260,265,268,270,288],[2,8,17,20,32,37,43,47,51,55,60,61,65,84,91,92,93,94,97,105,108,109,113,122,139,140,143,144,147,148,156,160,164,167,172,178,183,184,185,190,196,203,211,212,213,220,222,225,226,230,231,232,235,239,244,246,249,254,255,259,262,263,267,269,271,278,279,280,282,284,291,292,293,296,300],[3,10,12,16,19,23,28,29,31,33,34,38,45,48,56,63,67,79,80,82,83,88,95,96,98,99,100,101,104,112,114,115,124,125,127,128,129,132,134,142,145,151,155,158,163,165,169,170,171,173,176,177,191,198,205,208,217,218,219,228,238,241,247,251,257,258,261,273,274,275,276,281,285,295,298]].
[[5,7,40,46,49,50,54,59,64,68,70,72,77,87,90,103,111,130,131,133,138,149,150,152,161,175,188,192,209,214,215,216,221,227,229,234,237,242,245,248,260,265,268,270,288],[2,8,17,20,32,37,43,47,51,55,60,61,65,84,91,92,93,94,97,105,108,109,113,122,139,140,143,144,147,148,156,160,164,167,172,178,183,184,185,190,196,203,211,212,213,220,222,225,226,230,231,232,235,239,244,246,249,254,255,259,262,263,267,269,271,278,279,280,282,284,291,292,293,296,300],[3,10,12,16,19,23,28,29,31,33,34,38,45,48,56,63,67,79,80,82,83,88,95,96,98,99,100,101,104,112,114,115,124,125,127,128,129,132,134,142,145,151,155,158,163,165,169,170,171,173,176,177,191,198,205,208,217,218,219,228,238,241,247,251,257,258,261,273,274,275,276,281,285,295,298]].
[[3,10,12,16,19,23,28,29,31,33,34,38,45,48,56,63,67,79,80,82,83,88,95,96,98,99,100,101,104,112,114,115,124,125,127,128,129,132,134,142,145,151,155,158,163,165,169,170,171,173,176,177,191,198,205,208,217,218,219,228,238,241,247,251,257,258,261,273,274,275,276,281,285,295,298],[1,4,6,9,11,13,14,15,18,21,22,24,25,26,27,30,35,36,39,41,42,44,52,53,57,58,62,66,69,71,73,74,75,76,78,81,85,86,89,102,106,107,110,116,117,118,119,120,121,123,126,135,136,137,141,146,153,154,157,159,162,166,168,174,179,180,181,182,186,187,189,193,194,195,197,199,200,201,202,204,206,207,210,223,224,233,236,240,243,250,252,253,256,264,266,272,277,283,286,287,289,290,294,297,299],[5,7,40,46,49,50,54,59,64,68,70,72,77,87,90,103,111,130,131,133,138,149,150,152,161,175,188,192,209,214,215,216,221,227,229,234,237,242,245,248,260,265,268,270,288]].
[[5,7,40,46,49,50,54,59,64,68,70,72,77,87,90,103,111,130,131,133,138,149,150,152,161,175,188,192,209,214,215,216,221,227,229,234,237,242,245,248,260,265,268,270,288],[2,8,17,20,32,37,43,47,51,55,60,61,65,84,91,92,93,94,97,105,108,109,113,122,139,140,143,144,147,148,156,160,164,167,172,178,183,184,185,190,196,203,211,212,213,220,222,225,226,230,231,232,235,239,244,246,249,254,255,259,262,263,267,269,271,278,279,280,282,284,291,292,293,296,300],[3,10,12,16,19,23,28,29,31,33,34,38,45,48,56,63,67,79,80,82,83,88,95,96,98,99,100,101,104,112,114,115,124,125,127,128,129,132,134,142,145,151,155,158,163,165,169,170,171,173,176,177,191,198,205,208,217,218,219,228,238,241,247,251,257,258,261,273,274,275,276,281,285,295,298]].
[[1,4,6,9,11,13,14,15,18,21,22,24,25,26,27,30,35,36,39,41,42,44,52,53,57,58,62,66,69,71,73,74,75,76,78,81,85,86,89,102,106,107,110,116,117,118,119,120,121,123,126,135,136,137,141,146,153,154,157,159,162,166,168,174,179,180,181,182,186,187,189,193,194,195,197,199,200,201,202,204,206,207,210,223,224,233,236,240,243,250,252,253,256,264,266,272,277,283,286,287,289,290,294,297,299],[3,10,12,16,19,23,28,29,31,33,34,38,45,48,56,63,67,79,80,82,83,88,95,96,98,99,100,101,104,112,114,115,124,125,127,128,129,132,134,142,145,151,155,158,163,165,169,170,171,173,176,177,191,198,205,208,217,218,219,228,238,241,247,251,257,258,261,273,274,275,276,281,285,295,298],[2,8,17,20,32,37,43,47,51,55,60,61,65,84,91,92,93,94,97,105,108,109,113,122,139,140,143,144,147,148,156,160,164,167,172,178,183,184,185,190,196,203,211,212,213,220,222,225,226,230,231,232,235,239,244,246,249,254,255,259,262,263,267,269,271,278,279,280,282,284,291,292,293,296,300]].
[[3,10,12,16,19,23,28,29,31,33,34,38,45,48,56,63,67,79,80,82,83,88,95,96,98,99,100,101,104,112,114,115,124,125,127,128,129,132,134,142,145,151,155,158,163,165,169,170,171,173,176,177,191,198,205,208,217,218,219,228,238,241,247,251,257,258,261,273,274,275,276,281,285,295,298],[1,4,6,9,11,13,14,15,18,21,22,24,25,26,27,30,35,36,39,41,42,44,52,53,57,58,62,66,69,71,73,74,75,76,78,81,85,86,89,102,106,107,110,116,117,118,119,120,121,123,126,135,136,137,141,146,153,154,157,159,162,166,168,174,179,180,181,182,186,187,189,193,194,195,197,199,200,201,202,204,206,207,210,223,224,233,236,240,243,250,252,253,256,264,266,272,277,283,286,287,289,290,294,297,299],[5,7,40,46,49,50,54,59,64,68,70,72,77,87,90,103,111,130,131,133,138,149,150,152,161,175,188,192,209,214,215,216,221,227,229,234,237,242,245,248,260,265,268,270,288]].
[[2,8,17,20,32,37,43,47,51,55,60,61,65,84,91,92,93,94,97,105,108,109,113,122,139,140,143,144,147,148,156,160,164,167,172,178,183,184,185,190,196,203,211,212,213,220,222,225,226,230,231,232,235,239,244,246,249,254,255,259,262,263,267,269,271,278,279,280,282,284,291,292,293,296,300],[5,7,40,46,49,50,54,59,64,68,70,72,77,87,90,103,111,130,131,133,138,149,150,152,161,175,188,192,209,214,215,216,221,227,229,234,237,242,245,248,260,265,268,270,288],[1,4,6,9,11,13,14,15,18,21,22,24,25,26,27,30,35,36,39,41,42,44,52,53,57,58,62,66,69,71,73,74,75,76,78,81,85,86,89,102,106,107,110,116,117,118,119,120,121,123,126,135,136,137,141,146,153,154,157,159,162,166,168,174,179,180,181,182,186,187,189,193,194,195,197,199,200,201,202,204,206,207,210,223,224,233,236,240,243,250,252,253,256,264,266,272,277,283,286,287,289,290,294,297,299]].
[[3,10,12,16,19,23,28,29,31,33,34,38,45,48,56,63,67,79,80,82,83,88,95,96,98,99,100,101,104,112,114,115,124,125,127,128,129,132,134,142,145,151,155,158,163,165,169,170,171,173,176,177,191,198,205,208,217,218,219,228,238,241,247,251,257,258,261,273,274,275,276,281,285,295,298],[1,4,6,9,11,13,14,15,18,21,22,24,25,26,27,30,35,36,39,41,42,44,52,53,57,58,62,66,69,71,73,74,75,76,78,81,85,86,89,102,106,107,110,116,117,118,119,120,121,123,126,135,136,137,141,146,153,154,157,159,162,166,168,174,179,180,181,182,186,187,189,193,194,195,197,199,200,201,202,204,206,207,210,223,224,233,236,240,243,250,252,253,256,264,266,272,277,283,286,287,289,290,294,297,299],[5,7,40,46,49,50,54,59,64,68,70,72,77,87,90,103,111,130,131,133,138,149,150,152,161,175,188,192,209,214,215,216,221,227,229,234,237,242,245,248,260,265,268,270,288]].
[[3,10,12,16,19,23,28,29,31,33,34,38,45,48,56,63,67,79,80,82,83,88,95,96,98,99,100,101,104,112,114,115,124,125,127,128,129,132,134,142,145,151,155,158,163,165,169,170,171,173,176,177,191,198,205,208,217,218,219,228,238,241,247,251,257,258,261,273,274,275,276,281,285,295,298],[1,4,6,9,11,13,14,15,18,21,22,24,25,26,27,30,35,36,39,41,42,44,52,53,57,58,62,66,69,71,73,74,75,76,78,81,85,86,89,102,106,107,110,116,117,118,119,120,121,123,126,135,136,137,141,146,153,154,157,159,162,166,168,174,179,180,181,182,186,187,189,193,194,195,197,199,200,201,202,204,206,207,210,223,224,233,236,240,243,250,252,253,256,264,266,272,277,283,286,287,289,290,294,297,299],[5,7,40,46,49,50,54,59,64,68,70,72,77,87,90,103,111,130,131,133,138,149,150,152,161,175,188,192,209,214,215,216,221,227,229,234,237,242,245,248,260,265,268,270,288]].
[[2,8,17,20,32,37,43,47,51,55,60,61,65,84,91,92,93,94,97,105,108,109,113,122,139,140,143,144,147,148,156,160,164,167,172,178,183,184,185,190,196,203,211,212,213,220,222,225,226,230,231,232,235,239,244,246,249,254,255,259,262,263,267,269,271,278,279,280,282,284,291,292,293,296,300],[5,7,40,46,49,50,54,59,64,68,70,72,77,87,90,103,111,130,131,133,138,149,150,152,161,175,188,192,209,214,215,216,221,227,229,234,237,242,245,248,260,265,268,270,288],[1,4,6,9,11,13,14,15,18,21,22,24,25,26,27,30,35,36,39,41,42,44,52,53,57,58,62,66,69,71,73,74,75,76,78,81,85,86,89,102,106,107,110,116,117,118,119,120,121,123,126,135,136,137,141,146,153,154,157,159,162,166,168,174,179,180,181,182,186,187,189,193,194,195,197,199,200,201,202,204,206,207,210,223,224,233,236,240,243,250,252,253,256,264,266,272,277,283,286,287,289,290,294,297,299]].
[[2,8,17,20,32,37,43,47,51,55,60,61,65,84,91,92,93,94,97,105,108,109,113,122,139,140,143,144,147,148,156,160,164,167,172,178,183,184,185,190,196,203,211,212,213,220,222,225,226,230,231,232,235,239,244,246,249,254,255,259,262,263,267,269,271,278,279,280,282,284,291,292,293,296,300],[5,7,40,46,49,50,54,59,64,68,70,72,77,87,90,103,111,130,131,133,138,149,150,152,161,175,188,192,209,214,215,216,221,227,229,234,237,242,245,248,260,265,268,270,288],[1,4,6,9,11,13,14,15,18,21,22,24,25,26,27,30,35,36,39,41,42,44,52,53,57,58,62,66,69,71,73,74,75,76,78,81,85,86,89,102,106,107,110,116,117,118,119,120,121,123,126,135,136,137,141,146,153,154,157,159,162,166,168,174,179,180,181,182,186,187,189,193,194,195,197,199,200,201,202,204,206,207,210,223,224,233,236,240,243,250,252,253,256,264,266,272,277,283,286,287,289,290,294,297,299]].
[[5,7,40,46,49,50,54,59,64,68,70,72,77,87,90,103,111,130,131,133,138,149,150,152,161,175,188,192,209,214,215,216,221,227,229,234,237,242,245,248,260,265,268,270,288],[2,8,17,20,32,37,43,47,51,55,60,61,65,84,91,92,93,94,97,105,108,109,113,122,139,140,143,144,147,148,156,160,164,167,172,178,183,184,185,190,196,203,211,212,213,220,222,225,226,230,231,232,235,239,244,246,249,254,255,259,262,263,267,269,271,278,279,280,282,284,291,292,293,296,300],[3,10,12,16,19,23,28,29,31,33,34,38,45,48,56,63,67,79,80,82,83,88,95,96,98,99,100,101,104,112,114,115,124,125,127,128,129,132,134,142,145,151,155,158,163,165,169,170,171,173,176,177,191,198,205,208,217,218,219,228,238,241,247,251,257,258,261,273,274,275,276,281,285,295,298]].
[[2,8,17,20,32,37,43,47,51,55,60,61,65,84,91,92,93,94,97,105,108,109,113,122,139,140,143,144,147,148,156,160,164,167,172,178,183,184,185,190,196,203,211,212,213,220,222,225,226,230,231,232,235,239,244,246,249,254,255,259,262,263,267,269,271,278,279,280,282,284,291,292,293,296,300],[5,7,40,46,49,50,54,59,64,68,70,72,77,87,90,103,111,130,131,133,138,149,150,152,161,175,188,192,209,214,215,216,221,227,229,234,237,242,245,248,260,265,268,270,288],[1,4,6,9,11,13,14,15,18,21,22,24,25,26,27,30,35,36,39,41,42,44,52,53,57,58,62,66,69,71,73,74,75,76,78,81,85,86,89,102,106,107,110,116,117,118,119,120,121,123,126,135,136,137,141,146,153,154,157,159,162,166,168,174,179,180,181,182,186,187,189,193,194,195,197,199,200,201,202,204,206,207,210,223,224,233,236,240,243,250,252,253,256,264,266,272,277,283,286,287,289,290,294,297,299]].
[[5,7,40,46,49,50,54,59,64,68,70,72,77,87,90,103,111,130,131,133,138,149,150,152,161,175,188,192,209,214,215,216,221,227,229,234,237,242,245,248,260,265,268,270,288],[2,8,17,20,32,37,43,47,51,55,60,61,65,84,91,92,93,94,97,105,108,109,113,122,139,140,143,144,147,148,156,160,164,167,172,178,183,184,185,190,196,203,211,212,213,220,222,225,226,230,231,232,235,239,244,246,249,254,255,259,262,263,267,269,271,278,279,280,282,284,291,292,293,296,300],[3,10,12,16,19,23,28,29,31,33,34,38,45,48,56,63,67,79,80,82,83,88,95,96,98,99,100,101,104,112,114,115,124,125,127,128,129,132,134,142,145,151,155,158,163,165,169,170,171,173,176,177,191,198,205,208,217,218,219,228,238,241,247,251,257,258,261,273,274,275,276,281,285,295,298]].
[[3,10,12,16,19,23,28,29,31,33,34,38,45,48,56,63,67,79,80,82,83,88,95,96,98,99,100,101,104,112,114,115,124,125,127,128,129,132,134,142,145,151,155,158,163,165,169,170,171,173,176,177,191,198,205,208,217,218,219,228,238,241,247,251,257,258,261,273,274,275,276,281,285,295,298],[1,4,6,9,11,13,14,15,18,21,22,24,25,26,27,30,35,36,39,41,42,44,52,53,57,58,62,66,69,71,73,74,75,76,78,81,85,86,89,102,106,107,110,116,117,118,119,120,121,123,126,135,136,137,141,146,153,154,157,159,162,166,168,174,179,180,181,182,186,187,189,193,194,195,197,199,200,201,202,204,206,207,210,223,224,233,236,240,243,250,252,253,256,264,266,272,277,283,286,287,289,290,294,297,299],[5,7,40,46,49,50,54,59,64,68,70,72,77,87,90,103,111,130,131,133,138,149,150,152,161,175,188,192,209,214,215,216,221,227,229,234,237,242,245,248,260,265,268,270,288]].
[[5,7,40,46,49,50,54,59,64,68,70,72,77,87,90,103,111,130,131,133,138,149,150,152,161,175,188,192,209,214,215,216,221,227,229,234,237,242,245,248,260,265,268,270,288],[2,8,17,20,32,37,43,47,51,55,60,61,65,84,91,92,93,94,97,105,108,109,113,122,139,140,143,144,147,148,156,160,164,167,172,178,183,184,185,190,196,203,211,212,213,220,222,225,226,230,231,232,235,239,244,246,249,254,255,259,262,263,267,269,271,278,279,280,282,284,291,292,293,296,300],[3,10,12,16,19,23,28,29,31,33,34,38,45,48,56,63,67,79,80,82,83,88,95,96,98,99,100,101,104,112,114,115,124,125,127,128,129,132,134,142,145,151,155,158,163,165,169,170,171,173,176,177,191,198,205,208,217,218,219,228,238,241,247,251,257,258,261,273,274,275,276,281,285,295,298]].
[[5,7,40,46,49,50,54,59,64,68,70,72,77,87,90,103,111,130,131,133,138,149,150,152,161,175,188,192,209,214,215,216,221,227,229,234,237,242,245,248,260,265,268,270,288],[2,8,17,20,32,37,43,47,51,55,60,61,65,84,91,92,93,94,97,105,108,109,113,122,139,140,143,144,147,148,156,160,164,167,172,178,183,184,185,190,196,203,211,212,213,220,222,225,226,230,231,232,235,239,244,246,249,254,255,259,262,263,267,269,271,278,279,280,282,284,291,292,293,296,300],[3,10,12,16,19,23,28,29,31,33,34,38,45,48,56,63,67,79,80,82,83,88,95,96,98,99,100,101,104,112,114,115,124,125,127,128,129,132,134,142,145,151,155,158,163,165,169,170,171,173,176,177,191,198,205,208,217,218,219,228,238,241,247,251,257,258,261,273,274,275,276,281,285,295,298]].
[[5,7,40,46,49,50,54,59,64,68,70,72,77,87,90,103,111,130,131,133,138,149,150,152,161,175,188,192,209,214,215,216,221,227,229,234,237,242,245,248,260,265,268,270,288],[2,8,17,20,32,37,43,47,51,55,60,61,65,84,91,92,93,94,97,105,108,109,113,122,139,140,143,144,147,148,156,160,164,167,172,178,183,184,185,190,196,203,211,212,213,220,222,225,226,230,231,232,235,239,244,246,249,254,255,259,262,263,267,269,271,278,279,280,282,284,291,292,293,296,300],[3,10,12,16,19,23,28,29,31,33,34,38,45,48,56,63,67,79,80,82,83,88,95,96,98,99,100,101,104,112,114,115,124,125,127,128,129,132,134,142,145,151,155,158,163,165,169,170,171,173,176,177,191,198,205,208,217,218,219,228,238,241,247,251,257,258,261,273,274,275,276,281,285,295,298]].
[[2,8,17,20,32,37,43,47,51,55,60,61,65,84,91,92,93,94,97,105,108,109,113,122,139,140,143,144,147,148,156,160,164,167,172,178,183,184,185,190,196,203,211,212,213,220,222,225,226,230,231,232,235,239,244,246,249,254,255,259,262,263,267,269,271,278,279,280,282,284,291,292,293,296,300],[5,7,40,46,49,50,54,59,64,68,70,72,77,87,90,103,111,130,131,133,138,149,150,152,161,175,188,192,209,214,215,216,221,227,229,234,237,242,245,248,260,265,268,270,288],[1,4,6,9,11,13,14,15,18,21,22,24,25,26,27,30,35,36,39,41,42,44,52,53,57,58,62,66,69,71,73,74,75,76,78,81,85,86,89,102,106,107,110,116,117,118,119,120,121,123,126,135,136,137,141,146,153,154,157,159,162,166,168,174,179,180,181,182,186,187,189,193,194,195,197,199,200,201,202,204,206,207,210,223,224,233,236,240,243,250,252,253,256,264,266,272,277,283,286,287,289,290,294,297,299]].
[[1,4,6,9,11,13,14,15,18,21,22,24,25,26,27,30,35,36,39,41,42,44,52,53,57,58,62,66,69,71,73,74,75,76,78,81,85,86,89,102,106,107,110,116,117,118,119,120,121,123,126,135,136,137,141,146,153,154,157,159,162,166,168,174,179,180,181,182,186,187,189,193,194,195,197,199,200,201,202,204,206,207,210,223,224,233,236,240,243,250,252,253,256,264,266,272,277,283,286,287,289,290,294,297,299],[3,10,12,16,19,23,28,29,31,33,34,38,45,48,56,63,67,79,80,82,83,88,95,96,98,99,100,101,104,112,114,115,124,125,127,128,129,132,134,142,145,151,155,158,163,165,169,170,171,173,176,177,191,198,205,208,217,218,219,228,238,241,247,251,257,258,261,273,274,275,276,281,285,295,298],[2,8,17,20,32,37,43,47,51,55,60,61,65,84,91,92,93,94,97,105,108,109,113,122,139,140,143,144,147,148,156,160,164,167,172,178,183,184,185,190,196,203,211,212,213,220,222,225,226,230,231,232,235,239,244,246,249,254,255,259,262,263,267,269,271,278,279,280,282,284,291,292,293,296,300]].
[[2,8,17,20,32,37,43,47,51,55,60,61,65,84,91,92,93,94,97,105,108,109,113,122,139,140,143,144,147,148,156,160,164,167,172,178,183,184,185,190,196,203,211,212,213,220,222,225,226,230,231,232,235,239,244,246,249,254,255,259,262,263,267,269,271,278,279,280,282,284,291,292,293,296,300],[5,7,40,46,49,50,54,59,64,68,70,72,77,87,90,103,111,130,131,133,138,149,150,152,161,175,188,192,209,214,215,216,221,227,229,234,237,242,245,248,260,265,268,270,288],[1,4,6,9,11,13,14,15,18,21,22,24,25,26,27,30,35,36,39,41,42,44,52,53,57,58,62,66,69,71,73,74,75,76,78,81,85,86,89,102,106,107,110,116,117,118,119,120,121,123,126,135,136,137,141,146,153,154,157,159,162,166,168,174,179,180,181,182,186,187,189,193,194,195,197,199,200,201,202,204,206,207,210,223,224,233,236,240,243,250,252,253,256,264,266,272,277,283,286,287,289,290,294,297,299]].
[[1,4,6,9,11,13,14,15,18,21,22,24,25,26,27,30,35,36,39,41,42,44,52,53,57,58,62,66,69,71,73,74,75,76,78,81,85,86,89,102,106,107,110,116,117,118,119,120,121,123,126,135,136,137,141,146,153,154,157,159,162,166,168,174,179,180,181,182,186,187,189,193,194,195,197,199,200,201,202,204,206,207,210,223,224,233,236,240,243,250,252,253,256,264,266,272,277,283,286,287,289,290,294,297,299],[3,10,12,16,19,23,28,29,31,33,34,38,45,48,56,63,67,79,80,82,83,88,95,96,98,99,100,101,104,112,114,115,124,125,127,128,129,132,134,142,145,151,155,158,163,165,169,170,171,173,176,177,191,198,205,208,217,218,219,228,238,241,247,251,257,258,261,273,274,275,276,281,285,295,298],[2,8,17,20,32,37,43,47,51,55,60,61,65,84,91,92,93,94,97,105,108,109,113,122,139,140,143,144,147,148,156,160,164,167,172,178,183,184,185,190,196,203,211,212,213,220,222,225,226,230,231,232,235,239,244,246,249,254,255,259,262,263,267,269,271,278,279,280,282,284,291,292,293,296,300]].
[[3,10,12,16,19,23,28,29,31,33,34,38,45,48,56,63,67,79,80,82,83,88,95,96,98,99,100,101,104,112,114,115,124,125,127,128,129,132,134,142,145,151,155,158,163,165,169,170,171,173,176,177,191,198,205,208,217,218,219,228,238,241,247,251,257,258,261,273,274,275,276,281,285,295,298],[1,4,6,9,11,13,14,15,18,21,22,24,25,26,27,30,35,36,39,41,42,44,52,53,57,58,62,66,69,71,73,74,75,76,78,81,85,86,89,102,106,107,110,116,117,118,119,120,121,123,126,135,136,137,141,146,153,154,157,159,162,166,168,174,179,180,181,182,186,187,189,193,194,195,197,199,200,201,202,204,206,207,210,223,224,233,236,240,243,250,252,253,256,264,266,272,277,283,286,287,289,290,294,297,299],[5,7,40,46,49,50,54,59,64,68,70,72,77,87,90,103,111,130,131,133,138,149,150,152,161,175,188,192,209,214,215,216,221,227,229,234,237,242,245,248,260,265,268,270,288]].
[[3,10,12,16,19,23,28,29,31,33,34,38,45,48,56,63,67,79,80,82,83,88,95,96,98,99,100,101,104,112,114,115,124,125,127,128,129,132,134,142,145,151,155,158,163,165,169,170,171,173,176,177,191,198,205,208,217,218,219,228,238,241,247,251,257,258,261,273,274,275,276,281,285,295,298],[1,4,6,9,11,13,14,15,18,21,22,24,25,26,27,30,35,36,39,41,42,44,52,53,57,58,62,66,69,71,73,74,75,76,78,81,85,86,89,102,106,107,110,116,117,118,119,120,121,123,126,135,136,137,141,146,153,154,157,159,162,166,168,174,179,180,181,182,186,187,189,193,194,195,197,199,200,201,202,204,206,207,210,223,224,233,236,240,243,250,252,253,256,264,266,272,277,283,286,287,289,290,294,297,299],[5,7,40,46,49,50,54,59,64,68,70,72,77,87,90,103,111,130,131,133,138,149,150,152,161,175,188,192,209,214,215,216,221,227,229,234,237,242,245,248,260,265,268,270,288]].
[[2,8,17,20,32,37,43,47,51,55,60,61,65,84,91,92,93,94,97,105,108,109,113,122,139,140,143,144,147,148,156,160,164,167,172,178,183,184,185,190,196,203,211,212,213,220,222,225,226,230,231,232,235,239,244,246,249,254,255,259,262,263,267,269,271,278,279,280,282,284,291,292,293,296,300],[5,7,40,46,49,50,54,59,64,68,70,72,77,87,90,103,111,130,131,133,138,149,150,152,161,175,188,192,209,214,215,216,221,227,229,234,237,242,245,248,260,265,268,270,288],[1,4,6,9,11,13,14,15,18,21,22,24,25,26,27,30,35,36,39,41,42,44,52,53,57,58,62,66,69,71,73,74,75,76,78,81,85,86,89,102,106,107,110,116,117,118,119,120,121,123,126,135,136,137,141,146,153,154,157,159,162,166,168,174,179,180,181,182,186,187,189,193,194,195,197,199,200,201,202,204,206,207,210,223,224,233,236,240,243,250,252,253,256,264,266,272,277,283,286,287,289,290,294,297,299]].
[[3,10,12,16,19,23,28,29,31,33,34,38,45,48,56,63,67,79,80,82,83,88,95,96,98,99,100,101,104,112,114,115,124,125,127,128,129,132,134,142,145,151,155,158,163,165,169,170,171,173,176,177,191,198,205,208,217,218,219,228,238,241,247,251,257,258,261,273,274,275,276,281,285,295,298],[1,4,6,9,11,13,14,15,18,21,22,24,25,26,27,30,35,36,39,41,42,44,52,53,57,58,62,66,69,71,73,74,75,76,78,81,85,86,89,102,106,107,110,116,117,118,119,120,121,123,126,135,136,137,141,146,153,154,157,159,162,166,168,174,179,180,181,182,186,187,189,193,194,195,197,199,200,201,202,204,206,207,210,223,224,233,236,240,243,250,252,253,256,264,266,272,277,283,286,287,289,290,294,297,299],[5,7,40,46,49,50,54,59,64,68,70,72,77,87,90,103,111,130,131,133,138,149,150,152,161,175,188,192,209,214,215,216,221,227,229,234,237,242,245,248,260,265,268,270,288]].
[[1,4,6,9,11,13,14,15,18,21,22,24,25,26,27,30,35,36,39,41,42,44,52,53,57,58,62,66,69,71,73,74,75,76,78,81,85,86,89,102,106,107,110,116,117,118,119,120,121,123,126,135,136,137,141,146,153,154,157,159,162,166,168,174,179,180,181,182,186,187,189,193,194,195,197,199,200,201,202,204,206,207,210,223,224,233,236,240,243,250,252,253,256,264,266,272,277,283,286,287,289,290,294,297,299],[3,10,12,16,19,23,28,29,31,33,34,38,45,48,56,63,67,79,80,82,83,88,95,96,98,99,100,101,104,112,114,115,124,125,127,128,129,132,134,142,145,151,155,158,163,165,169,170,171,173,176,177,191,198,205,208,217,218,219,228,238,241,247,251,257,258,261,273,274,275,276,281,285,295,298],[2,8,17,20,32,37,43,47,51,55,60,61,65,84,91,92,93,94,97,105,108,109,113,122,139,140,143,144,147,148,156,160,164,167,172,178,183,184,185,190,196,203,211,212,213,220,222,225,226,230,231,232,235,239,244,246,249,254,255,259,262,263,267,269,271,278,279,280,282,284,291,292,293,296,300]].
[[5,7,40,46,49,50,54,59,64,68,70,72,77,87,90,103,111,130,131,133,138,149,150,152,161,175,188,192,209,214,215,216,221,227,229,234,237,242,245,248,260,265,268,270,288],[2,8,17,20,32,37,43,47,51,55,60,61,65,84,91,92,93,94,97,105,108,109,113,122,139,140,143,144,147,148,156,160,164,167,172,178,183,184,185,190,196,203,211,212,213,220,222,225,226,230,231,232,235,239,244,246,249,254,255,259,262,263,267,269,271,278,279,280,282,284,291,292,293,296,300],[3,10,12,16,19,23,28,29,31,33,34,38,45,48,56,63,67,79,80,82,83,88,95,96,98,99,100,101,104,112,114,115,124,125,127,128,129,132,134,142,145,151,155,158,163,165,169,170,171,173,176,177,191,198,205,208,217,218,219,228,238,241,247,251,257,258,261,273,274,275,276,281,285,295,298]].
[[3,10,12,16,19,23,28,29,31,33,34,38,45,48,56,63,67,79,80,82,83,88,95,96,98,99,100,101,104,112,114,115,124,125,127,128,129,132,134,142,145,151,155,158,163,165,169,170,171,173,176,177,191,198,205,208,217,218,219,228,238,241,247,251,257,258,261,273,274,275,276,281,285,295,298],[1,4,6,9,11,13,14,15,18,21,22,24,25,26,27,30,35,36,39,41,42,44,52,53,57,58,62,66,69,71,73,74,75,76,78,81,85,86,89,102,106,107,110,116,117,118,119,120,121,123,126,135,136,137,141,146,153,154,157,159,162,166,168,174,179,180,181,182,186,187,189,193,194,195,197,199,200,201,202,204,206,207,210,223,224,233,236,240,243,250,252,253,256,264,266,272,277,283,286,287,289,290,294,297,299],[5,7,40,46,49,50,54,59,64,68,70,72,77,87,90,103,111,130,131,133,138,149,150,152,161,175,188,192,209,214,215,216,221,227,229,234,237,242,245,248,260,265,268,270,288]].
[[3,10,12,16,19,23,28,29,31,33,34,38,45,48,56,63,67,79,80,82,83,88,95,96,98,99,100,101,104,112,114,115,124,125,127,128,129,132,134,142,145,151,155,158,163,165,169,170,171,173,176,177,191,198,205,208,217,218,219,228,238,241,247,251,257,258,261,273,274,275,276,281,285,295,298],[1,4,6,9,11,13,14,15,18,21,22,24,25,26,27,30,35,36,39,41,42,44,52,53,57,58,62,66,69,71,73,74,75,76,78,81,85,86,89,102,106,107,110,116,117,118,119,120,121,123,126,135,136,137,141,146,153,154,157,159,162,166,168,174,179,180,181,182,186,187,189,193,194,195,197,199,200,201,202,204,206,207,210,223,224,233,236,240,243,250,252,253,256,264,266,272,277,283,286,287,289,290,294,297,299],[5,7,40,46,49,50,54,59,64,68,70,72,77,87,90,103,111,130,131,133,138,149,150,152,161,175,188,192,209,214,215,216,221,227,229,234,237,242,245,248,260,265,268,270,288]].
[[3,10,12,16,19,23,28,29,31,33,34,38,45,48,56,63,67,79,80,82,83,88,95,96,98,99,100,101,104,112,114,115,124,125,127,128,129,132,134,142,145,151,155,158,163,165,169,170,171,173,176,177,191,198,205,208,217,218,219,228,238,241,247,251,257,258,261,273,274,275,276,281,285,295,298],[1,4,6,9,11,13,14,15,18,21,22,24,25,26,27,30,35,36,39,41,42,44,52,53,57,58,62,66,69,71,73,74,75,76,78,81,85,86,89,102,106,107,110,116,117,118,119,120,121,123,126,135,136,137,141,146,153,154,157,159,162,166,168,174,179,180,181,182,186,187,189,193,194,195,197,199,200,201,202,204,206,207,210,223,224,233,236,240,243,250,252,253,256,264,266,272,277,283,286,287,289,290,294,297,299],[5,7,40,46,49,50,54,59,64,68,70,72,77,87,90,103,111,130,131,133,138,149,150,152,161,175,188,192,209,214,215,216,221,227,229,234,237,242,245,248,260,265,268,270,288]].
[[1,4,6,9,11,13,14,15,18,21,22,24,25,26,27,30,35,36,39,41,42,44,52,53,57,58,62,66,69,71,73,74,75,76,78,81,85,86,89,102,106,107,110,116,117,118,119,120,121,123,126,135,136,137,141,146,153,154,157,159,162,166,168,174,179,180,181,182,186,187,189,193,194,195,197,199,200,201,202,204,206,207,210,223,224,233,236,240,243,250,252,253,256,264,266,272,277,283,286,287,289,290,294,297,299],[3,10,12,16,19,23,28,29,31,33,34,38,45,48,56,63,67,79,80,82,83,88,95,96,98,99,100,101,104,112,114,115,124,125,127,128,129,132,134,142,145,151,155,158,163,165,169,170,171,173,176,177,191,198,205,208,217,218,219,228,238,241,247,251,257,258,261,273,274,275,276,281,285,295,298],[2,8,17,20,32,37,43,47,51,55,60,61,65,84,91,92,93,94,97,105,108,109,113,122,139,140,143,144,147,148,156,160,164,167,172,178,183,184,185,190,196,203,211,212,213,220,222,225,226,230,231,232,235,239,244,246,249,254,255,259,262,263,267,269,271,278,279,280,282,284,291,292,293,296,300]].
[[5,7,40,46,49,50,54,59,64,68,70,72,77,87,90,103,111,130,131,133,138,149,150,152,161,175,188,192,209,214,215,216,221,227,229,234,237,242,245,248,260,265,268,270,288],[2,8,17,20,32,37,43,47,51,55,60,61,65,84,91,92,93,94,97,105,108,109,113,122,139,140,143,144,147,148,156,160,164,167,172,178,183,184,185,190,196,203,211,212,213,220,222,225,226,230,231,232,235,239,244,246,249,254,255,259,262,263,267,269,271,278,279,280,282,284,291,292,293,296,300],[3,10,12,16,19,23,28,29,31,33,34,38,45,48,56,63,67,79,80,82,83,88,95,96,98,99,100,101,104,112,114,115,124,125,127,128,129,132,134,142,145,151,155,158,163,165,169,170,171,173,176,177,191,198,205,208,217,218,219,228,238,241,247,251,257,258,261,273,274,275,276,281,285,295,298]].
[[2,8,17,20,32,37,43,47,51,55,60,61,65,84,91,92,93,94,97,105,108,109,113,122,139,140,143,144,147,148,156,160,164,167,172,178,183,184,185,190,196,203,211,212,213,220,222,225,226,230,231,232,235,239,244,246,249,254,255,259,262,263,267,269,271,278,279,280,282,284,291,292,293,296,300],[5,7,40,46,49,50,54,59,64,68,70,72,77,87,90,103,111,130,131,133,138,149,150,152,161,175,188,192,209,214,215,216,221,227,229,234,237,242,245,248,260,265,268,270,288],[1,4,6,9,11,13,14,15,18,21,22,24,25,26,27,30,35,36,39,41,42,44,52,53,57,58,62,66,69,71,73,74,75,76,78,81,85,86,89,102,106,107,110,116,117,118,119,120,121,123,126,135,136,137,141,146,153,154,157,159,162,166,168,174,179,180,181,182,186,187,189,193,194,195,197,199,200,201,202,204,206,207,210,223,224,233,236,240,243,250,252,253,256,264,266,272,277,283,286,287,289,290,294,297,299]].
[[5,7,40,46,49,50,54,59,64,68,70,72,77,87,90,103,111,130,131,133,138,149,150,152,161,175,188,192,209,214,215,216,221,227,229,234,237,242,245,248,260,265,268,270,288],[2,8,17,20,32,37,43,47,51,55,60,61,65,84,91,92,93,94,97,105,108,109,113,122,139,140,143,144,147,148,156,160,164,167,172,178,183,184,185,190,196,203,211,212,213,220,222,225,226,230,231,232,235,239,244,246,249,254,255,259,262,263,267,269,271,278,279,280,282,284,291,292,293,296,300],[3,10,12,16,19,23,28,29,31,33,34,38,45,48,56,63,67,79,80,82,83,88,95,96,98,99,100,101,104,112,114,115,124,125,127,128,129,132,134,142,145,151,155,158,163,165,169,170,171,173,176,177,191,198,205,208,217,218,219,228,238,241,247,251,257,258,261,273,274,275,276,281,285,295,298]].
[[5,7,40,46,49,50,54,59,64,68,70,72,77,87,90,103,111,130,131,133,138,149,150,152,161,175,188,192,209,214,215,216,221,227,229,234,237,242,245,248,260,265,268,270,288],[2,8,17,20,32,37,43,47,51,55,60,61,65,84,91,92,93,94,97,105,108,109,113,122,139,140,143,144,147,148,156,160,164,167,172,178,183,184,185,190,196,203,211,212,213,220,222,225,226,230,231,232,235,239,244,246,249,254,255,259,262,263,267,269,271,278,279,280,282,284,291,292,293,296,300],[3,10,12,16,19,23,28,29,31,33,34,38,45,48,56,63,67,79,80,82,83,88,95,96,98,99,100,101,104,112,114,115,124,125,127,128,129,132,134,142,145,151,155,158,163,165,169,170,171,173,176,177,191,198,205,208,217,218,219,228,238,241,247,251,257,258,261,273,274,275,276,281,285,295,298]].
[[1,4,6,9,11,13,14,15,18,21,22,24,25,26,27,30,35,36,39,41,42,44,52,53,57,58,62,66,69,71,73,74,75,76,78,81,85,86,89,102,106,107,110,116,117,118,119,120,121,123,126,135,136,137,141,146,153,154,157,159,162,166,168,174,179,180,181,182,186,187,189,193,194,195,197,199,200,201,202,204,206,207,210,223,224,233,236,240,243,250,252,253,256,264,266,272,277,283,286,287,289,290,294,297,299],[3,10,12,16,19,23,28,29,31,33,34,38,45,48,56,63,67,79,80,82,83,88,95,96,98,99,100,101,104,112,114,115,124,125,127,128,129,132,134,142,145,151,155,158,163,165,169,170,171,173,176,177,191,198,205,208,217,218,219,228,238,241,247,251,257,258,261,273,274,275,276,281,285,295,298],[2,8,17,20,32,37,43,47,51,55,60,61,65,84,91,92,93,94,97,105,108,109,113,122,139,140,143,144,147,148,156,160,164,167,172,178,183,184,185,190,196,203,211,212,213,220,222,225,226,230,231,232,235,239,244,246,249,254,255,259,262,263,267,269,271,278,279,280,282,284,291,292,293,296,300]].
[[5,7,40,46,49,50,54,59,64,68,70,72,77,87,90,103,111,130,131,133,138,149,150,152,161,175,188,192,209,214,215,216,221,227,229,234,237,242,245,248,260,265,268,270,288],[2,8,17,20,32,37,43,47,51,55,60,61,65,84,91,92,93,94,97,105,108,109,113,122,139,140,143,144,147,148,156,160,164,167,172,178,183,184,185,190,196,203,211,212,213,220,222,225,226,230,231,232,235,239,244,246,249,254,255,259,262,263,267,269,271,278,279,280,282,284,291,292,293,296,300],[3,10,12,16,19,23,28,29,31,33,34,38,45,48,56,63,67,79,80,82,83,88,95,96,98,99,100,101,104,112,114,115,124,125,127,128,129,132,134,142,145,151,155,158,163,165,169,170,171,173,176,177,191,198,205,208,217,218,219,228,238,241,247,251,257,258,261,273,274,275,276,281,285,295,298]].
[[3,10,12,16,19,23,28,29,31,33,34,38,45,48,56,63,67,79,80,82,83,88,95,96,98,99,100,101,104,112,114,115,124,125,127,128,129,132,134,142,145,151,155,158,163,165,169,170,171,173,176,177,191,198,205,208,217,218,219,228,238,241,247,251,257,258,261,273,274,275,276,281,285,295,298],[1,4,6,9,11,13,14,15,18,21,22,24,25,26,27,30,35,36,39,41,42,44,52,53,57,58,62,66,69,71,73,74,75,76,78,81,85,86,89,102,106,107,110,116,117,118,119,120,121,123,126,135,136,137,141,146,153,154,157,159,162,166,168,174,179,180,181,182,186,187,189,193,194,195,197,199,200,201,202,204,206,207,210,223,224,233,236,240,243,250,252,253,256,264,266,272,277,283,286,287,289,290,294,297,299],[5,7,40,46,49,50,54,59,64,68,70,72,77,87,90,103,111,130,131,133,138,149,150,152,161,175,188,192,209,214,215,216,221,227,229,234,237,242,245,248,260,265,268,270,288]].
[[5,7,40,46,49,50,54,59,64,68,70,72,77,87,90,103,111,130,131,133,138,149,150,152,161,175,188,192,209,214,215,216,221,227,229,234,237,242,245,248,260,265,268,270,288],[2,8,17,20,32,37,43,47,51,55,60,61,65,84,91,92,93,94,97,105,108,109,113,122,139,140,143,144,147,148,156,160,164,167,172,178,183,184,185,190,196,203,211,212,213,220,222,225,226,230,231,232,235,239,244,246,249,254,255,259,262,263,267,269,271,278,279,280,282,284,291,292,293,296,300],[3,10,12,16,19,23,28,29,31,33,34,38,45,48,56,63,67,79,80,82,83,88,95,96,98,99,100,101,104,112,114,115,124,125,127,128,129,132,134,142,145,151,155,158,163,165,169,170,171,173,176,177,191,198,205,208,217,218,219,228,238,241,247,251,257,258,261,273,274,275,276,281,285,295,298]].
[[2,8,17,20,32,37,43,47,51,55,60,61,65,84,91,92,93,94,97,105,108,109,113,122,139,140,143,144,147,148,156,160,164,167,172,178,183,184,185,190,196,203,211,212,213,220,222,225,226,230,231,232,235,239,244,246,249,254,255,259,262,263,267,269,271,278,279,280,282,284,291,292,293,296,300],[5,7,40,46,49,50,54,59,64,68,70,72,77,87,90,103,111,130,131,133,138,149,150,152,161,175,188,192,209,214,215,216,221,227,229,234,237,242,245,248,260,265,268,270,288],[1,4,6,9,11,13,14,15,18,21,22,24,25,26,27,30,35,36,39,41,42,44,52,53,57,58,62,66,69,71,73,74,75,76,78,81,85,86,89,102,106,107,110,116,117,118,119,120,121,123,126,135,136,137,141,146,153,154,157,159,162,166,168,174,179,180,181,182,186,187,189,193,194,195,197,199,200,201,202,204,206,207,210,223,224,233,236,240,243,250,252,253,256,264,266,272,277,283,286,287,289,290,294,297,299]].
[[2,8,17,20,32,37,43,47,51,55,60,61,65,84,91,92,93,94,97,105,108,109,113,122,139,140,143,144,147,148,156,160,164,167,172,178,183,184,185,190,196,203,211,212,213,220,222,225,226,230,231,232,235,239,244,246,249,254,255,259,262,263,267,269,271,278,279,280,282,284,291,292,293,296,300],[5,7,40,46,49,50,54,59,64,68,70,72,77,87,90,103,111,130,131,133,138,149,150,152,161,175,188,192,209,214,215,216,221,227,229,234,237,242,245,248,260,265,268,270,288],[1,4,6,9,11,13,14,15,18,21,22,24,25,26,27,30,35,36,39,41,42,44,52,53,57,58,62,66,69,71,73,74,75,76,78,81,85,86,89,102,106,107,110,116,117,118,119,120,121,123,126,135,136,137,141,146,153,154,157,159,162,166,168,174,179,180,181,182,186,187,189,193,194,195,197,199,200,201,202,204,206,207,210,223,224,233,236,240,243,250,252,253,256,264,266,272,277,283,286,287,289,290,294,297,299]].
[[5,7,40,46,49,50,54,59,64,68,70,72,77,87,90,103,111,130,131,133,138,149,150,152,161,175,188,192,209,214,215,216,221,227,229,234,237,242,245,248,260,265,268,270,288],[2,8,17,20,32,37,43,47,51,55,60,61,65,84,91,92,93,94,97,105,108,109,113,122,139,140,143,144,147,148,156,160,164,167,172,178,183,184,185,190,196,203,211,212,213,220,222,225,226,230,231,232,235,239,244,246,249,254,255,259,262,263,267,269,271,278,279,280,282,284,291,292,293,296,300],[3,10,12,16,19,23,28,29,31,33,34,38,45,48,56,63,67,79,80,82,83,88,95,96,98,99,100,101,104,112,114,115,124,125,127,128,129,132,134,142,145,151,155,158,163,165,169,170,171,173,176,177,191,198,205,208,217,218,219,228,238,241,247,251,257,258,261,273,274,275,276,281,285,295,298]].
[[2,8,17,20,32,37,43,47,51,55,60,61,65,84,91,92,93,94,97,105,108,109,113,122,139,140,143,144,147,148,156,160,164,167,172,178,183,184,185,190,196,203,211,212,213,220,222,225,226,230,231,232,235,239,244,246,249,254,255,259,262,263,267,269,271,278,279,280,282,284,291,292,293,296,300],[5,7,40,46,49,50,54,59,64,68,70,72,77,87,90,103,111,130,131,133,138,149,150,152,161,175,188,192,209,214,215,216,221,227,229,234,237,242,245,248,260,265,268,270,288],[1,4,6,9,11,13,14,15,18,21,22,24,25,26,27,30,35,36,39,41,42,44,52,53,57,58,62,66,69,71,73,74,75,76,78,81,85,86,89,102,106,107,110,116,117,118,119,120,121,123,126,135,136,137,141,146,153,154,157,159,162,166,168,174,179,180,181,182,186,187,189,193,194,195,197,199,200,201,202,204,206,207,210,223,224,233,236,240,243,250,252,253,256,264,266,272,277,283,286,287,289,290,294,297,299]].
[[5,7,40,46,49,50,54,59,64,68,70,72,77,87,90,103,111,130,131,133,138,149,150,152,161,175,188,192,209,214,215,216,221,227,229,234,237,242,245,248,260,265,268,270,288],[2,8,17,20,32,37,43,47,51,55,60,61,65,84,91,92,93,94,97,105,108,109,113,122,139,140,143,144,147,148,156,160,164,167,172,178,183,184,185,190,196,203,211,212,213,220,222,225,226,230,231,232,235,239,244,246,249,254,255,259,262,263,267,269,271,278,279,280,282,284,291,292,293,296,300],[3,10,12,16,19,23,28,29,31,33,34,38,45,48,56,63,67,79,80,82,83,88,95,96,98,99,100,101,104,112,114,115,124,125,127,128,129,132,134,142,145,151,155,158,163,165,169,170,171,173,176,177,191,198,205,208,217,218,219,228,238,241,247,251,257,258,261,273,274,275,276,281,285,295,298]].
[[5,7,40,46,49,50,54,59,64,68,70,72,77,87,90,103,111,130,131,133,138,149,150,152,161,175,188,192,209,214,215,216,221,227,229,234,237,242,245,248,260,265,268,270,288],[2,8,17,20,32,37,43,47,51,55,60,61,65,84,91,92,93,94,97,105,108,109,113,122,139,140,143,144,147,148,156,160,164,167,172,178,183,184,185,190,196,203,211,212,213,220,222,225,226,230,231,232,235,239,244,246,249,254,255,259,262,263,267,269,271,278,279,280,282,284,291,292,293,296,300],[3,10,12,16,19,23,28,29,31,33,34,38,45,48,56,63,67,79,80,82,83,88,95,96,98,99,100,101,104,112,114,115,124,125,127,128,129,132,134,142,145,151,155,158,163,165,169,170,171,173,176,177,191,198,205,208,217,218,219,228,238,241,247,251,257,258,261,273,274,275,276,281,285,295,298]].
[[1,4,6,9,11,13,14,15,18,21,22,24,25,26,27,30,35,36,39,41,42,44,52,53,57,58,62,66,69,71,73,74,75,76,78,81,85,86,89,102,106,107,110,116,117,118,119,120,121,123,126,135,136,137,141,146,153,154,157,159,162,166,168,174,179,180,181,182,186,187,189,193,194,195,197,199,200,201,202,204,206,207,210,223,224,233,236,240,243,250,252,253,256,264,266,272,277,283,286,287,289,290,294,297,299],[3,10,12,16,19,23,28,29,31,33,34,38,45,48,56,63,67,79,80,82,83,88,95,96,98,99,100,101,104,112,114,115,124,125,127,128,129,132,134,142,145,151,155,158,163,165,169,170,171,173,176,177,191,198,205,208,217,218,219,228,238,241,247,251,257,258,261,273,274,275,276,281,285,295,298],[2,8,17,20,32,37,43,47,51,55,60,61,65,84,91,92,93,94,97,105,108,109,113,122,139,140,143,144,147,148,156,160,164,167,172,178,183,184,185,190,196,203,211,212,213,220,222,225,226,230,231,232,235,239,244,246,249,254,255,259,262,263,267,269,271,278,279,280,282,284,291,292,293,296,300]].
[[5,7,40,46,49,50,54,59,64,68,70,72,77,87,90,103,111,130,131,133,138,149,150,152,161,175,188,192,209,214,215,216,221,227,229,234,237,242,245,248,260,265,268,270,288],[2,8,17,20,32,37,43,47,51,55,60,61,65,84,91,92,93,94,97,105,108,109,113,122,139,140,143,144,147,148,156,160,164,167,172,178,183,184,185,190,196,203,211,212,213,220,222,225,226,230,231,232,235,239,244,246,249,254,255,259,262,263,267,269,271,278,279,280,282,284,291,292,293,296,300],[3,10,12,16,19,23,28,29,31,33,34,38,45,48,56,63,67,79,80,82,83,88,95,96,98,99,100,101,104,112,114,115,124,125,127,128,129,132,134,142,145,151,155,158,163,165,169,170,171,173,176,177,191,198,205,208,217,218,219,228,238,241,247,251,257,258,261,273,274,275,276,281,285,295,298]].
[[3,10,12,16,19,23,28,29,31,33,34,38,45,48,56,63,67,79,80,82,83,88,95,96,98,99,100,101,104,112,114,115,124,125,127,128,129,132,134,142,145,151,155,158,163,165,169,170,171,173,176,177,191,198,205,208,217,218,219,228,238,241,247,251,257,258,261,273,274,275,276,281,285,295,298],[1,4,6,9,11,13,14,15,18,21,22,24,25,26,27,30,35,36,39,41,42,44,52,53,57,58,62,66,69,71,73,74,75,76,78,81,85,86,89,102,106,107,110,116,117,118,119,120,121,123,126,135,136,137,141,146,153,154,157,159,162,166,168,174,179,180,181,182,186,187,189,193,194,195,197,199,200,201,202,204,206,207,210,223,224,233,236,240,243,250,252,253,256,264,266,272,277,283,286,287,289,290,294,297,299],[5,7,40,46,49,50,54,59,64,68,70,72,77,87,90,103,111,130,131,133,138,149,150,152,161,175,188,192,209,214,215,216,221,227,229,234,237,242,245,248,260,265,268,270,288]].
