[[2,11,13,22,23,26,29,34,38,46,48,55,56,62,66,67,69,71,73,75,76,82,84,93,94,
  95,98,99,102,103,105,106,109,111,112,114,115,117,123,125,126,130,132,134,
  136,138,142,143,144,151,154,155,157,158,159,163,164,167,170,172,173,174,175,
  179,182,183,185,186,190,192,193,194,195,199,202,205,207,211,219,225,228,231,
  233,235,237,242,243,246,248,252,253,255,256,258,259,268,269,272,273,274,275,
  278,280,288,290,298],
 [5,9,15,19,20,24,27,28,33,35,36,40,41,42,44,45,50,52,58,64,72,77,80,81,83,87,
  89,90,96,100,108,116,119,121,127,129,133,137,141,145,152,153,160,165,166,
  176,177,178,181,187,189,191,197,200,204,208,209,216,220,221,224,230,232,236,
  240,244,265,276,281,289,295,296,299,300],
 [4,6,7,8,10,12,14,18,21,25,30,31,39,49,53,54,57,59,60,61,63,65,68,74,78,79,
  91,92,97,104,110,113,118,122,124,128,131,135,139,140,148,161,169,180,184,
  188,196,198,201,210,212,213,214,217,222,223,239,247,249,251,260,261,263,264,
  266,267,270,277,285,286,291,292,293,294]].
[[1,3,16,17,32,37,43,47,51,70,85,86,88,101,107,120,146,147,149,150,156,162,
  168,171,203,206,215,218,226,227,229,234,238,241,245,250,254,257,262,271,279,
  282,283,284,287,297],
 [4,6,7,8,10,12,14,18,21,25,30,31,39,49,53,54,57,59,60,61,63,65,68,74,78,79,
  91,92,97,104,110,113,118,122,124,128,131,135,139,140,148,161,169,180,184,
  188,196,198,201,210,212,213,214,217,222,223,239,247,249,251,260,261,263,264,
  266,267,270,277,285,286,291,292,293,294],
 [5,9,15,19,20,24,27,28,33,35,36,40,41,42,44,45,50,52,58,64,72,77,80,81,83,87,
  89,90,96,100,108,116,119,121,127,129,133,137,141,145,152,153,160,165,166,
  176,177,178,181,187,189,191,197,200,204,208,209,216,220,221,224,230,232,236,
  240,244,265,276,281,289,295,296,299,300]].
[[4,6,7,8,10,12,14,18,21,25,30,31,39,49,53,54,57,59,60,61,63,65,68,74,78,79,
  91,92,97,104,110,113,118,122,124,128,131,135,139,140,148,161,169,180,184,
  188,196,198,201,210,212,213,214,217,222,223,239,247,249,251,260,261,263,264,
  266,267,270,277,285,286,291,292,293,294],
 [1,3,16,17,32,37,43,47,51,70,85,86,88,101,107,120,146,147,149,150,156,162,
  168,171,203,206,215,218,226,227,229,234,238,241,245,250,254,257,262,271,279,
  282,283,284,287,297],
 [2,11,13,22,23,26,29,34,38,46,48,55,56,62,66,67,69,71,73,75,76,82,84,93,94,
  95,98,99,102,103,105,106,109,111,112,114,115,117,123,125,126,130,132,134,
  136,138,142,143,144,151,154,155,157,158,159,163,164,167,170,172,173,174,175,
  179,182,183,185,186,190,192,193,194,195,199,202,205,207,211,219,225,228,231,
  233,235,237,242,243,246,248,252,253,255,256,258,259,268,269,272,273,274,275,
  278,280,288,290,298]].
[[5,9,15,19,20,24,27,28,33,35,36,40,41,42,44,45,50,52,58,64,72,77,80,81,83,87,
  89,90,96,100,108,116,119,121,127,129,133,137,141,145,152,153,160,165,166,
  176,177,178,181,187,189,191,197,200,204,208,209,216,220,221,224,230,232,236,
  240,244,265,276,281,289,295,296,299,300],
 [2,11,13,22,23,26,29,34,38,46,48,55,56,62,66,67,69,71,73,75,76,82,84,93,94,
  95,98,99,102,103,105,106,109,111,112,114,115,117,123,125,126,130,132,134,
  136,138,142,143,144,151,154,155,157,158,159,163,164,167,170,172,173,174,175,
  179,182,183,185,186,190,192,193,194,195,199,202,205,207,211,219,225,228,231,
  233,235,237,242,243,246,248,252,253,255,256,258,259,268,269,272,273,274,275,
  278,280,288,290,298],
 [1,3,16,17,32,37,43,47,51,70,85,86,88,101,107,120,146,147,149,150,156,162,
  168,171,203,206,215,218,226,227,229,234,238,241,245,250,254,257,262,271,279,
  282,283,284,287,297]].
[[1,3,16,17,32,37,43,47,51,70,85,86,88,101,107,120,146,147,149,150,156,162,
  168,171,203,206,215,218,226,227,229,234,238,241,245,250,254,257,262,271,279,
  282,283,284,287,297],
 [4,6,7,8,10,12,14,18,21,25,30,31,39,49,53,54,57,59,60,61,63,65,68,74,78,79,
  91,92,97,104,110,113,118,122,124,128,131,135,139,140,148,161,169,180,184,
  188,196,198,201,210,212,213,214,217,222,223,239,247,249,251,260,261,263,264,
  266,267,270,277,285,286,291,292,293,294],
 [5,9,15,19,20,24,27,28,33,35,36,40,41,42,44,45,50,52,58,64,72,77,80,81,83,87,
  89,90,96,100,108,116,119,121,127,129,133,137,141,145,152,153,160,165,166,
  176,177,178,181,187,189,191,197,200,204,208,209,216,220,221,224,230,232,236,
  240,244,265,276,281,289,295,296,299,300]].
[[5,9,15,19,20,24,27,28,33,35,36,40,41,42,44,45,50,52,58,64,72,77,80,81,83,87,
  89,90,96,100,108,116,119,121,127,129,133,137,141,145,152,153,160,165,166,
  176,177,178,181,187,189,191,197,200,204,208,209,216,220,221,224,230,232,236,
  240,244,265,276,281,289,295,296,299,300],
 [2,11,13,22,23,26,29,34,38,46,48,55,56,62,66,67,69,71,73,75,76,82,84,93,94,
  95,98,99,102,103,105,106,109,111,112,114,115,117,123,125,126,130,132,134,
  136,138,142,143,144,151,154,155,157,158,159,163,164,167,170,172,173,174,175,
  179,182,183,185,186,190,192,193,194,195,199,202,205,207,211,219,225,228,231,
  233,235,237,242,243,246,248,252,253,255,256,258,259,268,269,272,273,274,275,
  278,280,288,290,298],
 [1,3,16,17,32,37,43,47,51,70,85,86,88,101,107,120,146,147,149,150,156,162,
  168,171,203,206,215,218,226,227,229,234,238,241,245,250,254,257,262,271,279,
  282,283,284,287,297]].
[[2,11,13,22,23,26,29,34,38,46,48,55,56,62,66,67,69,71,73,75,76,82,84,93,94,
  95,98,99,102,103,105,106,109,111,112,114,115,117,123,125,126,130,132,134,
  136,138,142,143,144,151,154,155,157,158,159,163,164,167,170,172,173,174,175,
  179,182,183,185,186,190,192,193,194,195,199,202,205,207,211,219,225,228,231,
  233,235,237,242,243,246,248,252,253,255,256,258,259,268,269,272,273,274,275,
  278,280,288,290,298],
 [5,9,15,19,20,24,27,28,33,35,36,40,41,42,44,45,50,52,58,64,72,77,80,81,83,87,
  89,90,96,100,108,116,119,121,127,129,133,137,141,145,152,153,160,165,166,
  176,177,178,181,187,189,191,197,200,204,208,209,216,220,221,224,230,232,236,
  240,244,265,276,281,289,295,296,299,300],
 [4,6,7,8,10,12,14,18,21,25,30,31,39,49,53,54,57,59,60,61,63,65,68,74,78,79,
  91,92,97,104,110,113,118,122,124,128,131,135,139,140,148,161,169,180,184,
  188,196,198,201,210,212,213,214,217,222,223,239,247,249,251,260,261,263,264,
  266,267,270,277,285,286,291,292,293,294]].
[[5,9,15,19,20,24,27,28,33,35,36,40,41,42,44,45,50,52,58,64,72,77,80,81,83,87,
  89,90,96,100,108,116,119,121,127,129,133,137,141,145,152,153,160,165,166,
  176,177,178,181,187,189,191,197,200,204,208,209,216,220,221,224,230,232,236,
  240,244,265,276,281,289,295,296,299,300],
 [2,11,13,22,23,26,29,34,38,46,48,55,56,62,66,67,69,71,73,75,76,82,84,93,94,
  95,98,99,102,103,105,106,109,111,112,114,115,117,123,125,126,130,132,134,
  136,138,142,143,144,151,154,155,157,158,159,163,164,167,170,172,173,174,175,
  179,182,183,185,186,190,192,193,194,195,199,202,205,207,211,219,225,228,231,
  233,235,237,242,243,246,248,252,253,255,256,258,259,268,269,272,273,274,275,
  278,280,288,290,298],
 [1,3,16,17,32,37,43,47,51,70,85,86,88,101,107,120,146,147,149,150,156,162,
  168,171,203,206,215,218,226,227,229,234,238,241,245,250,254,257,262,271,279,
  282,283,284,287,297]].
[[5,9,15,19,20,24,27,28,33,35,36,40,41,42,44,45,50,52,58,64,72,77,80,81,83,87,
  89,90,96,100,108,116,119,121,127,129,133,137,141,145,152,153,160,165,166,
  176,177,178,181,187,189,191,197,200,204,208,209,216,220,221,224,230,232,236,
  240,244,265,276,281,289,295,296,299,300],
 [2,11,13,22,23,26,29,34,38,46,48,55,56,62,66,67,69,71,73,75,76,82,84,93,94,
  95,98,99,102,103,105,106,109,111,112,114,115,117,123,125,126,130,132,134,
  136,138,142,143,144,151,154,155,157,158,159,163,164,167,170,172,173,174,175,
  179,182,183,185,186,190,192,193,194,195,199,202,205,207,211,219,225,228,231,
  233,235,237,242,243,246,248,252,253,255,256,258,259,268,269,272,273,274,275,
  278,280,288,290,298],
 [1,3,16,17,32,37,43,47,51,70,85,86,88,101,107,120,146,147,149,150,156,162,
  168,171,203,206,215,218,226,227,229,234,238,241,245,250,254,257,262,271,279,
  282,283,284,287,297]].
[[2,11,13,22,23,26,29,34,38,46,48,55,56,62,66,67,69,71,73,75,76,82,84,93,94,
  95,98,99,102,103,105,106,109,111,112,114,115,117,123,125,126,130,132,134,
  136,138,142,143,144,151,154,155,157,158,159,163,164,167,170,172,173,174,175,
  179,182,183,185,186,190,192,193,194,195,199,202,205,207,211,219,225,228,231,
  233,235,237,242,243,246,248,252,253,255,256,258,259,268,269,272,273,274,275,
  278,280,288,290,298],
 [5,9,15,19,20,24,27,28,33,35,36,40,41,42,44,45,50,52,58,64,72,77,80,81,83,87,
  89,90,96,100,108,116,119,121,127,129,133,137,141,145,152,153,160,165,166,
  176,177,178,181,187,189,191,197,200,204,208,209,216,220,221,224,230,232,236,
  240,244,265,276,281,289,295,296,299,300],
 [4,6,7,8,10,12,14,18,21,25,30,31,39,49,53,54,57,59,60,61,63,65,68,74,78,79,
  91,92,97,104,110,113,118,122,124,128,131,135,139,140,148,161,169,180,184,
  188,196,198,201,210,212,213,214,217,222,223,239,247,249,251,260,261,263,264,
  266,267,270,277,285,286,291,292,293,294]].
[[2,11,13,22,23,26,29,34,38,46,48,55,56,62,66,67,69,71,73,75,76,82,84,93,94,
  95,98,99,102,103,105,106,109,111,112,114,115,117,123,125,126,130,132,134,
  136,138,142,143,144,151,154,155,157,158,159,163,164,167,170,172,173,174,175,
  179,182,183,185,186,190,192,193,194,195,199,202,205,207,211,219,225,228,231,
  233,235,237,242,243,246,248,252,253,255,256,258,259,268,269,272,273,274,275,
  278,280,288,290,298],
 [5,9,15,19,20,24,27,28,33,35,36,40,41,42,44,45,50,52,58,64,72,77,80,81,83,87,
  89,90,96,100,108,116,119,121,127,129,133,137,141,145,152,153,160,165,166,
  176,177,178,181,187,189,191,197,200,204,208,209,216,220,221,224,230,232,236,
  240,244,265,276,281,289,295,296,299,300],
 [4,6,7,8,10,12,14,18,21,25,30,31,39,49,53,54,57,59,60,61,63,65,68,74,78,79,
  91,92,97,104,110,113,118,122,124,128,131,135,139,140,148,161,169,180,184,
  188,196,198,201,210,212,213,214,217,222,223,239,247,249,251,260,261,263,264,
  266,267,270,277,285,286,291,292,293,294]].
[[2,11,13,22,23,26,29,34,38,46,48,55,56,62,66,67,69,71,73,75,76,82,84,93,94,
  95,98,99,102,103,105,106,109,111,112,114,115,117,123,125,126,130,132,134,
  136,138,142,143,144,151,154,155,157,158,159,163,164,167,170,172,173,174,175,
  179,182,183,185,186,190,192,193,194,195,199,202,205,207,211,219,225,228,231,
  233,235,237,242,243,246,248,252,253,255,256,258,259,268,269,272,273,274,275,
  278,280,288,290,298],
 [5,9,15,19,20,24,27,28,33,35,36,40,41,42,44,45,50,52,58,64,72,77,80,81,83,87,
  89,90,96,100,108,116,119,121,127,129,133,137,141,145,152,153,160,165,166,
  176,177,178,181,187,189,191,197,200,204,208,209,216,220,221,224,230,232,236,
  240,244,265,276,281,289,295,296,299,300],
 [4,6,7,8,10,12,14,18,21,25,30,31,39,49,53,54,57,59,60,61,63,65,68,74,78,79,
  91,92,97,104,110,113,118,122,124,128,131,135,139,140,148,161,169,180,184,
  188,196,198,201,210,212,213,214,217,222,223,239,247,249,251,260,261,263,264,
  266,267,270,277,285,286,291,292,293,294]].
[[1,3,16,17,32,37,43,47,51,70,85,86,88,101,107,120,146,147,149,150,156,162,
  168,171,203,206,215,218,226,227,229,234,238,241,245,250,254,257,262,271,279,
  282,283,284,287,297],
 [4,6,7,8,10,12,14,18,21,25,30,31,39,49,53,54,57,59,60,61,63,65,68,74,78,79,
  91,92,97,104,110,113,118,122,124,128,131,135,139,140,148,161,169,180,184,
  188,196,198,201,210,212,213,214,217,222,223,239,247,249,251,260,261,263,264,
  266,267,270,277,285,286,291,292,293,294],
 [5,9,15,19,20,24,27,28,33,35,36,40,41,42,44,45,50,52,58,64,72,77,80,81,83,87,
  89,90,96,100,108,116,119,121,127,129,133,137,141,145,152,153,160,165,166,
  176,177,178,181,187,189,191,197,200,204,208,209,216,220,221,224,230,232,236,
  240,244,265,276,281,289,295,296,299,300]].
[[2,11,13,22,23,26,29,34,38,46,48,55,56,62,66,67,69,71,73,75,76,82,84,93,94,
  95,98,99,102,103,105,106,109,111,112,114,115,117,123,125,126,130,132,134,
  136,138,142,143,144,151,154,155,157,158,159,163,164,167,170,172,173,174,175,
  179,182,183,185,186,190,192,193,194,195,199,202,205,207,211,219,225,228,231,
  233,235,237,242,243,246,248,252,253,255,256,258,259,268,269,272,273,274,275,
  278,280,288,290,298],
 [5,9,15,19,20,24,27,28,33,35,36,40,41,42,44,45,50,52,58,64,72,77,80,81,83,87,
  89,90,96,100,108,116,119,121,127,129,133,137,141,145,152,153,160,165,166,
  176,177,178,181,187,189,191,197,200,204,208,209,216,220,221,224,230,232,236,
  240,244,265,276,281,289,295,296,299,300],
 [4,6,7,8,10,12,14,18,21,25,30,31,39,49,53,54,57,59,60,61,63,65,68,74,78,79,
  91,92,97,104,110,113,118,122,124,128,131,135,139,140,148,161,169,180,184,
  188,196,198,201,210,212,213,214,217,222,223,239,247,249,251,260,261,263,264,
  266,267,270,277,285,286,291,292,293,294]].
[[4,6,7,8,10,12,14,18,21,25,30,31,39,49,53,54,57,59,60,61,63,65,68,74,78,79,
  91,92,97,104,110,113,118,122,124,128,131,135,139,140,148,161,169,180,184,
  188,196,198,201,210,212,213,214,217,222,223,239,247,249,251,260,261,263,264,
  266,267,270,277,285,286,291,292,293,294],
 [1,3,16,17,32,37,43,47,51,70,85,86,88,101,107,120,146,147,149,150,156,162,
  168,171,203,206,215,218,226,227,229,234,238,241,245,250,254,257,262,271,279,
  282,283,284,287,297],
 [2,11,13,22,23,26,29,34,38,46,48,55,56,62,66,67,69,71,73,75,76,82,84,93,94,
  95,98,99,102,103,105,106,109,111,112,114,115,117,123,125,126,130,132,134,
  136,138,142,143,144,151,154,155,157,158,159,163,164,167,170,172,173,174,175,
  179,182,183,185,186,190,192,193,194,195,199,202,205,207,211,219,225,228,231,
  233,235,237,242,243,246,248,252,253,255,256,258,259,268,269,272,273,274,275,
  278,280,288,290,298]].
[[1,3,16,17,32,37,43,47,51,70,85,86,88,101,107,120,146,147,149,150,156,162,
  168,171,203,206,215,218,226,227,229,234,238,241,245,250,254,257,262,271,279,
  282,283,284,287,297],
 [4,6,7,8,10,12,14,18,21,25,30,31,39,49,53,54,57,59,60,61,63,65,68,74,78,79,
  91,92,97,104,110,113,118,122,124,128,131,135,139,140,148,161,169,180,184,
  188,196,198,201,210,212,213,214,217,222,223,239,247,249,251,260,261,263,264,
  266,267,270,277,285,286,291,292,293,294],
 [5,9,15,19,20,24,27,28,33,35,36,40,41,42,44,45,50,52,58,64,72,77,80,81,83,87,
  89,90,96,100,108,116,119,121,127,129,133,137,141,145,152,153,160,165,166,
  176,177,178,181,187,189,191,197,200,204,208,209,216,220,221,224,230,232,236,
  240,244,265,276,281,289,295,296,299,300]].
[[1,3,16,17,32,37,43,47,51,70,85,86,88,101,107,120,146,147,149,150,156,162,
  168,171,203,206,215,218,226,227,229,234,238,241,245,250,254,257,262,271,279,
  282,283,284,287,297],
 [4,6,7,8,10,12,14,18,21,25,30,31,39,49,53,54,57,59,60,61,63,65,68,74,78,79,
  91,92,97,104,110,113,118,122,124,128,131,135,139,140,148,161,169,180,184,
  188,196,198,201,210,212,213,214,217,222,223,239,247,249,251,260,261,263,264,
  266,267,270,277,285,286,291,292,293,294],
 [5,9,15,19,20,24,27,28,33,35,36,40,41,42,44,45,50,52,58,64,72,77,80,81,83,87,
  89,90,96,100,108,116,119,121,127,129,133,137,141,145,152,153,160,165,166,
  176,177,178,181,187,189,191,197,200,204,208,209,216,220,221,224,230,232,236,
  240,244,265,276,281,289,295,296,299,300]].
[[1,3,16,17,32,37,43,47,51,70,85,86,88,101,107,120,146,147,149,150,156,162,
  168,171,203,206,215,218,226,227,229,234,238,241,245,250,254,257,262,271,279,
  282,283,284,287,297],
 [4,6,7,8,10,12,14,18,21,25,30,31,39,49,53,54,57,59,60,61,63,65,68,74,78,79,
  91,92,97,104,110,113,118,122,124,128,131,135,139,140,148,161,169,180,184,
  188,196,198,201,210,212,213,214,217,222,223,239,247,249,251,260,261,263,264,
  266,267,270,277,285,286,291,292,293,294],
 [5,9,15,19,20,24,27,28,33,35,36,40,41,42,44,45,50,52,58,64,72,77,80,81,83,87,
  89,90,96,100,108,116,119,121,127,129,133,137,141,145,152,153,160,165,166,
  176,177,178,181,187,189,191,197,200,204,208,209,216,220,221,224,230,232,236,
  240,244,265,276,281,289,295,296,299,300]].
[[5,9,15,19,20,24,27,28,33,35,36,40,41,42,44,45,50,52,58,64,72,77,80,81,83,87,
  89,90,96,100,108,116,119,121,127,129,133,137,141,145,152,153,160,165,166,
  176,177,178,181,187,189,191,197,200,204,208,209,216,220,221,224,230,232,236,
  240,244,265,276,281,289,295,296,299,300],
 [2,11,13,22,23,26,29,34,38,46,48,55,56,62,66,67,69,71,73,75,76,82,84,93,94,
  95,98,99,102,103,105,106,109,111,112,114,115,117,123,125,126,130,132,134,
  136,138,142,143,144,151,154,155,157,158,159,163,164,167,170,172,173,174,175,
  179,182,183,185,186,190,192,193,194,195,199,202,205,207,211,219,225,228,231,
  233,235,237,242,243,246,248,252,253,255,256,258,259,268,269,272,273,274,275,
  278,280,288,290,298],
 [1,3,16,17,32,37,43,47,51,70,85,86,88,101,107,120,146,147,149,150,156,162,
  168,171,203,206,215,218,226,227,229,234,238,241,245,250,254,257,262,271,279,
  282,283,284,287,297]].
[[1,3,16,17,32,37,43,47,51,70,85,86,88,101,107,120,146,147,149,150,156,162,
  168,171,203,206,215,218,226,227,229,234,238,241,245,250,254,257,262,271,279,
  282,283,284,287,297],
 [4,6,7,8,10,12,14,18,21,25,30,31,39,49,53,54,57,59,60,61,63,65,68,74,78,79,
  91,92,97,104,110,113,118,122,124,128,131,135,139,140,148,161,169,180,184,
  188,196,198,201,210,212,213,214,217,222,223,239,247,249,251,260,261,263,264,
  266,267,270,277,285,286,291,292,293,294],
 [5,9,15,19,20,24,27,28,33,35,36,40,41,42,44,45,50,52,58,64,72,77,80,81,83,87,
  89,90,96,100,108,116,119,121,127,129,133,137,141,145,152,153,160,165,166,
  176,177,178,181,187,189,191,197,200,204,208,209,216,220,221,224,230,232,236,
  240,244,265,276,281,289,295,296,299,300]].
[[5,9,15,19,20,24,27,28,33,35,36,40,41,42,44,45,50,52,58,64,72,77,80,81,83,87,
  89,90,96,100,108,116,119,121,127,129,133,137,141,145,152,153,160,165,166,
  176,177,178,181,187,189,191,197,200,204,208,209,216,220,221,224,230,232,236,
  240,244,265,276,281,289,295,296,299,300],
 [2,11,13,22,23,26,29,34,38,46,48,55,56,62,66,67,69,71,73,75,76,82,84,93,94,
  95,98,99,102,103,105,106,109,111,112,114,115,117,123,125,126,130,132,134,
  136,138,142,143,144,151,154,155,157,158,159,163,164,167,170,172,173,174,175,
  179,182,183,185,186,190,192,193,194,195,199,202,205,207,211,219,225,228,231,
  233,235,237,242,243,246,248,252,253,255,256,258,259,268,269,272,273,274,275,
  278,280,288,290,298],
 [1,3,16,17,32,37,43,47,51,70,85,86,88,101,107,120,146,147,149,150,156,162,
  168,171,203,206,215,218,226,227,229,234,238,241,245,250,254,257,262,271,279,
  282,283,284,287,297]].
[[1,3,16,17,32,37,43,47,51,70,85,86,88,101,107,120,146,147,149,150,156,162,
  168,171,203,206,215,218,226,227,229,234,238,241,245,250,254,257,262,271,279,
  282,283,284,287,297],
 [4,6,7,8,10,12,14,18,21,25,30,31,39,49,53,54,57,59,60,61,63,65,68,74,78,79,
  91,92,97,104,110,113,118,122,124,128,131,135,139,140,148,161,169,180,184,
  188,196,198,201,210,212,213,214,217,222,223,239,247,249,251,260,261,263,264,
  266,267,270,277,285,286,291,292,293,294],
 [5,9,15,19,20,24,27,28,33,35,36,40,41,42,44,45,50,52,58,64,72,77,80,81,83,87,
  89,90,96,100,108,116,119,121,127,129,133,137,141,145,152,153,160,165,166,
  176,177,178,181,187,189,191,197,200,204,208,209,216,220,221,224,230,232,236,
  240,244,265,276,281,289,295,296,299,300]].
[[1,3,16,17,32,37,43,47,51,70,85,86,88,101,107,120,146,147,149,150,156,162,
  168,171,203,206,215,218,226,227,229,234,238,241,245,250,254,257,262,271,279,
  282,283,284,287,297],
 [4,6,7,8,10,12,14,18,21,25,30,31,39,49,53,54,57,59,60,61,63,65,68,74,78,79,
  91,92,97,104,110,113,118,122,124,128,131,135,139,140,148,161,169,180,184,
  188,196,198,201,210,212,213,214,217,222,223,239,247,249,251,260,261,263,264,
  266,267,270,277,285,286,291,292,293,294],
 [5,9,15,19,20,24,27,28,33,35,36,40,41,42,44,45,50,52,58,64,72,77,80,81,83,87,
  89,90,96,100,108,116,119,121,127,129,133,137,141,145,152,153,160,165,166,
  176,177,178,181,187,189,191,197,200,204,208,209,216,220,221,224,230,232,236,
  240,244,265,276,281,289,295,296,299,300]].
[[5,9,15,19,20,24,27,28,33,35,36,40,41,42,44,45,50,52,58,64,72,77,80,81,83,87,
  89,90,96,100,108,116,119,121,127,129,133,137,141,145,152,153,160,165,166,
  176,177,178,181,187,189,191,197,200,204,208,209,216,220,221,224,230,232,236,
  240,244,265,276,281,289,295,296,299,300],
 [2,11,13,22,23,26,29,34,38,46,48,55,56,62,66,67,69,71,73,75,76,82,84,93,94,
  95,98,99,102,103,105,106,109,111,112,114,115,117,123,125,126,130,132,134,
  136,138,142,143,144,151,154,155,157,158,159,163,164,167,170,172,173,174,175,
  179,182,183,185,186,190,192,193,194,195,199,202,205,207,211,219,225,228,231,
  233,235,237,242,243,246,248,252,253,255,256,258,259,268,269,272,273,274,275,
  278,280,288,290,298],
 [1,3,16,17,32,37,43,47,51,70,85,86,88,101,107,120,146,147,149,150,156,162,
  168,171,203,206,215,218,226,227,229,234,238,241,245,250,254,257,262,271,279,
  282,283,284,287,297]].
[[4,6,7,8,10,12,14,18,21,25,30,31,39,49,53,54,57,59,60,61,63,65,68,74,78,79,
  91,92,97,104,110,113,118,122,124,128,131,135,139,140,148,161,169,180,184,
  188,196,198,201,210,212,213,214,217,222,223,239,247,249,251,260,261,263,264,
  266,267,270,277,285,286,291,292,293,294],
 [1,3,16,17,32,37,43,47,51,70,85,86,88,101,107,120,146,147,149,150,156,162,
  168,171,203,206,215,218,226,227,229,234,238,241,245,250,254,257,262,271,279,
  282,283,284,287,297],
 [2,11,13,22,23,26,29,34,38,46,48,55,56,62,66,67,69,71,73,75,76,82,84,93,94,
  95,98,99,102,103,105,106,109,111,112,114,115,117,123,125,126,130,132,134,
  136,138,142,143,144,151,154,155,157,158,159,163,164,167,170,172,173,174,175,
  179,182,183,185,186,190,192,193,194,195,199,202,205,207,211,219,225,228,231,
  233,235,237,242,243,246,248,252,253,255,256,258,259,268,269,272,273,274,275,
  278,280,288,290,298]].
[[4,6,7,8,10,12,14,18,21,25,30,31,39,49,53,54,57,59,60,61,63,65,68,74,78,79,
  91,92,97,104,110,113,118,122,124,128,131,135,139,140,148,161,169,180,184,
  188,196,198,201,210,212,213,214,217,222,223,239,247,249,251,260,261,263,264,
  266,267,270,277,285,286,291,292,293,294],
 [1,3,16,17,32,37,43,47,51,70,85,86,88,101,107,120,146,147,149,150,156,162,
  168,171,203,206,215,218,226,227,229,234,238,241,245,250,254,257,262,271,279,
  282,283,284,287,297],
 [2,11,13,22,23,26,29,34,38,46,48,55,56,62,66,67,69,71,73,75,76,82,84,93,94,
  95,98,99,102,103,105,106,109,111,112,114,115,117,123,125,126,130,132,134,
  136,138,142,143,144,151,154,155,157,158,159,163,164,167,170,172,173,174,175,
  179,182,183,185,186,190,192,193,194,195,199,202,205,207,211,219,225,228,231,
  233,235,237,242,243,246,248,252,253,255,256,258,259,268,269,272,273,274,275,
  278,280,288,290,298]].
[[2,11,13,22,23,26,29,34,38,46,48,55,56,62,66,67,69,71,73,75,76,82,84,93,94,
  95,98,99,102,103,105,106,109,111,112,114,115,117,123,125,126,130,132,134,
  136,138,142,143,144,151,154,155,157,158,159,163,164,167,170,172,173,174,175,
  179,182,183,185,186,190,192,193,194,195,199,202,205,207,211,219,225,228,231,
  233,235,237,242,243,246,248,252,253,255,256,258,259,268,269,272,273,274,275,
  278,280,288,290,298],
 [5,9,15,19,20,24,27,28,33,35,36,40,41,42,44,45,50,52,58,64,72,77,80,81,83,87,
  89,90,96,100,108,116,119,121,127,129,133,137,141,145,152,153,160,165,166,
  176,177,178,181,187,189,191,197,200,204,208,209,216,220,221,224,230,232,236,
  240,244,265,276,281,289,295,296,299,300],
 [4,6,7,8,10,12,14,18,21,25,30,31,39,49,53,54,57,59,60,61,63,65,68,74,78,79,
  91,92,97,104,110,113,118,122,124,128,131,135,139,140,148,161,169,180,184,
  188,196,198,201,210,212,213,214,217,222,223,239,247,249,251,260,261,263,264,
  266,267,270,277,285,286,291,292,293,294]].
[[2,11,13,22,23,26,29,34,38,46,48,55,56,62,66,67,69,71,73,75,76,82,84,93,94,
  95,98,99,102,103,105,106,109,111,112,114,115,117,123,125,126,130,132,134,
  136,138,142,143,144,151,154,155,157,158,159,163,164,167,170,172,173,174,175,
  179,182,183,185,186,190,192,193,194,195,199,202,205,207,211,219,225,228,231,
  233,235,237,242,243,246,248,252,253,255,256,258,259,268,269,272,273,274,275,
  278,280,288,290,298],
 [5,9,15,19,20,24,27,28,33,35,36,40,41,42,44,45,50,52,58,64,72,77,80,81,83,87,
  89,90,96,100,108,116,119,121,127,129,133,137,141,145,152,153,160,165,166,
  176,177,178,181,187,189,191,197,200,204,208,209,216,220,221,224,230,232,236,
  240,244,265,276,281,289,295,296,299,300],
 [4,6,7,8,10,12,14,18,21,25,30,31,39,49,53,54,57,59,60,61,63,65,68,74,78,79,
  91,92,97,104,110,113,118,122,124,128,131,135,139,140,148,161,169,180,184,
  188,196,198,201,210,212,213,214,217,222,223,239,247,249,251,260,261,263,264,
  266,267,270,277,285,286,291,292,293,294]].
[[4,6,7,8,10,12,14,18,21,25,30,31,39,49,53,54,57,59,60,61,63,65,68,74,78,79,
  91,92,97,104,110,113,118,122,124,128,131,135,139,140,148,161,169,180,184,
  188,196,198,201,210,212,213,214,217,222,223,239,247,249,251,260,261,263,264,
  266,267,270,277,285,286,291,292,293,294],
 [1,3,16,17,32,37,43,47,51,70,85,86,88,101,107,120,146,147,149,150,156,162,
  168,171,203,206,215,218,226,227,229,234,238,241,245,250,254,257,262,271,279,
  282,283,284,287,297],
 [2,11,13,22,23,26,29,34,38,46,48,55,56,62,66,67,69,71,73,75,76,82,84,93,94,
  95,98,99,102,103,105,106,109,111,112,114,115,117,123,125,126,130,132,134,
  136,138,142,143,144,151,154,155,157,158,159,163,164,167,170,172,173,174,175,
  179,182,183,185,186,190,192,193,194,195,199,202,205,207,211,219,225,228,231,
  233,235,237,242,243,246,248,252,253,255,256,258,259,268,269,272,273,274,275,
  278,280,288,290,298]].
[[2,11,13,22,23,26,29,34,38,46,48,55,56,62,66,67,69,71,73,75,76,82,84,93,94,
  95,98,99,102,103,105,106,109,111,112,114,115,117,123,125,126,130,132,134,
  136,138,142,143,144,151,154,155,157,158,159,163,164,167,170,172,173,174,175,
  179,182,183,185,186,190,192,193,194,195,199,202,205,207,211,219,225,228,231,
  233,235,237,242,243,246,248,252,253,255,256,258,259,268,269,272,273,274,275,
  278,280,288,290,298],
 [5,9,15,19,20,24,27,28,33,35,36,40,41,42,44,45,50,52,58,64,72,77,80,81,83,87,
  89,90,96,100,108,116,119,121,127,129,133,137,141,145,152,153,160,165,166,
  176,177,178,181,187,189,191,197,200,204,208,209,216,220,221,224,230,232,236,
  240,244,265,276,281,289,295,296,299,300],
 [4,6,7,8,10,12,14,18,21,25,30,31,39,49,53,54,57,59,60,61,63,65,68,74,78,79,
  91,92,97,104,110,113,118,122,124,128,131,135,139,140,148,161,169,180,184,
  188,196,198,201,210,212,213,214,217,222,223,239,247,249,251,260,261,263,264,
  266,267,270,277,285,286,291,292,293,294]].
[[2,11,13,22,23,26,29,34,38,46,48,55,56,62,66,67,69,71,73,75,76,82,84,93,94,
  95,98,99,102,103,105,106,109,111,112,114,115,117,123,125,126,130,132,134,
  136,138,142,143,144,151,154,155,157,158,159,163,164,167,170,172,173,174,175,
  179,182,183,185,186,190,192,193,194,195,199,202,205,207,211,219,225,228,231,
  233,235,237,242,243,246,248,252,253,255,256,258,259,268,269,272,273,274,275,
  278,280,288,290,298],
 [5,9,15,19,20,24,27,28,33,35,36,40,41,42,44,45,50,52,58,64,72,77,80,81,83,87,
  89,90,96,100,108,116,119,121,127,129,133,137,141,145,152,153,160,165,166,
  176,177,178,181,187,189,191,197,200,204,208,209,216,220,221,224,230,232,236,
  240,244,265,276,281,289,295,296,299,300],
 [4,6,7,8,10,12,14,18,21,25,30,31,39,49,53,54,57,59,60,61,63,65,68,74,78,79,
  91,92,97,104,110,113,118,122,124,128,131,135,139,140,148,161,169,180,184,
  188,196,198,201,210,212,213,214,217,222,223,239,247,249,251,260,261,263,264,
  266,267,270,277,285,286,291,292,293,294]].
[[2,11,13,22,23,26,29,34,38,46,48,55,56,62,66,67,69,71,73,75,76,82,84,93,94,
  95,98,99,102,103,105,106,109,111,112,114,115,117,123,125,126,130,132,134,
  136,138,142,143,144,151,154,155,157,158,159,163,164,167,170,172,173,174,175,
  179,182,183,185,186,190,192,193,194,195,199,202,205,207,211,219,225,228,231,
  233,235,237,242,243,246,248,252,253,255,256,258,259,268,269,272,273,274,275,
  278,280,288,290,298],
 [5,9,15,19,20,24,27,28,33,35,36,40,41,42,44,45,50,52,58,64,72,77,80,81,83,87,
  89,90,96,100,108,116,119,121,127,129,133,137,141,145,152,153,160,165,166,
  176,177,178,181,187,189,191,197,200,204,208,209,216,220,221,224,230,232,236,
  240,244,265,276,281,289,295,296,299,300],
 [4,6,7,8,10,12,14,18,21,25,30,31,39,49,53,54,57,59,60,61,63,65,68,74,78,79,
  91,92,97,104,110,113,118,122,124,128,131,135,139,140,148,161,169,180,184,
  188,196,198,201,210,212,213,214,217,222,223,239,247,249,251,260,261,263,264,
  266,267,270,277,285,286,291,292,293,294]].
[[2,11,13,22,23,26,29,34,38,46,48,55,56,62,66,67,69,71,73,75,76,82,84,93,94,
  95,98,99,102,103,105,106,109,111,112,114,115,117,123,125,126,130,132,134,
  136,138,142,143,144,151,154,155,157,158,159,163,164,167,170,172,173,174,175,
  179,182,183,185,186,190,192,193,194,195,199,202,205,207,211,219,225,228,231,
  233,235,237,242,243,246,248,252,253,255,256,258,259,268,269,272,273,274,275,
  278,280,288,290,298],
 [5,9,15,19,20,24,27,28,33,35,36,40,41,42,44,45,50,52,58,64,72,77,80,81,83,87,
  89,90,96,100,108,116,119,121,127,129,133,137,141,145,152,153,160,165,166,
  176,177,178,181,187,189,191,197,200,204,208,209,216,220,221,224,230,232,236,
  240,244,265,276,281,289,295,296,299,300],
 [4,6,7,8,10,12,14,18,21,25,30,31,39,49,53,54,57,59,60,61,63,65,68,74,78,79,
  91,92,97,104,110,113,118,122,124,128,131,135,139,140,148,161,169,180,184,
  188,196,198,201,210,212,213,214,217,222,223,239,247,249,251,260,261,263,264,
  266,267,270,277,285,286,291,292,293,294]].
[[1,3,16,17,32,37,43,47,51,70,85,86,88,101,107,120,146,147,149,150,156,162,
  168,171,203,206,215,218,226,227,229,234,238,241,245,250,254,257,262,271,279,
  282,283,284,287,297],
 [4,6,7,8,10,12,14,18,21,25,30,31,39,49,53,54,57,59,60,61,63,65,68,74,78,79,
  91,92,97,104,110,113,118,122,124,128,131,135,139,140,148,161,169,180,184,
  188,196,198,201,210,212,213,214,217,222,223,239,247,249,251,260,261,263,264,
  266,267,270,277,285,286,291,292,293,294],
 [5,9,15,19,20,24,27,28,33,35,36,40,41,42,44,45,50,52,58,64,72,77,80,81,83,87,
  89,90,96,100,108,116,119,121,127,129,133,137,141,145,152,153,160,165,166,
  176,177,178,181,187,189,191,197,200,204,208,209,216,220,221,224,230,232,236,
  240,244,265,276,281,289,295,296,299,300]].
[[2,11,13,22,23,26,29,34,38,46,48,55,56,62,66,67,69,71,73,75,76,82,84,93,94,
  95,98,99,102,103,105,106,109,111,112,114,115,117,123,125,126,130,132,134,
  136,138,142,143,144,151,154,155,157,158,159,163,164,167,170,172,173,174,175,
  179,182,183,185,186,190,192,193,194,195,199,202,205,207,211,219,225,228,231,
  233,235,237,242,243,246,248,252,253,255,256,258,259,268,269,272,273,274,275,
  278,280,288,290,298],
 [5,9,15,19,20,24,27,28,33,35,36,40,41,42,44,45,50,52,58,64,72,77,80,81,83,87,
  89,90,96,100,108,116,119,121,127,129,133,137,141,145,152,153,160,165,166,
  176,177,178,181,187,189,191,197,200,204,208,209,216,220,221,224,230,232,236,
  240,244,265,276,281,289,295,296,299,300],
 [4,6,7,8,10,12,14,18,21,25,30,31,39,49,53,54,57,59,60,61,63,65,68,74,78,79,
  91,92,97,104,110,113,118,122,124,128,131,135,139,140,148,161,169,180,184,
  188,196,198,201,210,212,213,214,217,222,223,239,247,249,251,260,261,263,264,
  266,267,270,277,285,286,291,292,293,294]].
[[5,9,15,19,20,24,27,28,33,35,36,40,41,42,44,45,50,52,58,64,72,77,80,81,83,87,
  89,90,96,100,108,116,119,121,127,129,133,137,141,145,152,153,160,165,166,
  176,177,178,181,187,189,191,197,200,204,208,209,216,220,221,224,230,232,236,
  240,244,265,276,281,289,295,296,299,300],
 [2,11,13,22,23,26,29,34,38,46,48,55,56,62,66,67,69,71,73,75,76,82,84,93,94,
  95,98,99,102,103,105,106,109,111,112,114,115,117,123,125,126,130,132,134,
  136,138,142,143,144,151,154,155,157,158,159,163,164,167,170,172,173,174,175,
  179,182,183,185,186,190,192,193,194,195,199,202,205,207,211,219,225,228,231,
  233,235,237,242,243,246,248,252,253,255,256,258,259,268,269,272,273,274,275,
  278,280,288,290,298],
 [1,3,16,17,32,37,43,47,51,70,85,86,88,101,107,120,146,147,149,150,156,162,
  168,171,203,206,215,218,226,227,229,234,238,241,245,250,254,257,262,271,279,
  282,283,284,287,297]].
[[4,6,7,8,10,12,14,18,21,25,30,31,39,49,53,54,57,59,60,61,63,65,68,74,78,79,
  91,92,97,104,110,113,118,122,124,128,131,135,139,140,148,161,169,180,184,
  188,196,198,201,210,212,213,214,217,222,223,239,247,249,251,260,261,263,264,
  266,267,270,277,285,286,291,292,293,294],
 [1,3,16,17,32,37,43,47,51,70,85,86,88,101,107,120,146,147,149,150,156,162,
  168,171,203,206,215,218,226,227,229,234,238,241,245,250,254,257,262,271,279,
  282,283,284,287,297],
 [2,11,13,22,23,26,29,34,38,46,48,55,56,62,66,67,69,71,73,75,76,82,84,93,94,
  95,98,99,102,103,105,106,109,111,112,114,115,117,123,125,126,130,132,134,
  136,138,142,143,144,151,154,155,157,158,159,163,164,167,170,172,173,174,175,
  179,182,183,185,186,190,192,193,194,195,199,202,205,207,211,219,225,228,231,
  233,235,237,242,243,246,248,252,253,255,256,258,259,268,269,272,273,274,275,
  278,280,288,290,298]].
[[1,3,16,17,32,37,43,47,51,70,85,86,88,101,107,120,146,147,149,150,156,162,
  168,171,203,206,215,218,226,227,229,234,238,241,245,250,254,257,262,271,279,
  282,283,284,287,297],
 [4,6,7,8,10,12,14,18,21,25,30,31,39,49,53,54,57,59,60,61,63,65,68,74,78,79,
  91,92,97,104,110,113,118,122,124,128,131,135,139,140,148,161,169,180,184,
  188,196,198,201,210,212,213,214,217,222,223,239,247,249,251,260,261,263,264,
  266,267,270,277,285,286,291,292,293,294],
 [5,9,15,19,20,24,27,28,33,35,36,40,41,42,44,45,50,52,58,64,72,77,80,81,83,87,
  89,90,96,100,108,116,119,121,127,129,133,137,141,145,152,153,160,165,166,
  176,177,178,181,187,189,191,197,200,204,208,209,216,220,221,224,230,232,236,
  240,244,265,276,281,289,295,296,299,300]].
[[5,9,15,19,20,24,27,28,33,35,36,40,41,42,44,45,50,52,58,64,72,77,80,81,83,87,
  89,90,96,100,108,116,119,121,127,129,133,137,141,145,152,153,160,165,166,
  176,177,178,181,187,189,191,197,200,204,208,209,216,220,221,224,230,232,236,
  240,244,265,276,281,289,295,296,299,300],
 [2,11,13,22,23,26,29,34,38,46,48,55,56,62,66,67,69,71,73,75,76,82,84,93,94,
  95,98,99,102,103,105,106,109,111,112,114,115,117,123,125,126,130,132,134,
  136,138,142,143,144,151,154,155,157,158,159,163,164,167,170,172,173,174,175,
  179,182,183,185,186,190,192,193,194,195,199,202,205,207,211,219,225,228,231,
  233,235,237,242,243,246,248,252,253,255,256,258,259,268,269,272,273,274,275,
  278,280,288,290,298],
 [1,3,16,17,32,37,43,47,51,70,85,86,88,101,107,120,146,147,149,150,156,162,
  168,171,203,206,215,218,226,227,229,234,238,241,245,250,254,257,262,271,279,
  282,283,284,287,297]].
[[4,6,7,8,10,12,14,18,21,25,30,31,39,49,53,54,57,59,60,61,63,65,68,74,78,79,
  91,92,97,104,110,113,118,122,124,128,131,135,139,140,148,161,169,180,184,
  188,196,198,201,210,212,213,214,217,222,223,239,247,249,251,260,261,263,264,
  266,267,270,277,285,286,291,292,293,294],
 [1,3,16,17,32,37,43,47,51,70,85,86,88,101,107,120,146,147,149,150,156,162,
  168,171,203,206,215,218,226,227,229,234,238,241,245,250,254,257,262,271,279,
  282,283,284,287,297],
 [2,11,13,22,23,26,29,34,38,46,48,55,56,62,66,67,69,71,73,75,76,82,84,93,94,
  95,98,99,102,103,105,106,109,111,112,114,115,117,123,125,126,130,132,134,
  136,138,142,143,144,151,154,155,157,158,159,163,164,167,170,172,173,174,175,
  179,182,183,185,186,190,192,193,194,195,199,202,205,207,211,219,225,228,231,
  233,235,237,242,243,246,248,252,253,255,256,258,259,268,269,272,273,274,275,
  278,280,288,290,298]].
[[5,9,15,19,20,24,27,28,33,35,36,40,41,42,44,45,50,52,58,64,72,77,80,81,83,87,
  89,90,96,100,108,116,119,121,127,129,133,137,141,145,152,153,160,165,166,
  176,177,178,181,187,189,191,197,200,204,208,209,216,220,221,224,230,232,236,
  240,244,265,276,281,289,295,296,299,300],
 [2,11,13,22,23,26,29,34,38,46,48,55,56,62,66,67,69,71,73,75,76,82,84,93,94,
  95,98,99,102,103,105,106,109,111,112,114,115,117,123,125,126,130,132,134,
  136,138,142,143,144,151,154,155,157,158,159,163,164,167,170,172,173,174,175,
  179,182,183,185,186,190,192,193,194,195,199,202,205,207,211,219,225,228,231,
  233,235,237,242,243,246,248,252,253,255,256,258,259,268,269,272,273,274,275,
  278,280,288,290,298],
 [1,3,16,17,32,37,43,47,51,70,85,86,88,101,107,120,146,147,149,150,156,162,
  168,171,203,206,215,218,226,227,229,234,238,241,245,250,254,257,262,271,279,
  282,283,284,287,297]].
[[5,9,15,19,20,24,27,28,33,35,36,40,41,42,44,45,50,52,58,64,72,77,80,81,83,87,
  89,90,96,100,108,116,119,121,127,129,133,137,141,145,152,153,160,165,166,
  176,177,178,181,187,189,191,197,200,204,208,209,216,220,221,224,230,232,236,
  240,244,265,276,281,289,295,296,299,300],
 [2,11,13,22,23,26,29,34,38,46,48,55,56,62,66,67,69,71,73,75,76,82,84,93,94,
  95,98,99,102,103,105,106,109,111,112,114,115,117,123,125,126,130,132,134,
  136,138,142,143,144,151,154,155,157,158,159,163,164,167,170,172,173,174,175,
  179,182,183,185,186,190,192,193,194,195,199,202,205,207,211,219,225,228,231,
  233,235,237,242,243,246,248,252,253,255,256,258,259,268,269,272,273,274,275,
  278,280,288,290,298],
 [1,3,16,17,32,37,43,47,51,70,85,86,88,101,107,120,146,147,149,150,156,162,
  168,171,203,206,215,218,226,227,229,234,238,241,245,250,254,257,262,271,279,
  282,283,284,287,297]].
[[1,3,16,17,32,37,43,47,51,70,85,86,88,101,107,120,146,147,149,150,156,162,
  168,171,203,206,215,218,226,227,229,234,238,241,245,250,254,257,262,271,279,
  282,283,284,287,297],
 [4,6,7,8,10,12,14,18,21,25,30,31,39,49,53,54,57,59,60,61,63,65,68,74,78,79,
  91,92,97,104,110,113,118,122,124,128,131,135,139,140,148,161,169,180,184,
  188,196,198,201,210,212,213,214,217,222,223,239,247,249,251,260,261,263,264,
  266,267,270,277,285,286,291,292,293,294],
 [5,9,15,19,20,24,27,28,33,35,36,40,41,42,44,45,50,52,58,64,72,77,80,81,83,87,
  89,90,96,100,108,116,119,121,127,129,133,137,141,145,152,153,160,165,166,
  176,177,178,181,187,189,191,197,200,204,208,209,216,220,221,224,230,232,236,
  240,244,265,276,281,289,295,296,299,300]].
[[2,11,13,22,23,26,29,34,38,46,48,55,56,62,66,67,69,71,73,75,76,82,84,93,94,
  95,98,99,102,103,105,106,109,111,112,114,115,117,123,125,126,130,132,134,
  136,138,142,143,144,151,154,155,157,158,159,163,164,167,170,172,173,174,175,
  179,182,183,185,186,190,192,193,194,195,199,202,205,207,211,219,225,228,231,
  233,235,237,242,243,246,248,252,253,255,256,258,259,268,269,272,273,274,275,
  278,280,288,290,298],
 [5,9,15,19,20,24,27,28,33,35,36,40,41,42,44,45,50,52,58,64,72,77,80,81,83,87,
  89,90,96,100,108,116,119,121,127,129,133,137,141,145,152,153,160,165,166,
  176,177,178,181,187,189,191,197,200,204,208,209,216,220,221,224,230,232,236,
  240,244,265,276,281,289,295,296,299,300],
 [4,6,7,8,10,12,14,18,21,25,30,31,39,49,53,54,57,59,60,61,63,65,68,74,78,79,
  91,92,97,104,110,113,118,122,124,128,131,135,139,140,148,161,169,180,184,
  188,196,198,201,210,212,213,214,217,222,223,239,247,249,251,260,261,263,264,
  266,267,270,277,285,286,291,292,293,294]].
[[1,3,16,17,32,37,43,47,51,70,85,86,88,101,107,120,146,147,149,150,156,162,
  168,171,203,206,215,218,226,227,229,234,238,241,245,250,254,257,262,271,279,
  282,283,284,287,297],
 [4,6,7,8,10,12,14,18,21,25,30,31,39,49,53,54,57,59,60,61,63,65,68,74,78,79,
  91,92,97,104,110,113,118,122,124,128,131,135,139,140,148,161,169,180,184,
  188,196,198,201,210,212,213,214,217,222,223,239,247,249,251,260,261,263,264,
  266,267,270,277,285,286,291,292,293,294],
 [5,9,15,19,20,24,27,28,33,35,36,40,41,42,44,45,50,52,58,64,72,77,80,81,83,87,
  89,90,96,100,108,116,119,121,127,129,133,137,141,145,152,153,160,165,166,
  176,177,178,181,187,189,191,197,200,204,208,209,216,220,221,224,230,232,236,
  240,244,265,276,281,289,295,296,299,300]].
[[1,3,16,17,32,37,43,47,51,70,85,86,88,101,107,120,146,147,149,150,156,162,
  168,171,203,206,215,218,226,227,229,234,238,241,245,250,254,257,262,271,279,
  282,283,284,287,297],
 [4,6,7,8,10,12,14,18,21,25,30,31,39,49,53,54,57,59,60,61,63,65,68,74,78,79,
  91,92,97,104,110,113,118,122,124,128,131,135,139,140,148,161,169,180,184,
  188,196,198,201,210,212,213,214,217,222,223,239,247,249,251,260,261,263,264,
  266,267,270,277,285,286,291,292,293,294],
 [5,9,15,19,20,24,27,28,33,35,36,40,41,42,44,45,50,52,58,64,72,77,80,81,83,87,
  89,90,96,100,108,116,119,121,127,129,133,137,141,145,152,153,160,165,166,
  176,177,178,181,187,189,191,197,200,204,208,209,216,220,221,224,230,232,236,
  240,244,265,276,281,289,295,296,299,300]].
[[2,11,13,22,23,26,29,34,38,46,48,55,56,62,66,67,69,71,73,75,76,82,84,93,94,
  95,98,99,102,103,105,106,109,111,112,114,115,117,123,125,126,130,132,134,
  136,138,142,143,144,151,154,155,157,158,159,163,164,167,170,172,173,174,175,
  179,182,183,185,186,190,192,193,194,195,199,202,205,207,211,219,225,228,231,
  233,235,237,242,243,246,248,252,253,255,256,258,259,268,269,272,273,274,275,
  278,280,288,290,298],
