[[11,18,26,29,30,50,51,54,55,59,61,63,67,73,85,88,91,93,102,107,108,109,110,112,116,122,124,128,130,132,133,138,139,141,144,148,157,158,162,164,169,176,178,180,181,184,185,187,198,204,213,216,220,222,228,230,232,235,236,237,252,259,265,270,271,282,283,291,296,299],[1,3,5,9,10,13,14,17,19,20,22,28,33,35,39,40,41,43,45,48,53,60,66,68,70,71,72,78,80,87,96,98,101,118,120,129,134,135,137,143,147,151,153,154,156,159,165,170,172,174,179,182,186,194,195,201,206,208,209,210,212,218,224,239,243,245,248,249,255,256,258,272,276,285,287,288,289,293,294,295],[7,8,16,23,25,34,36,37,42,44,46,47,49,52,57,69,74,75,77,81,82,90,92,104,106,113,114,115,117,121,125,126,131,136,140,145,152,160,163,171,175,183,188,190,192,193,196,199,200,203,205,215,217,225,227,231,234,238,242,244,247,250,253,257,260,261,264,268,269,273,274,275,278,279,280,281,284,286,297,298]].
[[2,4,6,12,15,21,24,27,31,32,38,56,58,62,64,65,76,79,83,84,86,89,94,95,97,99,100,103,105,111,119,123,127,142,146,149,150,155,161,166,167,168,173,177,189,191,197,202,207,211,214,219,221,223,226,229,233,240,241,246,251,254,262,263,266,267,277,290,292,300],[7,8,16,23,25,34,36,37,42,44,46,47,49,52,57,69,74,75,77,81,82,90,92,104,106,113,114,115,117,121,125,126,131,136,140,145,152,160,163,171,175,183,188,190,192,193,196,199,200,203,205,215,217,225,227,231,234,238,242,244,247,250,253,257,260,261,264,268,269,273,274,275,278,279,280,281,284,286,297,298],[1,3,5,9,10,13,14,17,19,20,22,28,33,35,39,40,41,43,45,48,53,60,66,68,70,71,72,78,80,87,96,98,101,118,120,129,134,135,137,143,147,151,153,154,156,159,165,170,172,174,179,182,186,194,195,201,206,208,209,210,212,218,224,239,243,245,248,249,255,256,258,272,276,285,287,288,289,293,294,295]].
[[11,18,26,29,30,50,51,54,55,59,61,63,67,73,85,88,91,93,102,107,108,109,110,112,116,122,124,128,130,132,133,138,139,141,144,148,157,158,162,164,169,176,178,180,181,184,185,187,198,204,213,216,220,222,228,230,232,235,236,237,252,259,265,270,271,282,283,291,296,299],[1,3,5,9,10,13,14,17,19,20,22,28,33,35,39,40,41,43,45,48,53,60,66,68,70,71,72,78,80,87,96,98,101,118,120,129,134,135,137,143,147,151,153,154,156,159,165,170,172,174,179,182,186,194,195,201,206,208,209,210,212,218,224,239,243,245,248,249,255,256,258,272,276,285,287,288,289,293,294,295],[7,8,16,23,25,34,36,37,42,44,46,47,49,52,57,69,74,75,77,81,82,90,92,104,106,113,114,115,117,121,125,126,131,136,140,145,152,160,163,171,175,183,188,190,192,193,196,199,200,203,205,215,217,225,227,231,234,238,242,244,247,250,253,257,260,261,264,268,269,273,274,275,278,279,280,281,284,286,297,298]].
[[7,8,16,23,25,34,36,37,42,44,46,47,49,52,57,69,74,75,77,81,82,90,92,104,106,113,114,115,117,121,125,126,131,136,140,145,152,160,163,171,175,183,188,190,192,193,196,199,200,203,205,215,217,225,227,231,234,238,242,244,247,250,253,257,260,261,264,268,269,273,274,275,278,279,280,281,284,286,297,298],[2,4,6,12,15,21,24,27,31,32,38,56,58,62,64,65,76,79,83,84,86,89,94,95,97,99,100,103,105,111,119,123,127,142,146,149,150,155,161,166,167,168,173,177,189,191,197,202,207,211,214,219,221,223,226,229,233,240,241,246,251,254,262,263,266,267,277,290,292,300],[11,18,26,29,30,50,51,54,55,59,61,63,67,73,85,88,91,93,102,107,108,109,110,112,116,122,124,128,130,132,133,138,139,141,144,148,157,158,162,164,169,176,178,180,181,184,185,187,198,204,213,216,220,222,228,230,232,235,236,237,252,259,265,270,271,282,283,291,296,299]].
[[1,3,5,9,10,13,14,17,19,20,22,28,33,35,39,40,41,43,45,48,53,60,66,68,70,71,72,78,80,87,96,98,101,118,120,129,134,135,137,143,147,151,153,154,156,159,165,170,172,174,179,182,186,194,195,201,206,208,209,210,212,218,224,239,243,245,248,249,255,256,258,272,276,285,287,288,289,293,294,295],[11,18,26,29,30,50,51,54,55,59,61,63,67,73,85,88,91,93,102,107,108,109,110,112,116,122,124,128,130,132,133,138,139,141,144,148,157,158,162,164,169,176,178,180,181,184,185,187,198,204,213,216,220,222,228,230,232,235,236,237,252,259,265,270,271,282,283,291,296,299],[2,4,6,12,15,21,24,27,31,32,38,56,58,62,64,65,76,79,83,84,86,89,94,95,97,99,100,103,105,111,119,123,127,142,146,149,150,155,161,166,167,168,173,177,189,191,197,202,207,211,214,219,221,223,226,229,233,240,241,246,251,254,262,263,266,267,277,290,292,300]].
[[7,8,16,23,25,34,36,37,42,44,46,47,49,52,57,69,74,75,77,81,82,90,92,104,106,113,114,115,117,121,125,126,131,136,140,145,152,160,163,171,175,183,188,190,192,193,196,199,200,203,205,215,217,225,227,231,234,238,242,244,247,250,253,257,260,261,264,268,269,273,274,275,278,279,280,281,284,286,297,298],[2,4,6,12,15,21,24,27,31,32,38,56,58,62,64,65,76,79,83,84,86,89,94,95,97,99,100,103,105,111,119,123,127,142,146,149,150,155,161,166,167,168,173,177,189,191,197,202,207,211,214,219,221,223,226,229,233,240,241,246,251,254,262,263,266,267,277,290,292,300],[11,18,26,29,30,50,51,54,55,59,61,63,67,73,85,88,91,93,102,107,108,109,110,112,116,122,124,128,130,132,133,138,139,141,144,148,157,158,162,164,169,176,178,180,181,184,185,187,198,204,213,216,220,222,228,230,232,235,236,237,252,259,265,270,271,282,283,291,296,299]].
[[7,8,16,23,25,34,36,37,42,44,46,47,49,52,57,69,74,75,77,81,82,90,92,104,106,113,114,115,117,121,125,126,131,136,140,145,152,160,163,171,175,183,188,190,192,193,196,199,200,203,205,215,217,225,227,231,234,238,242,244,247,250,253,257,260,261,264,268,269,273,274,275,278,279,280,281,284,286,297,298],[2,4,6,12,15,21,24,27,31,32,38,56,58,62,64,65,76,79,83,84,86,89,94,95,97,99,100,103,105,111,119,123,127,142,146,149,150,155,161,166,167,168,173,177,189,191,197,202,207,211,214,219,221,223,226,229,233,240,241,246,251,254,262,263,266,267,277,290,292,300],[11,18,26,29,30,50,51,54,55,59,61,63,67,73,85,88,91,93,102,107,108,109,110,112,116,122,124,128,130,132,133,138,139,141,144,148,157,158,162,164,169,176,178,180,181,184,185,187,198,204,213,216,220,222,228,230,232,235,236,237,252,259,265,270,271,282,283,291,296,299]].
[[11,18,26,29,30,50,51,54,55,59,61,63,67,73,85,88,91,93,102,107,108,109,110,112,116,122,124,128,130,132,133,138,139,141,144,148,157,158,162,164,169,176,178,180,181,184,185,187,198,204,213,216,220,222,228,230,232,235,236,237,252,259,265,270,271,282,283,291,296,299],[1,3,5,9,10,13,14,17,19,20,22,28,33,35,39,40,41,43,45,48,53,60,66,68,70,71,72,78,80,87,96,98,101,118,120,129,134,135,137,143,147,151,153,154,156,159,165,170,172,174,179,182,186,194,195,201,206,208,209,210,212,218,224,239,243,245,248,249,255,256,258,272,276,285,287,288,289,293,294,295],[7,8,16,23,25,34,36,37,42,44,46,47,49,52,57,69,74,75,77,81,82,90,92,104,106,113,114,115,117,121,125,126,131,136,140,145,152,160,163,171,175,183,188,190,192,193,196,199,200,203,205,215,217,225,227,231,234,238,242,244,247,250,253,257,260,261,264,268,269,273,274,275,278,279,280,281,284,286,297,298]].
[[11,18,26,29,30,50,51,54,55,59,61,63,67,73,85,88,91,93,102,107,108,109,110,112,116,122,124,128,130,132,133,138,139,141,144,148,157,158,162,164,169,176,178,180,181,184,185,187,198,204,213,216,220,222,228,230,232,235,236,237,252,259,265,270,271,282,283,291,296,299],[1,3,5,9,10,13,14,17,19,20,22,28,33,35,39,40,41,43,45,48,53,60,66,68,70,71,72,78,80,87,96,98,101,118,120,129,134,135,137,143,147,151,153,154,156,159,165,170,172,174,179,182,186,194,195,201,206,208,209,210,212,218,224,239,243,245,248,249,255,256,258,272,276,285,287,288,289,293,294,295],[7,8,16,23,25,34,36,37,42,44,46,47,49,52,57,69,74,75,77,81,82,90,92,104,106,113,114,115,117,121,125,126,131,136,140,145,152,160,163,171,175,183,188,190,192,193,196,199,200,203,205,215,217,225,227,231,234,238,242,244,247,250,253,257,260,261,264,268,269,273,274,275,278,279,280,281,284,286,297,298]].
[[2,4,6,12,15,21,24,27,31,32,38,56,58,62,64,65,76,79,83,84,86,89,94,95,97,99,100,103,105,111,119,123,127,142,146,149,150,155,161,166,167,168,173,177,189,191,197,202,207,211,214,219,221,223,226,229,233,240,241,246,251,254,262,263,266,267,277,290,292,300],[7,8,16,23,25,34,36,37,42,44,46,47,49,52,57,69,74,75,77,81,82,90,92,104,106,113,114,115,117,121,125,126,131,136,140,145,152,160,163,171,175,183,188,190,192,193,196,199,200,203,205,215,217,225,227,231,234,238,242,244,247,250,253,257,260,261,264,268,269,273,274,275,278,279,280,281,284,286,297,298],[1,3,5,9,10,13,14,17,19,20,22,28,33,35,39,40,41,43,45,48,53,60,66,68,70,71,72,78,80,87,96,98,101,118,120,129,134,135,137,143,147,151,153,154,156,159,165,170,172,174,179,182,186,194,195,201,206,208,209,210,212,218,224,239,243,245,248,249,255,256,258,272,276,285,287,288,289,293,294,295]].
[[7,8,16,23,25,34,36,37,42,44,46,47,49,52,57,69,74,75,77,81,82,90,92,104,106,113,114,115,117,121,125,126,131,136,140,145,152,160,163,171,175,183,188,190,192,193,196,199,200,203,205,215,217,225,227,231,234,238,242,244,247,250,253,257,260,261,264,268,269,273,274,275,278,279,280,281,284,286,297,298],[2,4,6,12,15,21,24,27,31,32,38,56,58,62,64,65,76,79,83,84,86,89,94,95,97,99,100,103,105,111,119,123,127,142,146,149,150,155,161,166,167,168,173,177,189,191,197,202,207,211,214,219,221,223,226,229,233,240,241,246,251,254,262,263,266,267,277,290,292,300],[11,18,26,29,30,50,51,54,55,59,61,63,67,73,85,88,91,93,102,107,108,109,110,112,116,122,124,128,130,132,133,138,139,141,144,148,157,158,162,164,169,176,178,180,181,184,185,187,198,204,213,216,220,222,228,230,232,235,236,237,252,259,265,270,271,282,283,291,296,299]].
[[7,8,16,23,25,34,36,37,42,44,46,47,49,52,57,69,74,75,77,81,82,90,92,104,106,113,114,115,117,121,125,126,131,136,140,145,152,160,163,171,175,183,188,190,192,193,196,199,200,203,205,215,217,225,227,231,234,238,242,244,247,250,253,257,260,261,264,268,269,273,274,275,278,279,280,281,284,286,297,298],[2,4,6,12,15,21,24,27,31,32,38,56,58,62,64,65,76,79,83,84,86,89,94,95,97,99,100,103,105,111,119,123,127,142,146,149,150,155,161,166,167,168,173,177,189,191,197,202,207,211,214,219,221,223,226,229,233,240,241,246,251,254,262,263,266,267,277,290,292,300],[11,18,26,29,30,50,51,54,55,59,61,63,67,73,85,88,91,93,102,107,108,109,110,112,116,122,124,128,130,132,133,138,139,141,144,148,157,158,162,164,169,176,178,180,181,184,185,187,198,204,213,216,220,222,228,230,232,235,236,237,252,259,265,270,271,282,283,291,296,299]].
[[11,18,26,29,30,50,51,54,55,59,61,63,67,73,85,88,91,93,102,107,108,109,110,112,116,122,124,128,130,132,133,138,139,141,144,148,157,158,162,164,169,176,178,180,181,184,185,187,198,204,213,216,220,222,228,230,232,235,236,237,252,259,265,270,271,282,283,291,296,299],[1,3,5,9,10,13,14,17,19,20,22,28,33,35,39,40,41,43,45,48,53,60,66,68,70,71,72,78,80,87,96,98,101,118,120,129,134,135,137,143,147,151,153,154,156,159,165,170,172,174,179,182,186,194,195,201,206,208,209,210,212,218,224,239,243,245,248,249,255,256,258,272,276,285,287,288,289,293,294,295],[7,8,16,23,25,34,36,37,42,44,46,47,49,52,57,69,74,75,77,81,82,90,92,104,106,113,114,115,117,121,125,126,131,136,140,145,152,160,163,171,175,183,188,190,192,193,196,199,200,203,205,215,217,225,227,231,234,238,242,244,247,250,253,257,260,261,264,268,269,273,274,275,278,279,280,281,284,286,297,298]].
[[2,4,6,12,15,21,24,27,31,32,38,56,58,62,64,65,76,79,83,84,86,89,94,95,97,99,100,103,105,111,119,123,127,142,146,149,150,155,161,166,167,168,173,177,189,191,197,202,207,211,214,219,221,223,226,229,233,240,241,246,251,254,262,263,266,267,277,290,292,300],[7,8,16,23,25,34,36,37,42,44,46,47,49,52,57,69,74,75,77,81,82,90,92,104,106,113,114,115,117,121,125,126,131,136,140,145,152,160,163,171,175,183,188,190,192,193,196,199,200,203,205,215,217,225,227,231,234,238,242,244,247,250,253,257,260,261,264,268,269,273,274,275,278,279,280,281,284,286,297,298],[1,3,5,9,10,13,14,17,19,20,22,28,33,35,39,40,41,43,45,48,53,60,66,68,70,71,72,78,80,87,96,98,101,118,120,129,134,135,137,143,147,151,153,154,156,159,165,170,172,174,179,182,186,194,195,201,206,208,209,210,212,218,224,239,243,245,248,249,255,256,258,272,276,285,287,288,289,293,294,295]].
[[7,8,16,23,25,34,36,37,42,44,46,47,49,52,57,69,74,75,77,81,82,90,92,104,106,113,114,115,117,121,125,126,131,136,140,145,152,160,163,171,175,183,188,190,192,193,196,199,200,203,205,215,217,225,227,231,234,238,242,244,247,250,253,257,260,261,264,268,269,273,274,275,278,279,280,281,284,286,297,298],[2,4,6,12,15,21,24,27,31,32,38,56,58,62,64,65,76,79,83,84,86,89,94,95,97,99,100,103,105,111,119,123,127,142,146,149,150,155,161,166,167,168,173,177,189,191,197,202,207,211,214,219,221,223,226,229,233,240,241,246,251,254,262,263,266,267,277,290,292,300],[11,18,26,29,30,50,51,54,55,59,61,63,67,73,85,88,91,93,102,107,108,109,110,112,116,122,124,128,130,132,133,138,139,141,144,148,157,158,162,164,169,176,178,180,181,184,185,187,198,204,213,216,220,222,228,230,232,235,236,237,252,259,265,270,271,282,283,291,296,299]].
[[7,8,16,23,25,34,36,37,42,44,46,47,49,52,57,69,74,75,77,81,82,90,92,104,106,113,114,115,117,121,125,126,131,136,140,145,152,160,163,171,175,183,188,190,192,193,196,199,200,203,205,215,217,225,227,231,234,238,242,244,247,250,253,257,260,261,264,268,269,273,274,275,278,279,280,281,284,286,297,298],[2,4,6,12,15,21,24,27,31,32,38,56,58,62,64,65,76,79,83,84,86,89,94,95,97,99,100,103,105,111,119,123,127,142,146,149,150,155,161,166,167,168,173,177,189,191,197,202,207,211,214,219,221,223,226,229,233,240,241,246,251,254,262,263,266,267,277,290,292,300],[11,18,26,29,30,50,51,54,55,59,61,63,67,73,85,88,91,93,102,107,108,109,110,112,116,122,124,128,130,132,133,138,139,141,144,148,157,158,162,164,169,176,178,180,181,184,185,187,198,204,213,216,220,222,228,230,232,235,236,237,252,259,265,270,271,282,283,291,296,299]].
[[1,3,5,9,10,13,14,17,19,20,22,28,33,35,39,40,41,43,45,48,53,60,66,68,70,71,72,78,80,87,96,98,101,118,120,129,134,135,137,143,147,151,153,154,156,159,165,170,172,174,179,182,186,194,195,201,206,208,209,210,212,218,224,239,243,245,248,249,255,256,258,272,276,285,287,288,289,293,294,295],[11,18,26,29,30,50,51,54,55,59,61,63,67,73,85,88,91,93,102,107,108,109,110,112,116,122,124,128,130,132,133,138,139,141,144,148,157,158,162,164,169,176,178,180,181,184,185,187,198,204,213,216,220,222,228,230,232,235,236,237,252,259,265,270,271,282,283,291,296,299],[2,4,6,12,15,21,24,27,31,32,38,56,58,62,64,65,76,79,83,84,86,89,94,95,97,99,100,103,105,111,119,123,127,142,146,149,150,155,161,166,167,168,173,177,189,191,197,202,207,211,214,219,221,223,226,229,233,240,241,246,251,254,262,263,266,267,277,290,292,300]].
[[7,8,16,23,25,34,36,37,42,44,46,47,49,52,57,69,74,75,77,81,82,90,92,104,106,113,114,115,117,121,125,126,131,136,140,145,152,160,163,171,175,183,188,190,192,193,196,199,200,203,205,215,217,225,227,231,234,238,242,244,247,250,253,257,260,261,264,268,269,273,274,275,278,279,280,281,284,286,297,298],[2,4,6,12,15,21,24,27,31,32,38,56,58,62,64,65,76,79,83,84,86,89,94,95,97,99,100,103,105,111,119,123,127,142,146,149,150,155,161,166,167,168,173,177,189,191,197,202,207,211,214,219,221,223,226,229,233,240,241,246,251,254,262,263,266,267,277,290,292,300],[11,18,26,29,30,50,51,54,55,59,61,63,67,73,85,88,91,93,102,107,108,109,110,112,116,122,124,128,130,132,133,138,139,141,144,148,157,158,162,164,169,176,178,180,181,184,185,187,198,204,213,216,220,222,228,230,232,235,236,237,252,259,265,270,271,282,283,291,296,299]].
[[7,8,16,23,25,34,36,37,42,44,46,47,49,52,57,69,74,75,77,81,82,90,92,104,106,113,114,115,117,121,125,126,131,136,140,145,152,160,163,171,175,183,188,190,192,193,196,199,200,203,205,215,217,225,227,231,234,238,242,244,247,250,253,257,260,261,264,268,269,273,274,275,278,279,280,281,284,286,297,298],[2,4,6,12,15,21,24,27,31,32,38,56,58,62,64,65,76,79,83,84,86,89,94,95,97,99,100,103,105,111,119,123,127,142,146,149,150,155,161,166,167,168,173,177,189,191,197,202,207,211,214,219,221,223,226,229,233,240,241,246,251,254,262,263,266,267,277,290,292,300],[11,18,26,29,30,50,51,54,55,59,61,63,67,73,85,88,91,93,102,107,108,109,110,112,116,122,124,128,130,132,133,138,139,141,144,148,157,158,162,164,169,176,178,180,181,184,185,187,198,204,213,216,220,222,228,230,232,235,236,237,252,259,265,270,271,282,283,291,296,299]].
[[2,4,6,12,15,21,24,27,31,32,38,56,58,62,64,65,76,79,83,84,86,89,94,95,97,99,100,103,105,111,119,123,127,142,146,149,150,155,161,166,167,168,173,177,189,191,197,202,207,211,214,219,221,223,226,229,233,240,241,246,251,254,262,263,266,267,277,290,292,300],[7,8,16,23,25,34,36,37,42,44,46,47,49,52,57,69,74,75,77,81,82,90,92,104,106,113,114,115,117,121,125,126,131,136,140,145,152,160,163,171,175,183,188,190,192,193,196,199,200,203,205,215,217,225,227,231,234,238,242,244,247,250,253,257,260,261,264,268,269,273,274,275,278,279,280,281,284,286,297,298],[1,3,5,9,10,13,14,17,19,20,22,28,33,35,39,40,41,43,45,48,53,60,66,68,70,71,72,78,80,87,96,98,101,118,120,129,134,135,137,143,147,151,153,154,156,159,165,170,172,174,179,182,186,194,195,201,206,208,209,210,212,218,224,239,243,245,248,249,255,256,258,272,276,285,287,288,289,293,294,295]].
[[2,4,6,12,15,21,24,27,31,32,38,56,58,62,64,65,76,79,83,84,86,89,94,95,97,99,100,103,105,111,119,123,127,142,146,149,150,155,161,166,167,168,173,177,189,191,197,202,207,211,214,219,221,223,226,229,233,240,241,246,251,254,262,263,266,267,277,290,292,300],[7,8,16,23,25,34,36,37,42,44,46,47,49,52,57,69,74,75,77,81,82,90,92,104,106,113,114,115,117,121,125,126,131,136,140,145,152,160,163,171,175,183,188,190,192,193,196,199,200,203,205,215,217,225,227,231,234,238,242,244,247,250,253,257,260,261,264,268,269,273,274,275,278,279,280,281,284,286,297,298],[1,3,5,9,10,13,14,17,19,20,22,28,33,35,39,40,41,43,45,48,53,60,66,68,70,71,72,78,80,87,96,98,101,118,120,129,134,135,137,143,147,151,153,154,156,159,165,170,172,174,179,182,186,194,195,201,206,208,209,210,212,218,224,239,243,245,248,249,255,256,258,272,276,285,287,288,289,293,294,295]].
[[7,8,16,23,25,34,36,37,42,44,46,47,49,52,57,69,74,75,77,81,82,90,92,104,106,113,114,115,117,121,125,126,131,136,140,145,152,160,163,171,175,183,188,190,192,193,196,199,200,203,205,215,217,225,227,231,234,238,242,244,247,250,253,257,260,261,264,268,269,273,274,275,278,279,280,281,284,286,297,298],[2,4,6,12,15,21,24,27,31,32,38,56,58,62,64,65,76,79,83,84,86,89,94,95,97,99,100,103,105,111,119,123,127,142,146,149,150,155,161,166,167,168,173,177,189,191,197,202,207,211,214,219,221,223,226,229,233,240,241,246,251,254,262,263,266,267,277,290,292,300],[11,18,26,29,30,50,51,54,55,59,61,63,67,73,85,88,91,93,102,107,108,109,110,112,116,122,124,128,130,132,133,138,139,141,144,148,157,158,162,164,169,176,178,180,181,184,185,187,198,204,213,216,220,222,228,230,232,235,236,237,252,259,265,270,271,282,283,291,296,299]].
[[7,8,16,23,25,34,36,37,42,44,46,47,49,52,57,69,74,75,77,81,82,90,92,104,106,113,114,115,117,121,125,126,131,136,140,145,152,160,163,171,175,183,188,190,192,193,196,199,200,203,205,215,217,225,227,231,234,238,242,244,247,250,253,257,260,261,264,268,269,273,274,275,278,279,280,281,284,286,297,298],[2,4,6,12,15,21,24,27,31,32,38,56,58,62,64,65,76,79,83,84,86,89,94,95,97,99,100,103,105,111,119,123,127,142,146,149,150,155,161,166,167,168,173,177,189,191,197,202,207,211,214,219,221,223,226,229,233,240,241,246,251,254,262,263,266,267,277,290,292,300],[11,18,26,29,30,50,51,54,55,59,61,63,67,73,85,88,91,93,102,107,108,109,110,112,116,122,124,128,130,132,133,138,139,141,144,148,157,158,162,164,169,176,178,180,181,184,185,187,198,204,213,216,220,222,228,230,232,235,236,237,252,259,265,270,271,282,283,291,296,299]].
[[11,18,26,29,30,50,51,54,55,59,61,63,67,73,85,88,91,93,102,107,108,109,110,112,116,122,124,128,130,132,133,138,139,141,144,148,157,158,162,164,169,176,178,180,181,184,185,187,198,204,213,216,220,222,228,230,232,235,236,237,252,259,265,270,271,282,283,291,296,299],[1,3,5,9,10,13,14,17,19,20,22,28,33,35,39,40,41,43,45,48,53,60,66,68,70,71,72,78,80,87,96,98,101,118,120,129,134,135,137,143,147,151,153,154,156,159,165,170,172,174,179,182,186,194,195,201,206,208,209,210,212,218,224,239,243,245,248,249,255,256,258,272,276,285,287,288,289,293,294,295],[7,8,16,23,25,34,36,37,42,44,46,47,49,52,57,69,74,75,77,81,82,90,92,104,106,113,114,115,117,121,125,126,131,136,140,145,152,160,163,171,175,183,188,190,192,193,196,199,200,203,205,215,217,225,227,231,234,238,242,244,247,250,253,257,260,261,264,268,269,273,274,275,278,279,280,281,284,286,297,298]].
[[1,3,5,9,10,13,14,17,19,20,22,28,33,35,39,40,41,43,45,48,53,60,66,68,70,71,72,78,80,87,96,98,101,118,120,129,134,135,137,143,147,151,153,154,156,159,165,170,172,174,179,182,186,194,195,201,206,208,209,210,212,218,224,239,243,245,248,249,255,256,258,272,276,285,287,288,289,293,294,295],[11,18,26,29,30,50,51,54,55,59,61,63,67,73,85,88,91,93,102,107,108,109,110,112,116,122,124,128,130,132,133,138,139,141,144,148,157,158,162,164,169,176,178,180,181,184,185,187,198,204,213,216,220,222,228,230,232,235,236,237,252,259,265,270,271,282,283,291,296,299],[2,4,6,12,15,21,24,27,31,32,38,56,58,62,64,65,76,79,83,84,86,89,94,95,97,99,100,103,105,111,119,123,127,142,146,149,150,155,161,166,167,168,173,177,189,191,197,202,207,211,214,219,221,223,226,229,233,240,241,246,251,254,262,263,266,267,277,290,292,300]].
[[7,8,16,23,25,34,36,37,42,44,46,47,49,52,57,69,74,75,77,81,82,90,92,104,106,113,114,115,117,121,125,126,131,136,140,145,152,160,163,171,175,183,188,190,192,193,196,199,200,203,205,215,217,225,227,231,234,238,242,244,247,250,253,257,260,261,264,268,269,273,274,275,278,279,280,281,284,286,297,298],[2,4,6,12,15,21,24,27,31,32,38,56,58,62,64,65,76,79,83,84,86,89,94,95,97,99,100,103,105,111,119,123,127,142,146,149,150,155,161,166,167,168,173,177,189,191,197,202,207,211,214,219,221,223,226,229,233,240,241,246,251,254,262,263,266,267,277,290,292,300],[11,18,26,29,30,50,51,54,55,59,61,63,67,73,85,88,91,93,102,107,108,109,110,112,116,122,124,128,130,132,133,138,139,141,144,148,157,158,162,164,169,176,178,180,181,184,185,187,198,204,213,216,220,222,228,230,232,235,236,237,252,259,265,270,271,282,283,291,296,299]].
[[11,18,26,29,30,50,51,54,55,59,61,63,67,73,85,88,91,93,102,107,108,109,110,112,116,122,124,128,130,132,133,138,139,141,144,148,157,158,162,164,169,176,178,180,181,184,185,187,198,204,213,216,220,222,228,230,232,235,236,237,252,259,265,270,271,282,283,291,296,299],[1,3,5,9,10,13,14,17,19,20,22,28,33,35,39,40,41,43,45,48,53,60,66,68,70,71,72,78,80,87,96,98,101,118,120,129,134,135,137,143,147,151,153,154,156,159,165,170,172,174,179,182,186,194,195,201,206,208,209,210,212,218,224,239,243,245,248,249,255,256,258,272,276,285,287,288,289,293,294,295],[7,8,16,23,25,34,36,37,42,44,46,47,49,52,57,69,74,75,77,81,82,90,92,104,106,113,114,115,117,121,125,126,131,136,140,145,152,160,163,171,175,183,188,190,192,193,196,199,200,203,205,215,217,225,227,231,234,238,242,244,247,250,253,257,260,261,264,268,269,273,274,275,278,279,280,281,284,286,297,298]].
[[11,18,26,29,30,50,51,54,55,59,61,63,67,73,85,88,91,93,102,107,108,109,110,112,116,122,124,128,130,132,133,138,139,141,144,148,157,158,162,164,169,176,178,180,181,184,185,187,198,204,213,216,220,222,228,230,232,235,236,237,252,259,265,270,271,282,283,291,296,299],[1,3,5,9,10,13,14,17,19,20,22,28,33,35,39,40,41,43,45,48,53,60,66,68,70,71,72,78,80,87,96,98,101,118,120,129,134,135,137,143,147,151,153,154,156,159,165,170,172,174,179,182,186,194,195,201,206,208,209,210,212,218,224,239,243,245,248,249,255,256,258,272,276,285,287,288,289,293,294,295],[7,8,16,23,25,34,36,37,42,44,46,47,49,52,57,69,74,75,77,81,82,90,92,104,106,113,114,115,117,121,125,126,131,136,140,145,152,160,163,171,175,183,188,190,192,193,196,199,200,203,205,215,217,225,227,231,234,238,242,244,247,250,253,257,260,261,264,268,269,273,274,275,278,279,280,281,284,286,297,298]].
[[2,4,6,12,15,21,24,27,31,32,38,56,58,62,64,65,76,79,83,84,86,89,94,95,97,99,100,103,105,111,119,123,127,142,146,149,150,155,161,166,167,168,173,177,189,191,197,202,207,211,214,219,221,223,226,229,233,240,241,246,251,254,262,263,266,267,277,290,292,300],[7,8,16,23,25,34,36,37,42,44,46,47,49,52,57,69,74,75,77,81,82,90,92,104,106,113,114,115,117,121,125,126,131,136,140,145,152,160,163,171,175,183,188,190,192,193,196,199,200,203,205,215,217,225,227,231,234,238,242,244,247,250,253,257,260,261,264,268,269,273,274,275,278,279,280,281,284,286,297,298],[1,3,5,9,10,13,14,17,19,20,22,28,33,35,39,40,41,43,45,48,53,60,66,68,70,71,72,78,80,87,96,98,101,118,120,129,134,135,137,143,147,151,153,154,156,159,165,170,172,174,179,182,186,194,195,201,206,208,209,210,212,218,224,239,243,245,248,249,255,256,258,272,276,285,287,288,289,293,294,295]].
[[7,8,16,23,25,34,36,37,42,44,46,47,49,52,57,69,74,75,77,81,82,90,92,104,106,113,114,115,117,121,125,126,131,136,140,145,152,160,163,171,175,183,188,190,192,193,196,199,200,203,205,215,217,225,227,231,234,238,242,244,247,250,253,257,260,261,264,268,269,273,274,275,278,279,280,281,284,286,297,298],[2,4,6,12,15,21,24,27,31,32,38,56,58,62,64,65,76,79,83,84,86,89,94,95,97,99,100,103,105,111,119,123,127,142,146,149,150,155,161,166,167,168,173,177,189,191,197,202,207,211,214,219,221,223,226,229,233,240,241,246,251,254,262,263,266,267,277,290,292,300],[11,18,26,29,30,50,51,54,55,59,61,63,67,73,85,88,91,93,102,107,108,109,110,112,116,122,124,128,130,132,133,138,139,141,144,148,157,158,162,164,169,176,178,180,181,184,185,187,198,204,213,216,220,222,228,230,232,235,236,237,252,259,265,270,271,282,283,291,296,299]].
[[7,8,16,23,25,34,36,37,42,44,46,47,49,52,57,69,74,75,77,81,82,90,92,104,106,113,114,115,117,121,125,126,131,136,140,145,152,160,163,171,175,183,188,190,192,193,196,199,200,203,205,215,217,225,227,231,234,238,242,244,247,250,253,257,260,261,264,268,269,273,274,275,278,279,280,281,284,286,297,298],[2,4,6,12,15,21,24,27,31,32,38,56,58,62,64,65,76,79,83,84,86,89,94,95,97,99,100,103,105,111,119,123,127,142,146,149,150,155,161,166,167,168,173,177,189,191,197,202,207,211,214,219,221,223,226,229,233,240,241,246,251,254,262,263,266,267,277,290,292,300],[11,18,26,29,30,50,51,54,55,59,61,63,67,73,85,88,91,93,102,107,108,109,110,112,116,122,124,128,130,132,133,138,139,141,144,148,157,158,162,164,169,176,178,180,181,184,185,187,198,204,213,216,220,222,228,230,232,235,236,237,252,259,265,270,271,282,283,291,296,299]].
[[7,8,16,23,25,34,36,37,42,44,46,47,49,52,57,69,74,75,77,81,82,90,92,104,106,113,114,115,117,121,125,126,131,136,140,145,152,160,163,171,175,183,188,190,192,193,196,199,200,203,205,215,217,225,227,231,234,238,242,244,247,250,253,257,260,261,264,268,269,273,274,275,278,279,280,281,284,286,297,298],[2,4,6,12,15,21,24,27,31,32,38,56,58,62,64,65,76,79,83,84,86,89,94,95,97,99,100,103,105,111,119,123,127,142,146,149,150,155,161,166,167,168,173,177,189,191,197,202,207,211,214,219,221,223,226,229,233,240,241,246,251,254,262,263,266,267,277,290,292,300],[11,18,26,29,30,50,51,54,55,59,61,63,67,73,85,88,91,93,102,107,108,109,110,112,116,122,124,128,130,132,133,138,139,141,144,148,157,158,162,164,169,176,178,180,181,184,185,187,198,204,213,216,220,222,228,230,232,235,236,237,252,259,265,270,271,282,283,291,296,299]].
[[11,18,26,29,30,50,51,54,55,59,61,63,67,73,85,88,91,93,102,107,108,109,110,112,116,122,124,128,130,132,133,138,139,141,144,148,157,158,162,164,169,176,178,180,181,184,185,187,198,204,213,216,220,222,228,230,232,235,236,237,252,259,265,270,271,282,283,291,296,299],[1,3,5,9,10,13,14,17,19,20,22,28,33,35,39,40,41,43,45,48,53,60,66,68,70,71,72,78,80,87,96,98,101,118,120,129,134,135,137,143,147,151,153,154,156,159,165,170,172,174,179,182,186,194,195,201,206,208,209,210,212,218,224,239,243,245,248,249,255,256,258,272,276,285,287,288,289,293,294,295],[7,8,16,23,25,34,36,37,42,44,46,47,49,52,57,69,74,75,77,81,82,90,92,104,106,113,114,115,117,121,125,126,131,136,140,145,152,160,163,171,175,183,188,190,192,193,196,199,200,203,205,215,217,225,227,231,234,238,242,244,247,250,253,257,260,261,264,268,269,273,274,275,278,279,280,281,284,286,297,298]].
[[7,8,16,23,25,34,36,37,42,44,46,47,49,52,57,69,74,75,77,81,82,90,92,104,106,113,114,115,117,121,125,126,131,136,140,145,152,160,163,171,175,183,188,190,192,193,196,199,200,203,205,215,217,225,227,231,234,238,242,244,247,250,253,257,260,261,264,268,269,273,274,275,278,279,280,281,284,286,297,298],[2,4,6,12,15,21,24,27,31,32,38,56,58,62,64,65,76,79,83,84,86,89,94,95,97,99,100,103,105,111,119,123,127,142,146,149,150,155,161,166,167,168,173,177,189,191,197,202,207,211,214,219,221,223,226,229,233,240,241,246,251,254,262,263,266,267,277,290,292,300],[11,18,26,29,30,50,51,54,55,59,61,63,67,73,85,88,91,93,102,107,108,109,110,112,116,122,124,128,130,132,133,138,139,141,144,148,157,158,162,164,169,176,178,180,181,184,185,187,198,204,213,216,220,222,228,230,232,235,236,237,252,259,265,270,271,282,283,291,296,299]].
[[1,3,5,9,10,13,14,17,19,20,22,28,33,35,39,40,41,43,45,48,53,60,66,68,70,71,72,78,80,87,96,98,101,118,120,129,134,135,137,143,147,151,153,154,156,159,165,170,172,174,179,182,186,194,195,201,206,208,209,210,212,218,224,239,243,245,248,249,255,256,258,272,276,285,287,288,289,293,294,295],[11,18,26,29,30,50,51,54,55,59,61,63,67,73,85,88,91,93,102,107,108,109,110,112,116,122,124,128,130,132,133,138,139,141,144,148,157,158,162,164,169,176,178,180,181,184,185,187,198,204,213,216,220,222,228,230,232,235,236,237,252,259,265,270,271,282,283,291,296,299],[2,4,6,12,15,21,24,27,31,32,38,56,58,62,64,65,76,79,83,84,86,89,94,95,97,99,100,103,105,111,119,123,127,142,146,149,150,155,161,166,167,168,173,177,189,191,197,202,207,211,214,219,221,223,226,229,233,240,241,246,251,254,262,263,266,267,277,290,292,300]].
[[7,8,16,23,25,34,36,37,42,44,46,47,49,52,57,69,74,75,77,81,82,90,92,104,106,113,114,115,117,121,125,126,131,136,140,145,152,160,163,171,175,183,188,190,192,193,196,199,200,203,205,215,217,225,227,231,234,238,242,244,247,250,253,257,260,261,264,268,269,273,274,275,278,279,280,281,284,286,297,298],[2,4,6,12,15,21,24,27,31,32,38,56,58,62,64,65,76,79,83,84,86,89,94,95,97,99,100,103,105,111,119,123,127,142,146,149,150,155,161,166,167,168,173,177,189,191,197,202,207,211,214,219,221,223,226,229,233,240,241,246,251,254,262,263,266,267,277,290,292,300],[11,18,26,29,30,50,51,54,55,59,61,63,67,73,85,88,91,93,102,107,108,109,110,112,116,122,124,128,130,132,133,138,139,141,144,148,157,158,162,164,169,176,178,180,181,184,185,187,198,204,213,216,220,222,228,230,232,235,236,237,252,259,265,270,271,282,283,291,296,299]].
[[11,18,26,29,30,50,51,54,55,59,61,63,67,73,85,88,91,93,102,107,108,109,110,112,116,122,124,128,130,132,133,138,139,141,144,148,157,158,162,164,169,176,178,180,181,184,185,187,198,204,213,216,220,222,228,230,232,235,236,237,252,259,265,270,271,282,283,291,296,299],[1,3,5,9,10,13,14,17,19,20,22,28,33,35,39,40,41,43,45,48,53,60,66,68,70,71,72,78,80,87,96,98,101,118,120,129,134,135,137,143,147,151,153,154,156,159,165,170,172,174,179,182,186,194,195,201,206,208,209,210,212,218,224,239,243,245,248,249,255,256,258,272,276,285,287,288,289,293,294,295],[7,8,16,23,25,34,36,37,42,44,46,47,49,52,57,69,74,75,77,81,82,90,92,104,106,113,114,115,117,121,125,126,131,136,140,145,152,160,163,171,175,183,188,190,192,193,196,199,200,203,205,215,217,225,227,231,234,238,242,244,247,250,253,257,260,261,264,268,269,273,274,275,278,279,280,281,284,286,297,298]].
[[7,8,16,23,25,34,36,37,42,44,46,47,49,52,57,69,74,75,77,81,82,90,92,104,106,113,114,115,117,121,125,126,131,136,140,145,152,160,163,171,175,183,188,190,192,193,196,199,200,203,205,215,217,225,227,231,234,238,242,244,247,250,253,257,260,261,264,268,269,273,274,275,278,279,280,281,284,286,297,298],[2,4,6,12,15,21,24,27,31,32,38,56,58,62,64,65,76,79,83,84,86,89,94,95,97,99,100,103,105,111,119,123,127,142,146,149,150,155,161,166,167,168,173,177,189,191,197,202,207,211,214,219,221,223,226,229,233,240,241,246,251,254,262,263,266,267,277,290,292,300],[11,18,26,29,30,50,51,54,55,59,61,63,67,73,85,88,91,93,102,107,108,109,110,112,116,122,124,128,130,132,133,138,139,141,144,148,157,158,162,164,169,176,178,180,181,184,185,187,198,204,213,216,220,222,228,230,232,235,236,237,252,259,265,270,271,282,283,291,296,299]].
[[7,8,16,23,25,34,36,37,42,44,46,47,49,52,57,69,74,75,77,81,82,90,92,104,106,113,114,115,117,121,125,126,131,136,140,145,152,160,163,171,175,183,188,190,192,193,196,199,200,203,205,215,217,225,227,231,234,238,242,244,247,250,253,257,260,261,264,268,269,273,274,275,278,279,280,281,284,286,297,298],[2,4,6,12,15,21,24,27,31,32,38,56,58,62,64,65,76,79,83,84,86,89,94,95,97,99,100,103,105,111,119,123,127,142,146,149,150,155,161,166,167,168,173,177,189,191,197,202,207,211,214,219,221,223,226,229,233,240,241,246,251,254,262,263,266,267,277,290,292,300],[11,18,26,29,30,50,51,54,55,59,61,63,67,73,85,88,91,93,102,107,108,109,110,112,116,122,124,128,130,132,133,138,139,141,144,148,157,158,162,164,169,176,178,180,181,184,185,187,198,204,213,216,220,222,228,230,232,235,236,237,252,259,265,270,271,282,283,291,296,299]].
[[11,18,26,29,30,50,51,54,55,59,61,63,67,73,85,88,91,93,102,107,108,109,110,112,116,122,124,128,130,132,133,138,139,141,144,148,157,158,162,164,169,176,178,180,181,184,185,187,198,204,213,216,220,222,228,230,232,235,236,237,252,259,265,270,271,282,283,291,296,299],[1,3,5,9,10,13,14,17,19,20,22,28,33,35,39,40,41,43,45,48,53,60,66,68,70,71,72,78,80,87,96,98,101,118,120,129,134,135,137,143,147,151,153,154,156,159,165,170,172,174,179,182,186,194,195,201,206,208,209,210,212,218,224,239,243,245,248,249,255,256,258,272,276,285,287,288,289,293,294,295],[7,8,16,23,25,34,36,37,42,44,46,47,49,52,57,69,74,75,77,81,82,90,92,104,106,113,114,115,117,121,125,126,131,136,140,145,152,160,163,171,175,183,188,190,192,193,196,199,200,203,205,215,217,225,227,231,234,238,242,244,247,250,253,257,260,261,264,268,269,273,274,275,278,279,280,281,284,286,297,298]].
[[11,18,26,29,30,50,51,54,55,59,61,63,67,73,85,88,91,93,102,107,108,109,110,112,116,122,124,128,130,132,133,138,139,141,144,148,157,158,162,164,169,176,178,180,181,184,185,187,198,204,213,216,220,222,228,230,232,235,236,237,252,259,265,270,271,282,283,291,296,299],[1,3,5,9,10,13,14,17,19,20,22,28,33,35,39,40,41,43,45,48,53,60,66,68,70,71,72,78,80,87,96,98,101,118,120,129,134,135,137,143,147,151,153,154,156,159,165,170,172,174,179,182,186,194,195,201,206,208,209,210,212,218,224,239,243,245,248,249,255,256,258,272,276,285,287,288,289,293,294,295],[7,8,16,23,25,34,36,37,42,44,46,47,49,52,57,69,74,75,77,81,82,90,92,104,106,113,114,115,117,121,125,126,131,136,140,145,152,160,163,171,175,183,188,190,192,193,196,199,200,203,205,215,217,225,227,231,234,238,242,244,247,250,253,257,260,261,264,268,269,273,274,275,278,279,280,281,284,286,297,298]].
[[7,8,16,23,25,34,36,37,42,44,46,47,49,52,57,69,74,75,77,81,82,90,92,104,106,113,114,115,117,121,125,126,131,136,140,145,152,160,163,171,175,183,188,190,192,193,196,199,200,203,205,215,217,225,227,231,234,238,242,244,247,250,253,257,260,261,264,268,269,273,274,275,278,279,280,281,284,286,297,298],[2,4,6,12,15,21,24,27,31,32,38,56,58,62,64,65,76,79,83,84,86,89,94,95,97,99,100,103,105,111,119,123,127,142,146,149,150,155,161,166,167,168,173,177,189,191,197,202,207,211,214,219,221,223,226,229,233,240,241,246,251,254,262,263,266,267,277,290,292,300],[11,18,26,29,30,50,51,54,55,59,61,63,67,73,85,88,91,93,102,107,108,109,110,112,116,122,124,128,130,132,133,138,139,141,144,148,157,158,162,164,169,176,178,180,181,184,185,187,198,204,213,216,220,222,228,230,232,235,236,237,252,259,265,270,271,282,283,291,296,299]].
[[7,8,16,23,25,34,36,37,42,44,46,47,49,52,57,69,74,75,77,81,82,90,92,104,106,113,114,115,117,121,125,126,131,136,140,145,152,160,163,171,175,183,188,190,192,193,196,199,200,203,205,215,217,225,227,231,234,238,242,244,247,250,253,257,260,261,264,268,269,273,274,275,278,279,280,281,284,286,297,298],[2,4,6,12,15,21,24,27,31,32,38,56,58,62,64,65,76,79,83,84,86,89,94,95,97,99,100,103,105,111,119,123,127,142,146,149,150,155,161,166,167,168,173,177,189,191,197,202,207,211,214,219,221,223,226,229,233,240,241,246,251,254,262,263,266,267,277,290,292,300],[11,18,26,29,30,50,51,54,55,59,61,63,67,73,85,88,91,93,102,107,108,109,110,112,116,122,124,128,130,132,133,138,139,141,144,148,157,158,162,164,169,176,178,180,181,184,185,187,198,204,213,216,220,222,228,230,232,235,236,237,252,259,265,270,271,282,283,291,296,299]].
[[7,8,16,23,25,34,36,37,42,44,46,47,49,52,57,69,74,75,77,81,82,90,92,104,106,113,114,115,117,121,125,126,131,136,140,145,152,160,163,171,175,183,188,190,192,193,196,199,200,203,205,215,217,225,227,231,234,238,242,244,247,250,253,257,260,261,264,268,269,273,274,275,278,279,280,281,284,286,297,298],[2,4,6,12,15,21,24,27,31,32,38,56,58,62,64,65,76,79,83,84,86,89,94,95,97,99,100,103,105,111,119,123,127,142,146,149,150,155,161,166,167,168,173,177,189,191,197,202,207,211,214,219,221,223,226,229,233,240,241,246,251,254,262,263,266,267,277,290,292,300],[11,18,26,29,30,50,51,54,55,59,61,63,67,73,85,88,91,93,102,107,108,109,110,112,116,122,124,128,130,132,133,138,139,141,144,148,157,158,162,164,169,176,178,180,181,184,185,187,198,204,213,216,220,222,228,230,232,235,236,237,252,259,265,270,271,282,283,291,296,299]].
[[11,18,26,29,30,50,51,54,55,59,61,63,67,73,85,88,91,93,102,107,108,109,110,112,116,122,124,128,130,132,133,138,139,141,144,148,157,158,162,164,169,176,178,180,181,184,185,187,198,204,213,216,220,222,228,230,232,235,236,237,252,259,265,270,271,282,283,291,296,299],[1,3,5,9,10,13,14,17,19,20,22,28,33,35,39,40,41,43,45,48,53,60,66,68,70,71,72,78,80,87,96,98,101,118,120,129,134,135,137,143,147,151,153,154,156,159,165,170,172,174,179,182,186,194,195,201,206,208,209,210,212,218,224,239,243,245,248,249,255,256,258,272,276,285,287,288,289,293,294,295],[7,8,16,23,25,34,36,37,42,44,46,47,49,52,57,69,74,75,77,81,82,90,92,104,106,113,114,115,117,121,125,126,131,136,140,145,152,160,163,171,175,183,188,190,192,193,196,199,200,203,205,215,217,225,227,231,234,238,242,244,247,250,253,257,260,261,264,268,269,273,274,275,278,279,280,281,284,286,297,298]].
[[1,3,5,9,10,13,14,17,19,20,22,28,33,35,39,40,41,43,45,48,53,60,66,68,70,71,72,78,80,87,96,98,101,118,120,129,134,135,137,143,147,151,153,154,156,159,165,170,172,174,179,182,186,194,195,201,206,208,209,210,212,218,224,239,243,245,248,249,255,256,258,272,276,285,287,288,289,293,294,295],[11,18,26,29,30,50,51,54,55,59,61,63,67,73,85,88,91,93,102,107,108,109,110,112,116,122,124,128,130,132,133,138,139,141,144,148,157,158,162,164,169,176,178,180,181,184,185,187,198,204,213,216,220,222,228,230,232,235,236,237,252,259,265,270,271,282,283,291,296,299],[2,4,6,12,15,21,24,27,31,32,38,56,58,62,64,65,76,79,83,84,86,89,94,95,97,99,100,103,105,111,119,123,127,142,146,149,150,155,161,166,167,168,173,177,189,191,197,202,207,211,214,219,221,223,226,229,233,240,241,246,251,254,262,263,266,267,277,290,292,300]].
[[2,4,6,12,15,21,24,27,31,32,38,56,58,62,64,65,76,79,83,84,86,89,94,95,97,99,100,103,105,111,119,123,127,142,146,149,150,155,161,166,167,168,173,177,189,191,197,202,207,211,214,219,221,223,226,229,233,240,241,246,251,254,262,263,266,267,277,290,292,300],[7,8,16,23,25,34,36,37,42,44,46,47,49,52,57,69,74,75,77,81,82,90,92,104,106,113,114,115,117,121,125,126,131,136,140,145,152,160,163,171,175,183,188,190,192,193,196,199,200,203,205,215,217,225,227,231,234,238,242,244,247,250,253,257,260,261,264,268,269,273,274,275,278,279,280,281,284,286,297,298],[1,3,5,9,10,13,14,17,19,20,22,28,33,35,39,40,41,43,45,48,53,60,66,68,70,71,72,78,80,87,96,98,101,118,120,129,134,135,137,143,147,151,153,154,156,159,165,170,172,174,179,182,186,194,195,201,206,208,209,210,212,218,224,239,243,245,248,249,255,256,258,272,276,285,287,288,289,293,294,295]].
[[11,18,26,29,30,50,51,54,55,59,61,63,67,73,85,88,91,93,102,107,108,109,110,112,116,122,124,128,130,132,133,138,139,141,144,148,157,158,162,164,169,176,178,180,181,184,185,187,198,204,213,216,220,222,228,230,232,235,236,237,252,259,265,270,271,282,283,291,296,299],[1,3,5,9,10,13,14,17,19,20,22,28,33,35,39,40,41,43,45,48,53,60,66,68,70,71,72,78,80,87,96,98,101,118,120,129,134,135,137,143,147,151,153,154,156,159,165,170,172,174,179,182,186,194,195,201,206,208,209,210,212,218,224,239,243,245,248,249,255,256,258,272,276,285,287,288,289,293,294,295],[7,8,16,23,25,34,36,37,42,44,46,47,49,52,57,69,74,75,77,81,82,90,92,104,106,113,114,115,117,121,125,126,131,136,140,145,152,160,163,171,175,183,188,190,192,193,196,199,200,203,205,215,217,225,227,231,234,238,242,244,247,250,253,257,260,261,264,268,269,273,274,275,278,279,280,281,284,286,297,298]].
