[[2,5,17,20,23,25,37,43,47,55,57,62,63,68,71,76,77,81,84,89,95,98,101,110,114,115,117,118,119,120,122,123,126,127,130,134,135,140,145,147,151,155,156,158,160,164,165,169,170,174,178,180,199,202,205,206,207,210,215,218,220,221,224,240,248,250,252,255,256,262,264,275,278,279,287,289,291,300],[3,8,14,15,16,18,19,22,24,26,27,30,40,44,46,49,60,67,72,74,75,82,85,86,87,96,97,99,107,111,112,113,124,128,129,136,137,146,148,157,163,172,175,177,181,186,191,195,204,208,223,225,226,234,237,247,249,254,257,259,263,267,268,269,270,272,273,283,285,286,290,292],[1,4,6,9,13,33,35,36,38,41,48,50,51,52,53,58,59,61,64,66,69,70,78,83,88,93,102,103,106,108,109,139,149,150,154,162,166,167,171,182,183,185,193,194,197,198,200,201,211,214,222,227,228,229,231,235,236,238,239,242,244,246,251,261,266,271,280,281,282,284,294,299]].
[[7,10,11,12,21,28,29,31,32,34,39,42,45,54,56,65,73,79,80,90,91,92,94,100,104,105,116,121,125,131,132,133,138,141,142,143,144,152,153,159,161,168,173,176,179,184,187,188,189,190,192,196,203,209,212,213,216,217,219,230,232,233,241,243,245,253,258,260,265,274,276,277,288,293,295,296,297,298],[1,4,6,9,13,33,35,36,38,41,48,50,51,52,53,58,59,61,64,66,69,70,78,83,88,93,102,103,106,108,109,139,149,150,154,162,166,167,171,182,183,185,193,194,197,198,200,201,211,214,222,227,228,229,231,235,236,238,239,242,244,246,251,261,266,271,280,281,282,284,294,299],[3,8,14,15,16,18,19,22,24,26,27,30,40,44,46,49,60,67,72,74,75,82,85,86,87,96,97,99,107,111,112,113,124,128,129,136,137,146,148,157,163,172,175,177,181,186,191,195,204,208,223,225,226,234,237,247,249,254,257,259,263,267,268,269,270,272,273,283,285,286,290,292]].
[[3,8,14,15,16,18,19,22,24,26,27,30,40,44,46,49,60,67,72,74,75,82,85,86,87,96,97,99,107,111,112,113,124,128,129,136,137,146,148,157,163,172,175,177,181,186,191,195,204,208,223,225,226,234,237,247,249,254,257,259,263,267,268,269,270,272,273,283,285,286,290,292],[2,5,17,20,23,25,37,43,47,55,57,62,63,68,71,76,77,81,84,89,95,98,101,110,114,115,117,118,119,120,122,123,126,127,130,134,135,140,145,147,151,155,156,158,160,164,165,169,170,174,178,180,199,202,205,206,207,210,215,218,220,221,224,240,248,250,252,255,256,262,264,275,278,279,287,289,291,300],[7,10,11,12,21,28,29,31,32,34,39,42,45,54,56,65,73,79,80,90,91,92,94,100,104,105,116,121,125,131,132,133,138,141,142,143,144,152,153,159,161,168,173,176,179,184,187,188,189,190,192,196,203,209,212,213,216,217,219,230,232,233,241,243,245,253,258,260,265,274,276,277,288,293,295,296,297,298]].
[[2,5,17,20,23,25,37,43,47,55,57,62,63,68,71,76,77,81,84,89,95,98,101,110,114,115,117,118,119,120,122,123,126,127,130,134,135,140,145,147,151,155,156,158,160,164,165,169,170,174,178,180,199,202,205,206,207,210,215,218,220,221,224,240,248,250,252,255,256,262,264,275,278,279,287,289,291,300],[3,8,14,15,16,18,19,22,24,26,27,30,40,44,46,49,60,67,72,74,75,82,85,86,87,96,97,99,107,111,112,113,124,128,129,136,137,146,148,157,163,172,175,177,181,186,191,195,204,208,223,225,226,234,237,247,249,254,257,259,263,267,268,269,270,272,273,283,285,286,290,292],[1,4,6,9,13,33,35,36,38,41,48,50,51,52,53,58,59,61,64,66,69,70,78,83,88,93,102,103,106,108,109,139,149,150,154,162,166,167,171,182,183,185,193,194,197,198,200,201,211,214,222,227,228,229,231,235,236,238,239,242,244,246,251,261,266,271,280,281,282,284,294,299]].
[[1,4,6,9,13,33,35,36,38,41,48,50,51,52,53,58,59,61,64,66,69,70,78,83,88,93,102,103,106,108,109,139,149,150,154,162,166,167,171,182,183,185,193,194,197,198,200,201,211,214,222,227,228,229,231,235,236,238,239,242,244,246,251,261,266,271,280,281,282,284,294,299],[7,10,11,12,21,28,29,31,32,34,39,42,45,54,56,65,73,79,80,90,91,92,94,100,104,105,116,121,125,131,132,133,138,141,142,143,144,152,153,159,161,168,173,176,179,184,187,188,189,190,192,196,203,209,212,213,216,217,219,230,232,233,241,243,245,253,258,260,265,274,276,277,288,293,295,296,297,298],[2,5,17,20,23,25,37,43,47,55,57,62,63,68,71,76,77,81,84,89,95,98,101,110,114,115,117,118,119,120,122,123,126,127,130,134,135,140,145,147,151,155,156,158,160,164,165,169,170,174,178,180,199,202,205,206,207,210,215,218,220,221,224,240,248,250,252,255,256,262,264,275,278,279,287,289,291,300]].
[[1,4,6,9,13,33,35,36,38,41,48,50,51,52,53,58,59,61,64,66,69,70,78,83,88,93,102,103,106,108,109,139,149,150,154,162,166,167,171,182,183,185,193,194,197,198,200,201,211,214,222,227,228,229,231,235,236,238,239,242,244,246,251,261,266,271,280,281,282,284,294,299],[7,10,11,12,21,28,29,31,32,34,39,42,45,54,56,65,73,79,80,90,91,92,94,100,104,105,116,121,125,131,132,133,138,141,142,143,144,152,153,159,161,168,173,176,179,184,187,188,189,190,192,196,203,209,212,213,216,217,219,230,232,233,241,243,245,253,258,260,265,274,276,277,288,293,295,296,297,298],[2,5,17,20,23,25,37,43,47,55,57,62,63,68,71,76,77,81,84,89,95,98,101,110,114,115,117,118,119,120,122,123,126,127,130,134,135,140,145,147,151,155,156,158,160,164,165,169,170,174,178,180,199,202,205,206,207,210,215,218,220,221,224,240,248,250,252,255,256,262,264,275,278,279,287,289,291,300]].
[[2,5,17,20,23,25,37,43,47,55,57,62,63,68,71,76,77,81,84,89,95,98,101,110,114,115,117,118,119,120,122,123,126,127,130,134,135,140,145,147,151,155,156,158,160,164,165,169,170,174,178,180,199,202,205,206,207,210,215,218,220,221,224,240,248,250,252,255,256,262,264,275,278,279,287,289,291,300],[3,8,14,15,16,18,19,22,24,26,27,30,40,44,46,49,60,67,72,74,75,82,85,86,87,96,97,99,107,111,112,113,124,128,129,136,137,146,148,157,163,172,175,177,181,186,191,195,204,208,223,225,226,234,237,247,249,254,257,259,263,267,268,269,270,272,273,283,285,286,290,292],[1,4,6,9,13,33,35,36,38,41,48,50,51,52,53,58,59,61,64,66,69,70,78,83,88,93,102,103,106,108,109,139,149,150,154,162,166,167,171,182,183,185,193,194,197,198,200,201,211,214,222,227,228,229,231,235,236,238,239,242,244,246,251,261,266,271,280,281,282,284,294,299]].
[[1,4,6,9,13,33,35,36,38,41,48,50,51,52,53,58,59,61,64,66,69,70,78,83,88,93,102,103,106,108,109,139,149,150,154,162,166,167,171,182,183,185,193,194,197,198,200,201,211,214,222,227,228,229,231,235,236,238,239,242,244,246,251,261,266,271,280,281,282,284,294,299],[7,10,11,12,21,28,29,31,32,34,39,42,45,54,56,65,73,79,80,90,91,92,94,100,104,105,116,121,125,131,132,133,138,141,142,143,144,152,153,159,161,168,173,176,179,184,187,188,189,190,192,196,203,209,212,213,216,217,219,230,232,233,241,243,245,253,258,260,265,274,276,277,288,293,295,296,297,298],[2,5,17,20,23,25,37,43,47,55,57,62,63,68,71,76,77,81,84,89,95,98,101,110,114,115,117,118,119,120,122,123,126,127,130,134,135,140,145,147,151,155,156,158,160,164,165,169,170,174,178,180,199,202,205,206,207,210,215,218,220,221,224,240,248,250,252,255,256,262,264,275,278,279,287,289,291,300]].
[[2,5,17,20,23,25,37,43,47,55,57,62,63,68,71,76,77,81,84,89,95,98,101,110,114,115,117,118,119,120,122,123,126,127,130,134,135,140,145,147,151,155,156,158,160,164,165,169,170,174,178,180,199,202,205,206,207,210,215,218,220,221,224,240,248,250,252,255,256,262,264,275,278,279,287,289,291,300],[3,8,14,15,16,18,19,22,24,26,27,30,40,44,46,49,60,67,72,74,75,82,85,86,87,96,97,99,107,111,112,113,124,128,129,136,137,146,148,157,163,172,175,177,181,186,191,195,204,208,223,225,226,234,237,247,249,254,257,259,263,267,268,269,270,272,273,283,285,286,290,292],[1,4,6,9,13,33,35,36,38,41,48,50,51,52,53,58,59,61,64,66,69,70,78,83,88,93,102,103,106,108,109,139,149,150,154,162,166,167,171,182,183,185,193,194,197,198,200,201,211,214,222,227,228,229,231,235,236,238,239,242,244,246,251,261,266,271,280,281,282,284,294,299]].
[[2,5,17,20,23,25,37,43,47,55,57,62,63,68,71,76,77,81,84,89,95,98,101,110,114,115,117,118,119,120,122,123,126,127,130,134,135,140,145,147,151,155,156,158,160,164,165,169,170,174,178,180,199,202,205,206,207,210,215,218,220,221,224,240,248,250,252,255,256,262,264,275,278,279,287,289,291,300],[3,8,14,15,16,18,19,22,24,26,27,30,40,44,46,49,60,67,72,74,75,82,85,86,87,96,97,99,107,111,112,113,124,128,129,136,137,146,148,157,163,172,175,177,181,186,191,195,204,208,223,225,226,234,237,247,249,254,257,259,263,267,268,269,270,272,273,283,285,286,290,292],[1,4,6,9,13,33,35,36,38,41,48,50,51,52,53,58,59,61,64,66,69,70,78,83,88,93,102,103,106,108,109,139,149,150,154,162,166,167,171,182,183,185,193,194,197,198,200,201,211,214,222,227,228,229,231,235,236,238,239,242,244,246,251,261,266,271,280,281,282,284,294,299]].
[[1,4,6,9,13,33,35,36,38,41,48,50,51,52,53,58,59,61,64,66,69,70,78,83,88,93,102,103,106,108,109,139,149,150,154,162,166,167,171,182,183,185,193,194,197,198,200,201,211,214,222,227,228,229,231,235,236,238,239,242,244,246,251,261,266,271,280,281,282,284,294,299],[7,10,11,12,21,28,29,31,32,34,39,42,45,54,56,65,73,79,80,90,91,92,94,100,104,105,116,121,125,131,132,133,138,141,142,143,144,152,153,159,161,168,173,176,179,184,187,188,189,190,192,196,203,209,212,213,216,217,219,230,232,233,241,243,245,253,258,260,265,274,276,277,288,293,295,296,297,298],[2,5,17,20,23,25,37,43,47,55,57,62,63,68,71,76,77,81,84,89,95,98,101,110,114,115,117,118,119,120,122,123,126,127,130,134,135,140,145,147,151,155,156,158,160,164,165,169,170,174,178,180,199,202,205,206,207,210,215,218,220,221,224,240,248,250,252,255,256,262,264,275,278,279,287,289,291,300]].
[[7,10,11,12,21,28,29,31,32,34,39,42,45,54,56,65,73,79,80,90,91,92,94,100,104,105,116,121,125,131,132,133,138,141,142,143,144,152,153,159,161,168,173,176,179,184,187,188,189,190,192,196,203,209,212,213,216,217,219,230,232,233,241,243,245,253,258,260,265,274,276,277,288,293,295,296,297,298],[1,4,6,9,13,33,35,36,38,41,48,50,51,52,53,58,59,61,64,66,69,70,78,83,88,93,102,103,106,108,109,139,149,150,154,162,166,167,171,182,183,185,193,194,197,198,200,201,211,214,222,227,228,229,231,235,236,238,239,242,244,246,251,261,266,271,280,281,282,284,294,299],[3,8,14,15,16,18,19,22,24,26,27,30,40,44,46,49,60,67,72,74,75,82,85,86,87,96,97,99,107,111,112,113,124,128,129,136,137,146,148,157,163,172,175,177,181,186,191,195,204,208,223,225,226,234,237,247,249,254,257,259,263,267,268,269,270,272,273,283,285,286,290,292]].
[[7,10,11,12,21,28,29,31,32,34,39,42,45,54,56,65,73,79,80,90,91,92,94,100,104,105,116,121,125,131,132,133,138,141,142,143,144,152,153,159,161,168,173,176,179,184,187,188,189,190,192,196,203,209,212,213,216,217,219,230,232,233,241,243,245,253,258,260,265,274,276,277,288,293,295,296,297,298],[1,4,6,9,13,33,35,36,38,41,48,50,51,52,53,58,59,61,64,66,69,70,78,83,88,93,102,103,106,108,109,139,149,150,154,162,166,167,171,182,183,185,193,194,197,198,200,201,211,214,222,227,228,229,231,235,236,238,239,242,244,246,251,261,266,271,280,281,282,284,294,299],[3,8,14,15,16,18,19,22,24,26,27,30,40,44,46,49,60,67,72,74,75,82,85,86,87,96,97,99,107,111,112,113,124,128,129,136,137,146,148,157,163,172,175,177,181,186,191,195,204,208,223,225,226,234,237,247,249,254,257,259,263,267,268,269,270,272,273,283,285,286,290,292]].
[[1,4,6,9,13,33,35,36,38,41,48,50,51,52,53,58,59,61,64,66,69,70,78,83,88,93,102,103,106,108,109,139,149,150,154,162,166,167,171,182,183,185,193,194,197,198,200,201,211,214,222,227,228,229,231,235,236,238,239,242,244,246,251,261,266,271,280,281,282,284,294,299],[7,10,11,12,21,28,29,31,32,34,39,42,45,54,56,65,73,79,80,90,91,92,94,100,104,105,116,121,125,131,132,133,138,141,142,143,144,152,153,159,161,168,173,176,179,184,187,188,189,190,192,196,203,209,212,213,216,217,219,230,232,233,241,243,245,253,258,260,265,274,276,277,288,293,295,296,297,298],[2,5,17,20,23,25,37,43,47,55,57,62,63,68,71,76,77,81,84,89,95,98,101,110,114,115,117,118,119,120,122,123,126,127,130,134,135,140,145,147,151,155,156,158,160,164,165,169,170,174,178,180,199,202,205,206,207,210,215,218,220,221,224,240,248,250,252,255,256,262,264,275,278,279,287,289,291,300]].
[[2,5,17,20,23,25,37,43,47,55,57,62,63,68,71,76,77,81,84,89,95,98,101,110,114,115,117,118,119,120,122,123,126,127,130,134,135,140,145,147,151,155,156,158,160,164,165,169,170,174,178,180,199,202,205,206,207,210,215,218,220,221,224,240,248,250,252,255,256,262,264,275,278,279,287,289,291,300],[3,8,14,15,16,18,19,22,24,26,27,30,40,44,46,49,60,67,72,74,75,82,85,86,87,96,97,99,107,111,112,113,124,128,129,136,137,146,148,157,163,172,175,177,181,186,191,195,204,208,223,225,226,234,237,247,249,254,257,259,263,267,268,269,270,272,273,283,285,286,290,292],[1,4,6,9,13,33,35,36,38,41,48,50,51,52,53,58,59,61,64,66,69,70,78,83,88,93,102,103,106,108,109,139,149,150,154,162,166,167,171,182,183,185,193,194,197,198,200,201,211,214,222,227,228,229,231,235,236,238,239,242,244,246,251,261,266,271,280,281,282,284,294,299]].
[[1,4,6,9,13,33,35,36,38,41,48,50,51,52,53,58,59,61,64,66,69,70,78,83,88,93,102,103,106,108,109,139,149,150,154,162,166,167,171,182,183,185,193,194,197,198,200,201,211,214,222,227,228,229,231,235,236,238,239,242,244,246,251,261,266,271,280,281,282,284,294,299],[7,10,11,12,21,28,29,31,32,34,39,42,45,54,56,65,73,79,80,90,91,92,94,100,104,105,116,121,125,131,132,133,138,141,142,143,144,152,153,159,161,168,173,176,179,184,187,188,189,190,192,196,203,209,212,213,216,217,219,230,232,233,241,243,245,253,258,260,265,274,276,277,288,293,295,296,297,298],[2,5,17,20,23,25,37,43,47,55,57,62,63,68,71,76,77,81,84,89,95,98,101,110,114,115,117,118,119,120,122,123,126,127,130,134,135,140,145,147,151,155,156,158,160,164,165,169,170,174,178,180,199,202,205,206,207,210,215,218,220,221,224,240,248,250,252,255,256,262,264,275,278,279,287,289,291,300]].
[[1,4,6,9,13,33,35,36,38,41,48,50,51,52,53,58,59,61,64,66,69,70,78,83,88,93,102,103,106,108,109,139,149,150,154,162,166,167,171,182,183,185,193,194,197,198,200,201,211,214,222,227,228,229,231,235,236,238,239,242,244,246,251,261,266,271,280,281,282,284,294,299],[7,10,11,12,21,28,29,31,32,34,39,42,45,54,56,65,73,79,80,90,91,92,94,100,104,105,116,121,125,131,132,133,138,141,142,143,144,152,153,159,161,168,173,176,179,184,187,188,189,190,192,196,203,209,212,213,216,217,219,230,232,233,241,243,245,253,258,260,265,274,276,277,288,293,295,296,297,298],[2,5,17,20,23,25,37,43,47,55,57,62,63,68,71,76,77,81,84,89,95,98,101,110,114,115,117,118,119,120,122,123,126,127,130,134,135,140,145,147,151,155,156,158,160,164,165,169,170,174,178,180,199,202,205,206,207,210,215,218,220,221,224,240,248,250,252,255,256,262,264,275,278,279,287,289,291,300]].
[[1,4,6,9,13,33,35,36,38,41,48,50,51,52,53,58,59,61,64,66,69,70,78,83,88,93,102,103,106,108,109,139,149,150,154,162,166,167,171,182,183,185,193,194,197,198,200,201,211,214,222,227,228,229,231,235,236,238,239,242,244,246,251,261,266,271,280,281,282,284,294,299],[7,10,11,12,21,28,29,31,32,34,39,42,45,54,56,65,73,79,80,90,91,92,94,100,104,105,116,121,125,131,132,133,138,141,142,143,144,152,153,159,161,168,173,176,179,184,187,188,189,190,192,196,203,209,212,213,216,217,219,230,232,233,241,243,245,253,258,260,265,274,276,277,288,293,295,296,297,298],[2,5,17,20,23,25,37,43,47,55,57,62,63,68,71,76,77,81,84,89,95,98,101,110,114,115,117,118,119,120,122,123,126,127,130,134,135,140,145,147,151,155,156,158,160,164,165,169,170,174,178,180,199,202,205,206,207,210,215,218,220,221,224,240,248,250,252,255,256,262,264,275,278,279,287,289,291,300]].
[[1,4,6,9,13,33,35,36,38,41,48,50,51,52,53,58,59,61,64,66,69,70,78,83,88,93,102,103,106,108,109,139,149,150,154,162,166,167,171,182,183,185,193,194,197,198,200,201,211,214,222,227,228,229,231,235,236,238,239,242,244,246,251,261,266,271,280,281,282,284,294,299],[7,10,11,12,21,28,29,31,32,34,39,42,45,54,56,65,73,79,80,90,91,92,94,100,104,105,116,121,125,131,132,133,138,141,142,143,144,152,153,159,161,168,173,176,179,184,187,188,189,190,192,196,203,209,212,213,216,217,219,230,232,233,241,243,245,253,258,260,265,274,276,277,288,293,295,296,297,298],[2,5,17,20,23,25,37,43,47,55,57,62,63,68,71,76,77,81,84,89,95,98,101,110,114,115,117,118,119,120,122,123,126,127,130,134,135,140,145,147,151,155,156,158,160,164,165,169,170,174,178,180,199,202,205,206,207,210,215,218,220,221,224,240,248,250,252,255,256,262,264,275,278,279,287,289,291,300]].
[[3,8,14,15,16,18,19,22,24,26,27,30,40,44,46,49,60,67,72,74,75,82,85,86,87,96,97,99,107,111,112,113,124,128,129,136,137,146,148,157,163,172,175,177,181,186,191,195,204,208,223,225,226,234,237,247,249,254,257,259,263,267,268,269,270,272,273,283,285,286,290,292],[2,5,17,20,23,25,37,43,47,55,57,62,63,68,71,76,77,81,84,89,95,98,101,110,114,115,117,118,119,120,122,123,126,127,130,134,135,140,145,147,151,155,156,158,160,164,165,169,170,174,178,180,199,202,205,206,207,210,215,218,220,221,224,240,248,250,252,255,256,262,264,275,278,279,287,289,291,300],[7,10,11,12,21,28,29,31,32,34,39,42,45,54,56,65,73,79,80,90,91,92,94,100,104,105,116,121,125,131,132,133,138,141,142,143,144,152,153,159,161,168,173,176,179,184,187,188,189,190,192,196,203,209,212,213,216,217,219,230,232,233,241,243,245,253,258,260,265,274,276,277,288,293,295,296,297,298]].
[[7,10,11,12,21,28,29,31,32,34,39,42,45,54,56,65,73,79,80,90,91,92,94,100,104,105,116,121,125,131,132,133,138,141,142,143,144,152,153,159,161,168,173,176,179,184,187,188,189,190,192,196,203,209,212,213,216,217,219,230,232,233,241,243,245,253,258,260,265,274,276,277,288,293,295,296,297,298],[1,4,6,9,13,33,35,36,38,41,48,50,51,52,53,58,59,61,64,66,69,70,78,83,88,93,102,103,106,108,109,139,149,150,154,162,166,167,171,182,183,185,193,194,197,198,200,201,211,214,222,227,228,229,231,235,236,238,239,242,244,246,251,261,266,271,280,281,282,284,294,299],[3,8,14,15,16,18,19,22,24,26,27,30,40,44,46,49,60,67,72,74,75,82,85,86,87,96,97,99,107,111,112,113,124,128,129,136,137,146,148,157,163,172,175,177,181,186,191,195,204,208,223,225,226,234,237,247,249,254,257,259,263,267,268,269,270,272,273,283,285,286,290,292]].
[[7,10,11,12,21,28,29,31,32,34,39,42,45,54,56,65,73,79,80,90,91,92,94,100,104,105,116,121,125,131,132,133,138,141,142,143,144,152,153,159,161,168,173,176,179,184,187,188,189,190,192,196,203,209,212,213,216,217,219,230,232,233,241,243,245,253,258,260,265,274,276,277,288,293,295,296,297,298],[1,4,6,9,13,33,35,36,38,41,48,50,51,52,53,58,59,61,64,66,69,70,78,83,88,93,102,103,106,108,109,139,149,150,154,162,166,167,171,182,183,185,193,194,197,198,200,201,211,214,222,227,228,229,231,235,236,238,239,242,244,246,251,261,266,271,280,281,282,284,294,299],[3,8,14,15,16,18,19,22,24,26,27,30,40,44,46,49,60,67,72,74,75,82,85,86,87,96,97,99,107,111,112,113,124,128,129,136,137,146,148,157,163,172,175,177,181,186,191,195,204,208,223,225,226,234,237,247,249,254,257,259,263,267,268,269,270,272,273,283,285,286,290,292]].
[[1,4,6,9,13,33,35,36,38,41,48,50,51,52,53,58,59,61,64,66,69,70,78,83,88,93,102,103,106,108,109,139,149,150,154,162,166,167,171,182,183,185,193,194,197,198,200,201,211,214,222,227,228,229,231,235,236,238,239,242,244,246,251,261,266,271,280,281,282,284,294,299],[7,10,11,12,21,28,29,31,32,34,39,42,45,54,56,65,73,79,80,90,91,92,94,100,104,105,116,121,125,131,132,133,138,141,142,143,144,152,153,159,161,168,173,176,179,184,187,188,189,190,192,196,203,209,212,213,216,217,219,230,232,233,241,243,245,253,258,260,265,274,276,277,288,293,295,296,297,298],[2,5,17,20,23,25,37,43,47,55,57,62,63,68,71,76,77,81,84,89,95,98,101,110,114,115,117,118,119,120,122,123,126,127,130,134,135,140,145,147,151,155,156,158,160,164,165,169,170,174,178,180,199,202,205,206,207,210,215,218,220,221,224,240,248,250,252,255,256,262,264,275,278,279,287,289,291,300]].
[[7,10,11,12,21,28,29,31,32,34,39,42,45,54,56,65,73,79,80,90,91,92,94,100,104,105,116,121,125,131,132,133,138,141,142,143,144,152,153,159,161,168,173,176,179,184,187,188,189,190,192,196,203,209,212,213,216,217,219,230,232,233,241,243,245,253,258,260,265,274,276,277,288,293,295,296,297,298],[1,4,6,9,13,33,35,36,38,41,48,50,51,52,53,58,59,61,64,66,69,70,78,83,88,93,102,103,106,108,109,139,149,150,154,162,166,167,171,182,183,185,193,194,197,198,200,201,211,214,222,227,228,229,231,235,236,238,239,242,244,246,251,261,266,271,280,281,282,284,294,299],[3,8,14,15,16,18,19,22,24,26,27,30,40,44,46,49,60,67,72,74,75,82,85,86,87,96,97,99,107,111,112,113,124,128,129,136,137,146,148,157,163,172,175,177,181,186,191,195,204,208,223,225,226,234,237,247,249,254,257,259,263,267,268,269,270,272,273,283,285,286,290,292]].
[[1,4,6,9,13,33,35,36,38,41,48,50,51,52,53,58,59,61,64,66,69,70,78,83,88,93,102,103,106,108,109,139,149,150,154,162,166,167,171,182,183,185,193,194,197,198,200,201,211,214,222,227,228,229,231,235,236,238,239,242,244,246,251,261,266,271,280,281,282,284,294,299],[7,10,11,12,21,28,29,31,32,34,39,42,45,54,56,65,73,79,80,90,91,92,94,100,104,105,116,121,125,131,132,133,138,141,142,143,144,152,153,159,161,168,173,176,179,184,187,188,189,190,192,196,203,209,212,213,216,217,219,230,232,233,241,243,245,253,258,260,265,274,276,277,288,293,295,296,297,298],[2,5,17,20,23,25,37,43,47,55,57,62,63,68,71,76,77,81,84,89,95,98,101,110,114,115,117,118,119,120,122,123,126,127,130,134,135,140,145,147,151,155,156,158,160,164,165,169,170,174,178,180,199,202,205,206,207,210,215,218,220,221,224,240,248,250,252,255,256,262,264,275,278,279,287,289,291,300]].
[[7,10,11,12,21,28,29,31,32,34,39,42,45,54,56,65,73,79,80,90,91,92,94,100,104,105,116,121,125,131,132,133,138,141,142,143,144,152,153,159,161,168,173,176,179,184,187,188,189,190,192,196,203,209,212,213,216,217,219,230,232,233,241,243,245,253,258,260,265,274,276,277,288,293,295,296,297,298],[1,4,6,9,13,33,35,36,38,41,48,50,51,52,53,58,59,61,64,66,69,70,78,83,88,93,102,103,106,108,109,139,149,150,154,162,166,167,171,182,183,185,193,194,197,198,200,201,211,214,222,227,228,229,231,235,236,238,239,242,244,246,251,261,266,271,280,281,282,284,294,299],[3,8,14,15,16,18,19,22,24,26,27,30,40,44,46,49,60,67,72,74,75,82,85,86,87,96,97,99,107,111,112,113,124,128,129,136,137,146,148,157,163,172,175,177,181,186,191,195,204,208,223,225,226,234,237,247,249,254,257,259,263,267,268,269,270,272,273,283,285,286,290,292]].
[[1,4,6,9,13,33,35,36,38,41,48,50,51,52,53,58,59,61,64,66,69,70,78,83,88,93,102,103,106,108,109,139,149,150,154,162,166,167,171,182,183,185,193,194,197,198,200,201,211,214,222,227,228,229,231,235,236,238,239,242,244,246,251,261,266,271,280,281,282,284,294,299],[7,10,11,12,21,28,29,31,32,34,39,42,45,54,56,65,73,79,80,90,91,92,94,100,104,105,116,121,125,131,132,133,138,141,142,143,144,152,153,159,161,168,173,176,179,184,187,188,189,190,192,196,203,209,212,213,216,217,219,230,232,233,241,243,245,253,258,260,265,274,276,277,288,293,295,296,297,298],[2,5,17,20,23,25,37,43,47,55,57,62,63,68,71,76,77,81,84,89,95,98,101,110,114,115,117,118,119,120,122,123,126,127,130,134,135,140,145,147,151,155,156,158,160,164,165,169,170,174,178,180,199,202,205,206,207,210,215,218,220,221,224,240,248,250,252,255,256,262,264,275,278,279,287,289,291,300]].
[[7,10,11,12,21,28,29,31,32,34,39,42,45,54,56,65,73,79,80,90,91,92,94,100,104,105,116,121,125,131,132,133,138,141,142,143,144,152,153,159,161,168,173,176,179,184,187,188,189,190,192,196,203,209,212,213,216,217,219,230,232,233,241,243,245,253,258,260,265,274,276,277,288,293,295,296,297,298],[1,4,6,9,13,33,35,36,38,41,48,50,51,52,53,58,59,61,64,66,69,70,78,83,88,93,102,103,106,108,109,139,149,150,154,162,166,167,171,182,183,185,193,194,197,198,200,201,211,214,222,227,228,229,231,235,236,238,239,242,244,246,251,261,266,271,280,281,282,284,294,299],[3,8,14,15,16,18,19,22,24,26,27,30,40,44,46,49,60,67,72,74,75,82,85,86,87,96,97,99,107,111,112,113,124,128,129,136,137,146,148,157,163,172,175,177,181,186,191,195,204,208,223,225,226,234,237,247,249,254,257,259,263,267,268,269,270,272,273,283,285,286,290,292]].
[[1,4,6,9,13,33,35,36,38,41,48,50,51,52,53,58,59,61,64,66,69,70,78,83,88,93,102,103,106,108,109,139,149,150,154,162,166,167,171,182,183,185,193,194,197,198,200,201,211,214,222,227,228,229,231,235,236,238,239,242,244,246,251,261,266,271,280,281,282,284,294,299],[7,10,11,12,21,28,29,31,32,34,39,42,45,54,56,65,73,79,80,90,91,92,94,100,104,105,116,121,125,131,132,133,138,141,142,143,144,152,153,159,161,168,173,176,179,184,187,188,189,190,192,196,203,209,212,213,216,217,219,230,232,233,241,243,245,253,258,260,265,274,276,277,288,293,295,296,297,298],[2,5,17,20,23,25,37,43,47,55,57,62,63,68,71,76,77,81,84,89,95,98,101,110,114,115,117,118,119,120,122,123,126,127,130,134,135,140,145,147,151,155,156,158,160,164,165,169,170,174,178,180,199,202,205,206,207,210,215,218,220,221,224,240,248,250,252,255,256,262,264,275,278,279,287,289,291,300]].
[[3,8,14,15,16,18,19,22,24,26,27,30,40,44,46,49,60,67,72,74,75,82,85,86,87,96,97,99,107,111,112,113,124,128,129,136,137,146,148,157,163,172,175,177,181,186,191,195,204,208,223,225,226,234,237,247,249,254,257,259,263,267,268,269,270,272,273,283,285,286,290,292],[2,5,17,20,23,25,37,43,47,55,57,62,63,68,71,76,77,81,84,89,95,98,101,110,114,115,117,118,119,120,122,123,126,127,130,134,135,140,145,147,151,155,156,158,160,164,165,169,170,174,178,180,199,202,205,206,207,210,215,218,220,221,224,240,248,250,252,255,256,262,264,275,278,279,287,289,291,300],[7,10,11,12,21,28,29,31,32,34,39,42,45,54,56,65,73,79,80,90,91,92,94,100,104,105,116,121,125,131,132,133,138,141,142,143,144,152,153,159,161,168,173,176,179,184,187,188,189,190,192,196,203,209,212,213,216,217,219,230,232,233,241,243,245,253,258,260,265,274,276,277,288,293,295,296,297,298]].
[[1,4,6,9,13,33,35,36,38,41,48,50,51,52,53,58,59,61,64,66,69,70,78,83,88,93,102,103,106,108,109,139,149,150,154,162,166,167,171,182,183,185,193,194,197,198,200,201,211,214,222,227,228,229,231,235,236,238,239,242,244,246,251,261,266,271,280,281,282,284,294,299],[7,10,11,12,21,28,29,31,32,34,39,42,45,54,56,65,73,79,80,90,91,92,94,100,104,105,116,121,125,131,132,133,138,141,142,143,144,152,153,159,161,168,173,176,179,184,187,188,189,190,192,196,203,209,212,213,216,217,219,230,232,233,241,243,245,253,258,260,265,274,276,277,288,293,295,296,297,298],[2,5,17,20,23,25,37,43,47,55,57,62,63,68,71,76,77,81,84,89,95,98,101,110,114,115,117,118,119,120,122,123,126,127,130,134,135,140,145,147,151,155,156,158,160,164,165,169,170,174,178,180,199,202,205,206,207,210,215,218,220,221,224,240,248,250,252,255,256,262,264,275,278,279,287,289,291,300]].
[[1,4,6,9,13,33,35,36,38,41,48,50,51,52,53,58,59,61,64,66,69,70,78,83,88,93,102,103,106,108,109,139,149,150,154,162,166,167,171,182,183,185,193,194,197,198,200,201,211,214,222,227,228,229,231,235,236,238,239,242,244,246,251,261,266,271,280,281,282,284,294,299],[7,10,11,12,21,28,29,31,32,34,39,42,45,54,56,65,73,79,80,90,91,92,94,100,104,105,116,121,125,131,132,133,138,141,142,143,144,152,153,159,161,168,173,176,179,184,187,188,189,190,192,196,203,209,212,213,216,217,219,230,232,233,241,243,245,253,258,260,265,274,276,277,288,293,295,296,297,298],[2,5,17,20,23,25,37,43,47,55,57,62,63,68,71,76,77,81,84,89,95,98,101,110,114,115,117,118,119,120,122,123,126,127,130,134,135,140,145,147,151,155,156,158,160,164,165,169,170,174,178,180,199,202,205,206,207,210,215,218,220,221,224,240,248,250,252,255,256,262,264,275,278,279,287,289,291,300]].
[[1,4,6,9,13,33,35,36,38,41,48,50,51,52,53,58,59,61,64,66,69,70,78,83,88,93,102,103,106,108,109,139,149,150,154,162,166,167,171,182,183,185,193,194,197,198,200,201,211,214,222,227,228,229,231,235,236,238,239,242,244,246,251,261,266,271,280,281,282,284,294,299],[7,10,11,12,21,28,29,31,32,34,39,42,45,54,56,65,73,79,80,90,91,92,94,100,104,105,116,121,125,131,132,133,138,141,142,143,144,152,153,159,161,168,173,176,179,184,187,188,189,190,192,196,203,209,212,213,216,217,219,230,232,233,241,243,245,253,258,260,265,274,276,277,288,293,295,296,297,298],[2,5,17,20,23,25,37,43,47,55,57,62,63,68,71,76,77,81,84,89,95,98,101,110,114,115,117,118,119,120,122,123,126,127,130,134,135,140,145,147,151,155,156,158,160,164,165,169,170,174,178,180,199,202,205,206,207,210,215,218,220,221,224,240,248,250,252,255,256,262,264,275,278,279,287,289,291,300]].
[[7,10,11,12,21,28,29,31,32,34,39,42,45,54,56,65,73,79,80,90,91,92,94,100,104,105,116,121,125,131,132,133,138,141,142,143,144,152,153,159,161,168,173,176,179,184,187,188,189,190,192,196,203,209,212,213,216,217,219,230,232,233,241,243,245,253,258,260,265,274,276,277,288,293,295,296,297,298],[1,4,6,9,13,33,35,36,38,41,48,50,51,52,53,58,59,61,64,66,69,70,78,83,88,93,102,103,106,108,109,139,149,150,154,162,166,167,171,182,183,185,193,194,197,198,200,201,211,214,222,227,228,229,231,235,236,238,239,242,244,246,251,261,266,271,280,281,282,284,294,299],[3,8,14,15,16,18,19,22,24,26,27,30,40,44,46,49,60,67,72,74,75,82,85,86,87,96,97,99,107,111,112,113,124,128,129,136,137,146,148,157,163,172,175,177,181,186,191,195,204,208,223,225,226,234,237,247,249,254,257,259,263,267,268,269,270,272,273,283,285,286,290,292]].
[[7,10,11,12,21,28,29,31,32,34,39,42,45,54,56,65,73,79,80,90,91,92,94,100,104,105,116,121,125,131,132,133,138,141,142,143,144,152,153,159,161,168,173,176,179,184,187,188,189,190,192,196,203,209,212,213,216,217,219,230,232,233,241,243,245,253,258,260,265,274,276,277,288,293,295,296,297,298],[1,4,6,9,13,33,35,36,38,41,48,50,51,52,53,58,59,61,64,66,69,70,78,83,88,93,102,103,106,108,109,139,149,150,154,162,166,167,171,182,183,185,193,194,197,198,200,201,211,214,222,227,228,229,231,235,236,238,239,242,244,246,251,261,266,271,280,281,282,284,294,299],[3,8,14,15,16,18,19,22,24,26,27,30,40,44,46,49,60,67,72,74,75,82,85,86,87,96,97,99,107,111,112,113,124,128,129,136,137,146,148,157,163,172,175,177,181,186,191,195,204,208,223,225,226,234,237,247,249,254,257,259,263,267,268,269,270,272,273,283,285,286,290,292]].
[[2,5,17,20,23,25,37,43,47,55,57,62,63,68,71,76,77,81,84,89,95,98,101,110,114,115,117,118,119,120,122,123,126,127,130,134,135,140,145,147,151,155,156,158,160,164,165,169,170,174,178,180,199,202,205,206,207,210,215,218,220,221,224,240,248,250,252,255,256,262,264,275,278,279,287,289,291,300],[3,8,14,15,16,18,19,22,24,26,27,30,40,44,46,49,60,67,72,74,75,82,85,86,87,96,97,99,107,111,112,113,124,128,129,136,137,146,148,157,163,172,175,177,181,186,191,195,204,208,223,225,226,234,237,247,249,254,257,259,263,267,268,269,270,272,273,283,285,286,290,292],[1,4,6,9,13,33,35,36,38,41,48,50,51,52,53,58,59,61,64,66,69,70,78,83,88,93,102,103,106,108,109,139,149,150,154,162,166,167,171,182,183,185,193,194,197,198,200,201,211,214,222,227,228,229,231,235,236,238,239,242,244,246,251,261,266,271,280,281,282,284,294,299]].
[[1,4,6,9,13,33,35,36,38,41,48,50,51,52,53,58,59,61,64,66,69,70,78,83,88,93,102,103,106,108,109,139,149,150,154,162,166,167,171,182,183,185,193,194,197,198,200,201,211,214,222,227,228,229,231,235,236,238,239,242,244,246,251,261,266,271,280,281,282,284,294,299],[7,10,11,12,21,28,29,31,32,34,39,42,45,54,56,65,73,79,80,90,91,92,94,100,104,105,116,121,125,131,132,133,138,141,142,143,144,152,153,159,161,168,173,176,179,184,187,188,189,190,192,196,203,209,212,213,216,217,219,230,232,233,241,243,245,253,258,260,265,274,276,277,288,293,295,296,297,298],[2,5,17,20,23,25,37,43,47,55,57,62,63,68,71,76,77,81,84,89,95,98,101,110,114,115,117,118,119,120,122,123,126,127,130,134,135,140,145,147,151,155,156,158,160,164,165,169,170,174,178,180,199,202,205,206,207,210,215,218,220,221,224,240,248,250,252,255,256,262,264,275,278,279,287,289,291,300]].
[[7,10,11,12,21,28,29,31,32,34,39,42,45,54,56,65,73,79,80,90,91,92,94,100,104,105,116,121,125,131,132,133,138,141,142,143,144,152,153,159,161,168,173,176,179,184,187,188,189,190,192,196,203,209,212,213,216,217,219,230,232,233,241,243,245,253,258,260,265,274,276,277,288,293,295,296,297,298],[1,4,6,9,13,33,35,36,38,41,48,50,51,52,53,58,59,61,64,66,69,70,78,83,88,93,102,103,106,108,109,139,149,150,154,162,166,167,171,182,183,185,193,194,197,198,200,201,211,214,222,227,228,229,231,235,236,238,239,242,244,246,251,261,266,271,280,281,282,284,294,299],[3,8,14,15,16,18,19,22,24,26,27,30,40,44,46,49,60,67,72,74,75,82,85,86,87,96,97,99,107,111,112,113,124,128,129,136,137,146,148,157,163,172,175,177,181,186,191,195,204,208,223,225,226,234,237,247,249,254,257,259,263,267,268,269,270,272,273,283,285,286,290,292]].
[[1,4,6,9,13,33,35,36,38,41,48,50,51,52,53,58,59,61,64,66,69,70,78,83,88,93,102,103,106,108,109,139,149,150,154,162,166,167,171,182,183,185,193,194,197,198,200,201,211,214,222,227,228,229,231,235,236,238,239,242,244,246,251,261,266,271,280,281,282,284,294,299],[7,10,11,12,21,28,29,31,32,34,39,42,45,54,56,65,73,79,80,90,91,92,94,100,104,105,116,121,125,131,132,133,138,141,142,143,144,152,153,159,161,168,173,176,179,184,187,188,189,190,192,196,203,209,212,213,216,217,219,230,232,233,241,243,245,253,258,260,265,274,276,277,288,293,295,296,297,298],[2,5,17,20,23,25,37,43,47,55,57,62,63,68,71,76,77,81,84,89,95,98,101,110,114,115,117,118,119,120,122,123,126,127,130,134,135,140,145,147,151,155,156,158,160,164,165,169,170,174,178,180,199,202,205,206,207,210,215,218,220,221,224,240,248,250,252,255,256,262,264,275,278,279,287,289,291,300]].
[[1,4,6,9,13,33,35,36,38,41,48,50,51,52,53,58,59,61,64,66,69,70,78,83,88,93,102,103,106,108,109,139,149,150,154,162,166,167,171,182,183,185,193,194,197,198,200,201,211,214,222,227,228,229,231,235,236,238,239,242,244,246,251,261,266,271,280,281,282,284,294,299],[7,10,11,12,21,28,29,31,32,34,39,42,45,54,56,65,73,79,80,90,91,92,94,100,104,105,116,121,125,131,132,133,138,141,142,143,144,152,153,159,161,168,173,176,179,184,187,188,189,190,192,196,203,209,212,213,216,217,219,230,232,233,241,243,245,253,258,260,265,274,276,277,288,293,295,296,297,298],[2,5,17,20,23,25,37,43,47,55,57,62,63,68,71,76,77,81,84,89,95,98,101,110,114,115,117,118,119,120,122,123,126,127,130,134,135,140,145,147,151,155,156,158,160,164,165,169,170,174,178,180,199,202,205,206,207,210,215,218,220,221,224,240,248,250,252,255,256,262,264,275,278,279,287,289,291,300]].
[[7,10,11,12,21,28,29,31,32,34,39,42,45,54,56,65,73,79,80,90,91,92,94,100,104,105,116,121,125,131,132,133,138,141,142,143,144,152,153,159,161,168,173,176,179,184,187,188,189,190,192,196,203,209,212,213,216,217,219,230,232,233,241,243,245,253,258,260,265,274,276,277,288,293,295,296,297,298],[1,4,6,9,13,33,35,36,38,41,48,50,51,52,53,58,59,61,64,66,69,70,78,83,88,93,102,103,106,108,109,139,149,150,154,162,166,167,171,182,183,185,193,194,197,198,200,201,211,214,222,227,228,229,231,235,236,238,239,242,244,246,251,261,266,271,280,281,282,284,294,299],[3,8,14,15,16,18,19,22,24,26,27,30,40,44,46,49,60,67,72,74,75,82,85,86,87,96,97,99,107,111,112,113,124,128,129,136,137,146,148,157,163,172,175,177,181,186,191,195,204,208,223,225,226,234,237,247,249,254,257,259,263,267,268,269,270,272,273,283,285,286,290,292]].
[[1,4,6,9,13,33,35,36,38,41,48,50,51,52,53,58,59,61,64,66,69,70,78,83,88,93,102,103,106,108,109,139,149,150,154,162,166,167,171,182,183,185,193,194,197,198,200,201,211,214,222,227,228,229,231,235,236,238,239,242,244,246,251,261,266,271,280,281,282,284,294,299],[7,10,11,12,21,28,29,31,32,34,39,42,45,54,56,65,73,79,80,90,91,92,94,100,104,105,116,121,125,131,132,133,138,141,142,143,144,152,153,159,161,168,173,176,179,184,187,188,189,190,192,196,203,209,212,213,216,217,219,230,232,233,241,243,245,253,258,260,265,274,276,277,288,293,295,296,297,298],[2,5,17,20,23,25,37,43,47,55,57,62,63,68,71,76,77,81,84,89,95,98,101,110,114,115,117,118,119,120,122,123,126,127,130,134,135,140,145,147,151,155,156,158,160,164,165,169,170,174,178,180,199,202,205,206,207,210,215,218,220,221,224,240,248,250,252,255,256,262,264,275,278,279,287,289,291,300]].
[[3,8,14,15,16,18,19,22,24,26,27,30,40,44,46,49,60,67,72,74,75,82,85,86,87,96,97,99,107,111,112,113,124,128,129,136,137,146,148,157,163,172,175,177,181,186,191,195,204,208,223,225,226,234,237,247,249,254,257,259,263,267,268,269,270,272,273,283,285,286,290,292],[2,5,17,20,23,25,37,43,47,55,57,62,63,68,71,76,77,81,84,89,95,98,101,110,114,115,117,118,119,120,122,123,126,127,130,134,135,140,145,147,151,155,156,158,160,164,165,169,170,174,178,180,199,202,205,206,207,210,215,218,220,221,224,240,248,250,252,255,256,262,264,275,278,279,287,289,291,300],[7,10,11,12,21,28,29,31,32,34,39,42,45,54,56,65,73,79,80,90,91,92,94,100,104,105,116,121,125,131,132,133,138,141,142,143,144,152,153,159,161,168,173,176,179,184,187,188,189,190,192,196,203,209,212,213,216,217,219,230,232,233,241,243,245,253,258,260,265,274,276,277,288,293,295,296,297,298]].
[[2,5,17,20,23,25,37,43,47,55,57,62,63,68,71,76,77,81,84,89,95,98,101,110,114,115,117,118,119,120,122,123,126,127,130,134,135,140,145,147,151,155,156,158,160,164,165,169,170,174,178,180,199,202,205,206,207,210,215,218,220,221,224,240,248,250,252,255,256,262,264,275,278,279,287,289,291,300],[3,8,14,15,16,18,19,22,24,26,27,30,40,44,46,49,60,67,72,74,75,82,85,86,87,96,97,99,107,111,112,113,124,128,129,136,137,146,148,157,163,172,175,177,181,186,191,195,204,208,223,225,226,234,237,247,249,254,257,259,263,267,268,269,270,272,273,283,285,286,290,292],[1,4,6,9,13,33,35,36,38,41,48,50,51,52,53,58,59,61,64,66,69,70,78,83,88,93,102,103,106,108,109,139,149,150,154,162,166,167,171,182,183,185,193,194,197,198,200,201,211,214,222,227,228,229,231,235,236,238,239,242,244,246,251,261,266,271,280,281,282,284,294,299]].
[[7,10,11,12,21,28,29,31,32,34,39,42,45,54,56,65,73,79,80,90,91,92,94,100,104,105,116,121,125,131,132,133,138,141,142,143,144,152,153,159,161,168,173,176,179,184,187,188,189,190,192,196,203,209,212,213,216,217,219,230,232,233,241,243,245,253,258,260,265,274,276,277,288,293,295,296,297,298],[1,4,6,9,13,33,35,36,38,41,48,50,51,52,53,58,59,61,64,66,69,70,78,83,88,93,102,103,106,108,109,139,149,150,154,162,166,167,171,182,183,185,193,194,197,198,200,201,211,214,222,227,228,229,231,235,236,238,239,242,244,246,251,261,266,271,280,281,282,284,294,299],[3,8,14,15,16,18,19,22,24,26,27,30,40,44,46,49,60,67,72,74,75,82,85,86,87,96,97,99,107,111,112,113,124,128,129,136,137,146,148,157,163,172,175,177,181,186,191,195,204,208,223,225,226,234,237,247,249,254,257,259,263,267,268,269,270,272,273,283,285,286,290,292]].
[[7,10,11,12,21,28,29,31,32,34,39,42,45,54,56,65,73,79,80,90,91,92,94,100,104,105,116,121,125,131,132,133,138,141,142,143,144,152,153,159,161,168,173,176,179,184,187,188,189,190,192,196,203,209,212,213,216,217,219,230,232,233,241,243,245,253,258,260,265,274,276,277,288,293,295,296,297,298],[1,4,6,9,13,33,35,36,38,41,48,50,51,52,53,58,59,61,64,66,69,70,78,83,88,93,102,103,106,108,109,139,149,150,154,162,166,167,171,182,183,185,193,194,197,198,200,201,211,214,222,227,228,229,231,235,236,238,239,242,244,246,251,261,266,271,280,281,282,284,294,299],[3,8,14,15,16,18,19,22,24,26,27,30,40,44,46,49,60,67,72,74,75,82,85,86,87,96,97,99,107,111,112,113,124,128,129,136,137,146,148,157,163,172,175,177,181,186,191,195,204,208,223,225,226,234,237,247,249,254,257,259,263,267,268,269,270,272,273,283,285,286,290,292]].
[[2,5,17,20,23,25,37,43,47,55,57,62,63,68,71,76,77,81,84,89,95,98,101,110,114,115,117,118,119,120,122,123,126,127,130,134,135,140,145,147,151,155,156,158,160,164,165,169,170,174,178,180,199,202,205,206,207,210,215,218,220,221,224,240,248,250,252,255,256,262,264,275,278,279,287,289,291,300],[3,8,14,15,16,18,19,22,24,26,27,30,40,44,46,49,60,67,72,74,75,82,85,86,87,96,97,99,107,111,112,113,124,128,129,136,137,146,148,157,163,172,175,177,181,186,191,195,204,208,223,225,226,234,237,247,249,254,257,259,263,267,268,269,270,272,273,283,285,286,290,292],[1,4,6,9,13,33,35,36,38,41,48,50,51,52,53,58,59,61,64,66,69,70,78,83,88,93,102,103,106,108,109,139,149,150,154,162,166,167,171,182,183,185,193,194,197,198,200,201,211,214,222,227,228,229,231,235,236,238,239,242,244,246,251,261,266,271,280,281,282,284,294,299]].
[[1,4,6,9,13,33,35,36,38,41,48,50,51,52,53,58,59,61,64,66,69,70,78,83,88,93,102,103,106,108,109,139,149,150,154,162,166,167,171,182,183,185,193,194,197,198,200,201,211,214,222,227,228,229,231,235,236,238,239,242,244,246,251,261,266,271,280,281,282,284,294,299],[7,10,11,12,21,28,29,31,32,34,39,42,45,54,56,65,73,79,80,90,91,92,94,100,104,105,116,121,125,131,132,133,138,141,142,143,144,152,153,159,161,168,173,176,179,184,187,188,189,190,192,196,203,209,212,213,216,217,219,230,232,233,241,243,245,253,258,260,265,274,276,277,288,293,295,296,297,298],[2,5,17,20,23,25,37,43,47,55,57,62,63,68,71,76,77,81,84,89,95,98,101,110,114,115,117,118,119,120,122,123,126,127,130,134,135,140,145,147,151,155,156,158,160,164,165,169,170,174,178,180,199,202,205,206,207,210,215,218,220,221,224,240,248,250,252,255,256,262,264,275,278,279,287,289,291,300]].
