[[10,12,14,20,22,23,27,28,29,32,37,39,52,53,55,56,58,59,61,64,68,71,76,91,92,95,99,103,109,113,118,123,125,129,133,144,145,146,148,152,156,160,166,168,169,173,179,183,190,203,211,221,223,224,227,228,229,234,237,238,242,246,248,251,257,261,265,267,274,275,276,277,279,282,290,294,296],[1,2,5,9,11,15,24,25,30,34,41,50,57,60,77,79,81,84,88,89,94,101,102,105,106,108,112,115,116,124,136,137,138,142,151,153,154,159,164,171,176,177,182,184,186,192,196,198,200,202,205,214,222,230,232,236,239,243,244,247,252,254,256,262,266,268,270,283,288,292,293,297,300],[4,6,7,16,17,19,21,31,36,40,44,45,49,51,62,66,67,72,73,80,83,86,87,90,98,110,114,117,126,127,128,130,132,135,147,149,150,155,161,162,163,167,172,174,175,178,187,188,189,191,193,194,197,199,204,209,212,215,233,240,245,249,253,259,260,269,271,273,278,280,285,289,295]].
[[10,12,14,20,22,23,27,28,29,32,37,39,52,53,55,56,58,59,61,64,68,71,76,91,92,95,99,103,109,113,118,123,125,129,133,144,145,146,148,152,156,160,166,168,169,173,179,183,190,203,211,221,223,224,227,228,229,234,237,238,242,246,248,251,257,261,265,267,274,275,276,277,279,282,290,294,296],[1,2,5,9,11,15,24,25,30,34,41,50,57,60,77,79,81,84,88,89,94,101,102,105,106,108,112,115,116,124,136,137,138,142,151,153,154,159,164,171,176,177,182,184,186,192,196,198,200,202,205,214,222,230,232,236,239,243,244,247,252,254,256,262,266,268,270,283,288,292,293,297,300],[4,6,7,16,17,19,21,31,36,40,44,45,49,51,62,66,67,72,73,80,83,86,87,90,98,110,114,117,126,127,128,130,132,135,147,149,150,155,161,162,163,167,172,174,175,178,187,188,189,191,193,194,197,199,204,209,212,215,233,240,245,249,253,259,260,269,271,273,278,280,285,289,295]].
[[10,12,14,20,22,23,27,28,29,32,37,39,52,53,55,56,58,59,61,64,68,71,76,91,92,95,99,103,109,113,118,123,125,129,133,144,145,146,148,152,156,160,166,168,169,173,179,183,190,203,211,221,223,224,227,228,229,234,237,238,242,246,248,251,257,261,265,267,274,275,276,277,279,282,290,294,296],[1,2,5,9,11,15,24,25,30,34,41,50,57,60,77,79,81,84,88,89,94,101,102,105,106,108,112,115,116,124,136,137,138,142,151,153,154,159,164,171,176,177,182,184,186,192,196,198,200,202,205,214,222,230,232,236,239,243,244,247,252,254,256,262,266,268,270,283,288,292,293,297,300],[4,6,7,16,17,19,21,31,36,40,44,45,49,51,62,66,67,72,73,80,83,86,87,90,98,110,114,117,126,127,128,130,132,135,147,149,150,155,161,162,163,167,172,174,175,178,187,188,189,191,193,194,197,199,204,209,212,215,233,240,245,249,253,259,260,269,271,273,278,280,285,289,295]].
[[3,8,13,18,26,33,35,38,42,43,46,47,48,54,63,65,69,70,74,75,78,82,85,93,96,97,100,104,107,111,119,120,121,122,131,134,139,140,141,143,157,158,165,170,180,181,185,195,201,206,207,208,210,213,216,217,218,219,220,225,226,231,235,241,250,255,258,263,264,272,281,284,286,287,291,298,299],[4,6,7,16,17,19,21,31,36,40,44,45,49,51,62,66,67,72,73,80,83,86,87,90,98,110,114,117,126,127,128,130,132,135,147,149,150,155,161,162,163,167,172,174,175,178,187,188,189,191,193,194,197,199,204,209,212,215,233,240,245,249,253,259,260,269,271,273,278,280,285,289,295],[1,2,5,9,11,15,24,25,30,34,41,50,57,60,77,79,81,84,88,89,94,101,102,105,106,108,112,115,116,124,136,137,138,142,151,153,154,159,164,171,176,177,182,184,186,192,196,198,200,202,205,214,222,230,232,236,239,243,244,247,252,254,256,262,266,268,270,283,288,292,293,297,300]].
[[3,8,13,18,26,33,35,38,42,43,46,47,48,54,63,65,69,70,74,75,78,82,85,93,96,97,100,104,107,111,119,120,121,122,131,134,139,140,141,143,157,158,165,170,180,181,185,195,201,206,207,208,210,213,216,217,218,219,220,225,226,231,235,241,250,255,258,263,264,272,281,284,286,287,291,298,299],[4,6,7,16,17,19,21,31,36,40,44,45,49,51,62,66,67,72,73,80,83,86,87,90,98,110,114,117,126,127,128,130,132,135,147,149,150,155,161,162,163,167,172,174,175,178,187,188,189,191,193,194,197,199,204,209,212,215,233,240,245,249,253,259,260,269,271,273,278,280,285,289,295],[1,2,5,9,11,15,24,25,30,34,41,50,57,60,77,79,81,84,88,89,94,101,102,105,106,108,112,115,116,124,136,137,138,142,151,153,154,159,164,171,176,177,182,184,186,192,196,198,200,202,205,214,222,230,232,236,239,243,244,247,252,254,256,262,266,268,270,283,288,292,293,297,300]].
[[1,2,5,9,11,15,24,25,30,34,41,50,57,60,77,79,81,84,88,89,94,101,102,105,106,108,112,115,116,124,136,137,138,142,151,153,154,159,164,171,176,177,182,184,186,192,196,198,200,202,205,214,222,230,232,236,239,243,244,247,252,254,256,262,266,268,270,283,288,292,293,297,300],[10,12,14,20,22,23,27,28,29,32,37,39,52,53,55,56,58,59,61,64,68,71,76,91,92,95,99,103,109,113,118,123,125,129,133,144,145,146,148,152,156,160,166,168,169,173,179,183,190,203,211,221,223,224,227,228,229,234,237,238,242,246,248,251,257,261,265,267,274,275,276,277,279,282,290,294,296],[3,8,13,18,26,33,35,38,42,43,46,47,48,54,63,65,69,70,74,75,78,82,85,93,96,97,100,104,107,111,119,120,121,122,131,134,139,140,141,143,157,158,165,170,180,181,185,195,201,206,207,208,210,213,216,217,218,219,220,225,226,231,235,241,250,255,258,263,264,272,281,284,286,287,291,298,299]].
[[10,12,14,20,22,23,27,28,29,32,37,39,52,53,55,56,58,59,61,64,68,71,76,91,92,95,99,103,109,113,118,123,125,129,133,144,145,146,148,152,156,160,166,168,169,173,179,183,190,203,211,221,223,224,227,228,229,234,237,238,242,246,248,251,257,261,265,267,274,275,276,277,279,282,290,294,296],[1,2,5,9,11,15,24,25,30,34,41,50,57,60,77,79,81,84,88,89,94,101,102,105,106,108,112,115,116,124,136,137,138,142,151,153,154,159,164,171,176,177,182,184,186,192,196,198,200,202,205,214,222,230,232,236,239,243,244,247,252,254,256,262,266,268,270,283,288,292,293,297,300],[4,6,7,16,17,19,21,31,36,40,44,45,49,51,62,66,67,72,73,80,83,86,87,90,98,110,114,117,126,127,128,130,132,135,147,149,150,155,161,162,163,167,172,174,175,178,187,188,189,191,193,194,197,199,204,209,212,215,233,240,245,249,253,259,260,269,271,273,278,280,285,289,295]].
[[10,12,14,20,22,23,27,28,29,32,37,39,52,53,55,56,58,59,61,64,68,71,76,91,92,95,99,103,109,113,118,123,125,129,133,144,145,146,148,152,156,160,166,168,169,173,179,183,190,203,211,221,223,224,227,228,229,234,237,238,242,246,248,251,257,261,265,267,274,275,276,277,279,282,290,294,296],[1,2,5,9,11,15,24,25,30,34,41,50,57,60,77,79,81,84,88,89,94,101,102,105,106,108,112,115,116,124,136,137,138,142,151,153,154,159,164,171,176,177,182,184,186,192,196,198,200,202,205,214,222,230,232,236,239,243,244,247,252,254,256,262,266,268,270,283,288,292,293,297,300],[4,6,7,16,17,19,21,31,36,40,44,45,49,51,62,66,67,72,73,80,83,86,87,90,98,110,114,117,126,127,128,130,132,135,147,149,150,155,161,162,163,167,172,174,175,178,187,188,189,191,193,194,197,199,204,209,212,215,233,240,245,249,253,259,260,269,271,273,278,280,285,289,295]].
[[10,12,14,20,22,23,27,28,29,32,37,39,52,53,55,56,58,59,61,64,68,71,76,91,92,95,99,103,109,113,118,123,125,129,133,144,145,146,148,152,156,160,166,168,169,173,179,183,190,203,211,221,223,224,227,228,229,234,237,238,242,246,248,251,257,261,265,267,274,275,276,277,279,282,290,294,296],[1,2,5,9,11,15,24,25,30,34,41,50,57,60,77,79,81,84,88,89,94,101,102,105,106,108,112,115,116,124,136,137,138,142,151,153,154,159,164,171,176,177,182,184,186,192,196,198,200,202,205,214,222,230,232,236,239,243,244,247,252,254,256,262,266,268,270,283,288,292,293,297,300],[4,6,7,16,17,19,21,31,36,40,44,45,49,51,62,66,67,72,73,80,83,86,87,90,98,110,114,117,126,127,128,130,132,135,147,149,150,155,161,162,163,167,172,174,175,178,187,188,189,191,193,194,197,199,204,209,212,215,233,240,245,249,253,259,260,269,271,273,278,280,285,289,295]].
[[10,12,14,20,22,23,27,28,29,32,37,39,52,53,55,56,58,59,61,64,68,71,76,91,92,95,99,103,109,113,118,123,125,129,133,144,145,146,148,152,156,160,166,168,169,173,179,183,190,203,211,221,223,224,227,228,229,234,237,238,242,246,248,251,257,261,265,267,274,275,276,277,279,282,290,294,296],[1,2,5,9,11,15,24,25,30,34,41,50,57,60,77,79,81,84,88,89,94,101,102,105,106,108,112,115,116,124,136,137,138,142,151,153,154,159,164,171,176,177,182,184,186,192,196,198,200,202,205,214,222,230,232,236,239,243,244,247,252,254,256,262,266,268,270,283,288,292,293,297,300],[4,6,7,16,17,19,21,31,36,40,44,45,49,51,62,66,67,72,73,80,83,86,87,90,98,110,114,117,126,127,128,130,132,135,147,149,150,155,161,162,163,167,172,174,175,178,187,188,189,191,193,194,197,199,204,209,212,215,233,240,245,249,253,259,260,269,271,273,278,280,285,289,295]].
[[10,12,14,20,22,23,27,28,29,32,37,39,52,53,55,56,58,59,61,64,68,71,76,91,92,95,99,103,109,113,118,123,125,129,133,144,145,146,148,152,156,160,166,168,169,173,179,183,190,203,211,221,223,224,227,228,229,234,237,238,242,246,248,251,257,261,265,267,274,275,276,277,279,282,290,294,296],[1,2,5,9,11,15,24,25,30,34,41,50,57,60,77,79,81,84,88,89,94,101,102,105,106,108,112,115,116,124,136,137,138,142,151,153,154,159,164,171,176,177,182,184,186,192,196,198,200,202,205,214,222,230,232,236,239,243,244,247,252,254,256,262,266,268,270,283,288,292,293,297,300],[4,6,7,16,17,19,21,31,36,40,44,45,49,51,62,66,67,72,73,80,83,86,87,90,98,110,114,117,126,127,128,130,132,135,147,149,150,155,161,162,163,167,172,174,175,178,187,188,189,191,193,194,197,199,204,209,212,215,233,240,245,249,253,259,260,269,271,273,278,280,285,289,295]].
[[4,6,7,16,17,19,21,31,36,40,44,45,49,51,62,66,67,72,73,80,83,86,87,90,98,110,114,117,126,127,128,130,132,135,147,149,150,155,161,162,163,167,172,174,175,178,187,188,189,191,193,194,197,199,204,209,212,215,233,240,245,249,253,259,260,269,271,273,278,280,285,289,295],[3,8,13,18,26,33,35,38,42,43,46,47,48,54,63,65,69,70,74,75,78,82,85,93,96,97,100,104,107,111,119,120,121,122,131,134,139,140,141,143,157,158,165,170,180,181,185,195,201,206,207,208,210,213,216,217,218,219,220,225,226,231,235,241,250,255,258,263,264,272,281,284,286,287,291,298,299],[10,12,14,20,22,23,27,28,29,32,37,39,52,53,55,56,58,59,61,64,68,71,76,91,92,95,99,103,109,113,118,123,125,129,133,144,145,146,148,152,156,160,166,168,169,173,179,183,190,203,211,221,223,224,227,228,229,234,237,238,242,246,248,251,257,261,265,267,274,275,276,277,279,282,290,294,296]].
[[1,2,5,9,11,15,24,25,30,34,41,50,57,60,77,79,81,84,88,89,94,101,102,105,106,108,112,115,116,124,136,137,138,142,151,153,154,159,164,171,176,177,182,184,186,192,196,198,200,202,205,214,222,230,232,236,239,243,244,247,252,254,256,262,266,268,270,283,288,292,293,297,300],[10,12,14,20,22,23,27,28,29,32,37,39,52,53,55,56,58,59,61,64,68,71,76,91,92,95,99,103,109,113,118,123,125,129,133,144,145,146,148,152,156,160,166,168,169,173,179,183,190,203,211,221,223,224,227,228,229,234,237,238,242,246,248,251,257,261,265,267,274,275,276,277,279,282,290,294,296],[3,8,13,18,26,33,35,38,42,43,46,47,48,54,63,65,69,70,74,75,78,82,85,93,96,97,100,104,107,111,119,120,121,122,131,134,139,140,141,143,157,158,165,170,180,181,185,195,201,206,207,208,210,213,216,217,218,219,220,225,226,231,235,241,250,255,258,263,264,272,281,284,286,287,291,298,299]].
[[10,12,14,20,22,23,27,28,29,32,37,39,52,53,55,56,58,59,61,64,68,71,76,91,92,95,99,103,109,113,118,123,125,129,133,144,145,146,148,152,156,160,166,168,169,173,179,183,190,203,211,221,223,224,227,228,229,234,237,238,242,246,248,251,257,261,265,267,274,275,276,277,279,282,290,294,296],[1,2,5,9,11,15,24,25,30,34,41,50,57,60,77,79,81,84,88,89,94,101,102,105,106,108,112,115,116,124,136,137,138,142,151,153,154,159,164,171,176,177,182,184,186,192,196,198,200,202,205,214,222,230,232,236,239,243,244,247,252,254,256,262,266,268,270,283,288,292,293,297,300],[4,6,7,16,17,19,21,31,36,40,44,45,49,51,62,66,67,72,73,80,83,86,87,90,98,110,114,117,126,127,128,130,132,135,147,149,150,155,161,162,163,167,172,174,175,178,187,188,189,191,193,194,197,199,204,209,212,215,233,240,245,249,253,259,260,269,271,273,278,280,285,289,295]].
[[1,2,5,9,11,15,24,25,30,34,41,50,57,60,77,79,81,84,88,89,94,101,102,105,106,108,112,115,116,124,136,137,138,142,151,153,154,159,164,171,176,177,182,184,186,192,196,198,200,202,205,214,222,230,232,236,239,243,244,247,252,254,256,262,266,268,270,283,288,292,293,297,300],[10,12,14,20,22,23,27,28,29,32,37,39,52,53,55,56,58,59,61,64,68,71,76,91,92,95,99,103,109,113,118,123,125,129,133,144,145,146,148,152,156,160,166,168,169,173,179,183,190,203,211,221,223,224,227,228,229,234,237,238,242,246,248,251,257,261,265,267,274,275,276,277,279,282,290,294,296],[3,8,13,18,26,33,35,38,42,43,46,47,48,54,63,65,69,70,74,75,78,82,85,93,96,97,100,104,107,111,119,120,121,122,131,134,139,140,141,143,157,158,165,170,180,181,185,195,201,206,207,208,210,213,216,217,218,219,220,225,226,231,235,241,250,255,258,263,264,272,281,284,286,287,291,298,299]].
[[3,8,13,18,26,33,35,38,42,43,46,47,48,54,63,65,69,70,74,75,78,82,85,93,96,97,100,104,107,111,119,120,121,122,131,134,139,140,141,143,157,158,165,170,180,181,185,195,201,206,207,208,210,213,216,217,218,219,220,225,226,231,235,241,250,255,258,263,264,272,281,284,286,287,291,298,299],[4,6,7,16,17,19,21,31,36,40,44,45,49,51,62,66,67,72,73,80,83,86,87,90,98,110,114,117,126,127,128,130,132,135,147,149,150,155,161,162,163,167,172,174,175,178,187,188,189,191,193,194,197,199,204,209,212,215,233,240,245,249,253,259,260,269,271,273,278,280,285,289,295],[1,2,5,9,11,15,24,25,30,34,41,50,57,60,77,79,81,84,88,89,94,101,102,105,106,108,112,115,116,124,136,137,138,142,151,153,154,159,164,171,176,177,182,184,186,192,196,198,200,202,205,214,222,230,232,236,239,243,244,247,252,254,256,262,266,268,270,283,288,292,293,297,300]].
[[4,6,7,16,17,19,21,31,36,40,44,45,49,51,62,66,67,72,73,80,83,86,87,90,98,110,114,117,126,127,128,130,132,135,147,149,150,155,161,162,163,167,172,174,175,178,187,188,189,191,193,194,197,199,204,209,212,215,233,240,245,249,253,259,260,269,271,273,278,280,285,289,295],[3,8,13,18,26,33,35,38,42,43,46,47,48,54,63,65,69,70,74,75,78,82,85,93,96,97,100,104,107,111,119,120,121,122,131,134,139,140,141,143,157,158,165,170,180,181,185,195,201,206,207,208,210,213,216,217,218,219,220,225,226,231,235,241,250,255,258,263,264,272,281,284,286,287,291,298,299],[10,12,14,20,22,23,27,28,29,32,37,39,52,53,55,56,58,59,61,64,68,71,76,91,92,95,99,103,109,113,118,123,125,129,133,144,145,146,148,152,156,160,166,168,169,173,179,183,190,203,211,221,223,224,227,228,229,234,237,238,242,246,248,251,257,261,265,267,274,275,276,277,279,282,290,294,296]].
[[10,12,14,20,22,23,27,28,29,32,37,39,52,53,55,56,58,59,61,64,68,71,76,91,92,95,99,103,109,113,118,123,125,129,133,144,145,146,148,152,156,160,166,168,169,173,179,183,190,203,211,221,223,224,227,228,229,234,237,238,242,246,248,251,257,261,265,267,274,275,276,277,279,282,290,294,296],[1,2,5,9,11,15,24,25,30,34,41,50,57,60,77,79,81,84,88,89,94,101,102,105,106,108,112,115,116,124,136,137,138,142,151,153,154,159,164,171,176,177,182,184,186,192,196,198,200,202,205,214,222,230,232,236,239,243,244,247,252,254,256,262,266,268,270,283,288,292,293,297,300],[4,6,7,16,17,19,21,31,36,40,44,45,49,51,62,66,67,72,73,80,83,86,87,90,98,110,114,117,126,127,128,130,132,135,147,149,150,155,161,162,163,167,172,174,175,178,187,188,189,191,193,194,197,199,204,209,212,215,233,240,245,249,253,259,260,269,271,273,278,280,285,289,295]].
[[10,12,14,20,22,23,27,28,29,32,37,39,52,53,55,56,58,59,61,64,68,71,76,91,92,95,99,103,109,113,118,123,125,129,133,144,145,146,148,152,156,160,166,168,169,173,179,183,190,203,211,221,223,224,227,228,229,234,237,238,242,246,248,251,257,261,265,267,274,275,276,277,279,282,290,294,296],[1,2,5,9,11,15,24,25,30,34,41,50,57,60,77,79,81,84,88,89,94,101,102,105,106,108,112,115,116,124,136,137,138,142,151,153,154,159,164,171,176,177,182,184,186,192,196,198,200,202,205,214,222,230,232,236,239,243,244,247,252,254,256,262,266,268,270,283,288,292,293,297,300],[4,6,7,16,17,19,21,31,36,40,44,45,49,51,62,66,67,72,73,80,83,86,87,90,98,110,114,117,126,127,128,130,132,135,147,149,150,155,161,162,163,167,172,174,175,178,187,188,189,191,193,194,197,199,204,209,212,215,233,240,245,249,253,259,260,269,271,273,278,280,285,289,295]].
[[1,2,5,9,11,15,24,25,30,34,41,50,57,60,77,79,81,84,88,89,94,101,102,105,106,108,112,115,116,124,136,137,138,142,151,153,154,159,164,171,176,177,182,184,186,192,196,198,200,202,205,214,222,230,232,236,239,243,244,247,252,254,256,262,266,268,270,283,288,292,293,297,300],[10,12,14,20,22,23,27,28,29,32,37,39,52,53,55,56,58,59,61,64,68,71,76,91,92,95,99,103,109,113,118,123,125,129,133,144,145,146,148,152,156,160,166,168,169,173,179,183,190,203,211,221,223,224,227,228,229,234,237,238,242,246,248,251,257,261,265,267,274,275,276,277,279,282,290,294,296],[3,8,13,18,26,33,35,38,42,43,46,47,48,54,63,65,69,70,74,75,78,82,85,93,96,97,100,104,107,111,119,120,121,122,131,134,139,140,141,143,157,158,165,170,180,181,185,195,201,206,207,208,210,213,216,217,218,219,220,225,226,231,235,241,250,255,258,263,264,272,281,284,286,287,291,298,299]].
[[1,2,5,9,11,15,24,25,30,34,41,50,57,60,77,79,81,84,88,89,94,101,102,105,106,108,112,115,116,124,136,137,138,142,151,153,154,159,164,171,176,177,182,184,186,192,196,198,200,202,205,214,222,230,232,236,239,243,244,247,252,254,256,262,266,268,270,283,288,292,293,297,300],[10,12,14,20,22,23,27,28,29,32,37,39,52,53,55,56,58,59,61,64,68,71,76,91,92,95,99,103,109,113,118,123,125,129,133,144,145,146,148,152,156,160,166,168,169,173,179,183,190,203,211,221,223,224,227,228,229,234,237,238,242,246,248,251,257,261,265,267,274,275,276,277,279,282,290,294,296],[3,8,13,18,26,33,35,38,42,43,46,47,48,54,63,65,69,70,74,75,78,82,85,93,96,97,100,104,107,111,119,120,121,122,131,134,139,140,141,143,157,158,165,170,180,181,185,195,201,206,207,208,210,213,216,217,218,219,220,225,226,231,235,241,250,255,258,263,264,272,281,284,286,287,291,298,299]].
[[4,6,7,16,17,19,21,31,36,40,44,45,49,51,62,66,67,72,73,80,83,86,87,90,98,110,114,117,126,127,128,130,132,135,147,149,150,155,161,162,163,167,172,174,175,178,187,188,189,191,193,194,197,199,204,209,212,215,233,240,245,249,253,259,260,269,271,273,278,280,285,289,295],[3,8,13,18,26,33,35,38,42,43,46,47,48,54,63,65,69,70,74,75,78,82,85,93,96,97,100,104,107,111,119,120,121,122,131,134,139,140,141,143,157,158,165,170,180,181,185,195,201,206,207,208,210,213,216,217,218,219,220,225,226,231,235,241,250,255,258,263,264,272,281,284,286,287,291,298,299],[10,12,14,20,22,23,27,28,29,32,37,39,52,53,55,56,58,59,61,64,68,71,76,91,92,95,99,103,109,113,118,123,125,129,133,144,145,146,148,152,156,160,166,168,169,173,179,183,190,203,211,221,223,224,227,228,229,234,237,238,242,246,248,251,257,261,265,267,274,275,276,277,279,282,290,294,296]].
[[4,6,7,16,17,19,21,31,36,40,44,45,49,51,62,66,67,72,73,80,83,86,87,90,98,110,114,117,126,127,128,130,132,135,147,149,150,155,161,162,163,167,172,174,175,178,187,188,189,191,193,194,197,199,204,209,212,215,233,240,245,249,253,259,260,269,271,273,278,280,285,289,295],[3,8,13,18,26,33,35,38,42,43,46,47,48,54,63,65,69,70,74,75,78,82,85,93,96,97,100,104,107,111,119,120,121,122,131,134,139,140,141,143,157,158,165,170,180,181,185,195,201,206,207,208,210,213,216,217,218,219,220,225,226,231,235,241,250,255,258,263,264,272,281,284,286,287,291,298,299],[10,12,14,20,22,23,27,28,29,32,37,39,52,53,55,56,58,59,61,64,68,71,76,91,92,95,99,103,109,113,118,123,125,129,133,144,145,146,148,152,156,160,166,168,169,173,179,183,190,203,211,221,223,224,227,228,229,234,237,238,242,246,248,251,257,261,265,267,274,275,276,277,279,282,290,294,296]].
[[10,12,14,20,22,23,27,28,29,32,37,39,52,53,55,56,58,59,61,64,68,71,76,91,92,95,99,103,109,113,118,123,125,129,133,144,145,146,148,152,156,160,166,168,169,173,179,183,190,203,211,221,223,224,227,228,229,234,237,238,242,246,248,251,257,261,265,267,274,275,276,277,279,282,290,294,296],[1,2,5,9,11,15,24,25,30,34,41,50,57,60,77,79,81,84,88,89,94,101,102,105,106,108,112,115,116,124,136,137,138,142,151,153,154,159,164,171,176,177,182,184,186,192,196,198,200,202,205,214,222,230,232,236,239,243,244,247,252,254,256,262,266,268,270,283,288,292,293,297,300],[4,6,7,16,17,19,21,31,36,40,44,45,49,51,62,66,67,72,73,80,83,86,87,90,98,110,114,117,126,127,128,130,132,135,147,149,150,155,161,162,163,167,172,174,175,178,187,188,189,191,193,194,197,199,204,209,212,215,233,240,245,249,253,259,260,269,271,273,278,280,285,289,295]].
[[4,6,7,16,17,19,21,31,36,40,44,45,49,51,62,66,67,72,73,80,83,86,87,90,98,110,114,117,126,127,128,130,132,135,147,149,150,155,161,162,163,167,172,174,175,178,187,188,189,191,193,194,197,199,204,209,212,215,233,240,245,249,253,259,260,269,271,273,278,280,285,289,295],[3,8,13,18,26,33,35,38,42,43,46,47,48,54,63,65,69,70,74,75,78,82,85,93,96,97,100,104,107,111,119,120,121,122,131,134,139,140,141,143,157,158,165,170,180,181,185,195,201,206,207,208,210,213,216,217,218,219,220,225,226,231,235,241,250,255,258,263,264,272,281,284,286,287,291,298,299],[10,12,14,20,22,23,27,28,29,32,37,39,52,53,55,56,58,59,61,64,68,71,76,91,92,95,99,103,109,113,118,123,125,129,133,144,145,146,148,152,156,160,166,168,169,173,179,183,190,203,211,221,223,224,227,228,229,234,237,238,242,246,248,251,257,261,265,267,274,275,276,277,279,282,290,294,296]].
[[10,12,14,20,22,23,27,28,29,32,37,39,52,53,55,56,58,59,61,64,68,71,76,91,92,95,99,103,109,113,118,123,125,129,133,144,145,146,148,152,156,160,166,168,169,173,179,183,190,203,211,221,223,224,227,228,229,234,237,238,242,246,248,251,257,261,265,267,274,275,276,277,279,282,290,294,296],[1,2,5,9,11,15,24,25,30,34,41,50,57,60,77,79,81,84,88,89,94,101,102,105,106,108,112,115,116,124,136,137,138,142,151,153,154,159,164,171,176,177,182,184,186,192,196,198,200,202,205,214,222,230,232,236,239,243,244,247,252,254,256,262,266,268,270,283,288,292,293,297,300],[4,6,7,16,17,19,21,31,36,40,44,45,49,51,62,66,67,72,73,80,83,86,87,90,98,110,114,117,126,127,128,130,132,135,147,149,150,155,161,162,163,167,172,174,175,178,187,188,189,191,193,194,197,199,204,209,212,215,233,240,245,249,253,259,260,269,271,273,278,280,285,289,295]].
[[10,12,14,20,22,23,27,28,29,32,37,39,52,53,55,56,58,59,61,64,68,71,76,91,92,95,99,103,109,113,118,123,125,129,133,144,145,146,148,152,156,160,166,168,169,173,179,183,190,203,211,221,223,224,227,228,229,234,237,238,242,246,248,251,257,261,265,267,274,275,276,277,279,282,290,294,296],[1,2,5,9,11,15,24,25,30,34,41,50,57,60,77,79,81,84,88,89,94,101,102,105,106,108,112,115,116,124,136,137,138,142,151,153,154,159,164,171,176,177,182,184,186,192,196,198,200,202,205,214,222,230,232,236,239,243,244,247,252,254,256,262,266,268,270,283,288,292,293,297,300],[4,6,7,16,17,19,21,31,36,40,44,45,49,51,62,66,67,72,73,80,83,86,87,90,98,110,114,117,126,127,128,130,132,135,147,149,150,155,161,162,163,167,172,174,175,178,187,188,189,191,193,194,197,199,204,209,212,215,233,240,245,249,253,259,260,269,271,273,278,280,285,289,295]].
[[10,12,14,20,22,23,27,28,29,32,37,39,52,53,55,56,58,59,61,64,68,71,76,91,92,95,99,103,109,113,118,123,125,129,133,144,145,146,148,152,156,160,166,168,169,173,179,183,190,203,211,221,223,224,227,228,229,234,237,238,242,246,248,251,257,261,265,267,274,275,276,277,279,282,290,294,296],[1,2,5,9,11,15,24,25,30,34,41,50,57,60,77,79,81,84,88,89,94,101,102,105,106,108,112,115,116,124,136,137,138,142,151,153,154,159,164,171,176,177,182,184,186,192,196,198,200,202,205,214,222,230,232,236,239,243,244,247,252,254,256,262,266,268,270,283,288,292,293,297,300],[4,6,7,16,17,19,21,31,36,40,44,45,49,51,62,66,67,72,73,80,83,86,87,90,98,110,114,117,126,127,128,130,132,135,147,149,150,155,161,162,163,167,172,174,175,178,187,188,189,191,193,194,197,199,204,209,212,215,233,240,245,249,253,259,260,269,271,273,278,280,285,289,295]].
[[10,12,14,20,22,23,27,28,29,32,37,39,52,53,55,56,58,59,61,64,68,71,76,91,92,95,99,103,109,113,118,123,125,129,133,144,145,146,148,152,156,160,166,168,169,173,179,183,190,203,211,221,223,224,227,228,229,234,237,238,242,246,248,251,257,261,265,267,274,275,276,277,279,282,290,294,296],[1,2,5,9,11,15,24,25,30,34,41,50,57,60,77,79,81,84,88,89,94,101,102,105,106,108,112,115,116,124,136,137,138,142,151,153,154,159,164,171,176,177,182,184,186,192,196,198,200,202,205,214,222,230,232,236,239,243,244,247,252,254,256,262,266,268,270,283,288,292,293,297,300],[4,6,7,16,17,19,21,31,36,40,44,45,49,51,62,66,67,72,73,80,83,86,87,90,98,110,114,117,126,127,128,130,132,135,147,149,150,155,161,162,163,167,172,174,175,178,187,188,189,191,193,194,197,199,204,209,212,215,233,240,245,249,253,259,260,269,271,273,278,280,285,289,295]].
[[3,8,13,18,26,33,35,38,42,43,46,47,48,54,63,65,69,70,74,75,78,82,85,93,96,97,100,104,107,111,119,120,121,122,131,134,139,140,141,143,157,158,165,170,180,181,185,195,201,206,207,208,210,213,216,217,218,219,220,225,226,231,235,241,250,255,258,263,264,272,281,284,286,287,291,298,299],[4,6,7,16,17,19,21,31,36,40,44,45,49,51,62,66,67,72,73,80,83,86,87,90,98,110,114,117,126,127,128,130,132,135,147,149,150,155,161,162,163,167,172,174,175,178,187,188,189,191,193,194,197,199,204,209,212,215,233,240,245,249,253,259,260,269,271,273,278,280,285,289,295],[1,2,5,9,11,15,24,25,30,34,41,50,57,60,77,79,81,84,88,89,94,101,102,105,106,108,112,115,116,124,136,137,138,142,151,153,154,159,164,171,176,177,182,184,186,192,196,198,200,202,205,214,222,230,232,236,239,243,244,247,252,254,256,262,266,268,270,283,288,292,293,297,300]].
[[10,12,14,20,22,23,27,28,29,32,37,39,52,53,55,56,58,59,61,64,68,71,76,91,92,95,99,103,109,113,118,123,125,129,133,144,145,146,148,152,156,160,166,168,169,173,179,183,190,203,211,221,223,224,227,228,229,234,237,238,242,246,248,251,257,261,265,267,274,275,276,277,279,282,290,294,296],[1,2,5,9,11,15,24,25,30,34,41,50,57,60,77,79,81,84,88,89,94,101,102,105,106,108,112,115,116,124,136,137,138,142,151,153,154,159,164,171,176,177,182,184,186,192,196,198,200,202,205,214,222,230,232,236,239,243,244,247,252,254,256,262,266,268,270,283,288,292,293,297,300],[4,6,7,16,17,19,21,31,36,40,44,45,49,51,62,66,67,72,73,80,83,86,87,90,98,110,114,117,126,127,128,130,132,135,147,149,150,155,161,162,163,167,172,174,175,178,187,188,189,191,193,194,197,199,204,209,212,215,233,240,245,249,253,259,260,269,271,273,278,280,285,289,295]].
[[4,6,7,16,17,19,21,31,36,40,44,45,49,51,62,66,67,72,73,80,83,86,87,90,98,110,114,117,126,127,128,130,132,135,147,149,150,155,161,162,163,167,172,174,175,178,187,188,189,191,193,194,197,199,204,209,212,215,233,240,245,249,253,259,260,269,271,273,278,280,285,289,295],[3,8,13,18,26,33,35,38,42,43,46,47,48,54,63,65,69,70,74,75,78,82,85,93,96,97,100,104,107,111,119,120,121,122,131,134,139,140,141,143,157,158,165,170,180,181,185,195,201,206,207,208,210,213,216,217,218,219,220,225,226,231,235,241,250,255,258,263,264,272,281,284,286,287,291,298,299],[10,12,14,20,22,23,27,28,29,32,37,39,52,53,55,56,58,59,61,64,68,71,76,91,92,95,99,103,109,113,118,123,125,129,133,144,145,146,148,152,156,160,166,168,169,173,179,183,190,203,211,221,223,224,227,228,229,234,237,238,242,246,248,251,257,261,265,267,274,275,276,277,279,282,290,294,296]].
[[10,12,14,20,22,23,27,28,29,32,37,39,52,53,55,56,58,59,61,64,68,71,76,91,92,95,99,103,109,113,118,123,125,129,133,144,145,146,148,152,156,160,166,168,169,173,179,183,190,203,211,221,223,224,227,228,229,234,237,238,242,246,248,251,257,261,265,267,274,275,276,277,279,282,290,294,296],[1,2,5,9,11,15,24,25,30,34,41,50,57,60,77,79,81,84,88,89,94,101,102,105,106,108,112,115,116,124,136,137,138,142,151,153,154,159,164,171,176,177,182,184,186,192,196,198,200,202,205,214,222,230,232,236,239,243,244,247,252,254,256,262,266,268,270,283,288,292,293,297,300],[4,6,7,16,17,19,21,31,36,40,44,45,49,51,62,66,67,72,73,80,83,86,87,90,98,110,114,117,126,127,128,130,132,135,147,149,150,155,161,162,163,167,172,174,175,178,187,188,189,191,193,194,197,199,204,209,212,215,233,240,245,249,253,259,260,269,271,273,278,280,285,289,295]].
[[10,12,14,20,22,23,27,28,29,32,37,39,52,53,55,56,58,59,61,64,68,71,76,91,92,95,99,103,109,113,118,123,125,129,133,144,145,146,148,152,156,160,166,168,169,173,179,183,190,203,211,221,223,224,227,228,229,234,237,238,242,246,248,251,257,261,265,267,274,275,276,277,279,282,290,294,296],[1,2,5,9,11,15,24,25,30,34,41,50,57,60,77,79,81,84,88,89,94,101,102,105,106,108,112,115,116,124,136,137,138,142,151,153,154,159,164,171,176,177,182,184,186,192,196,198,200,202,205,214,222,230,232,236,239,243,244,247,252,254,256,262,266,268,270,283,288,292,293,297,300],[4,6,7,16,17,19,21,31,36,40,44,45,49,51,62,66,67,72,73,80,83,86,87,90,98,110,114,117,126,127,128,130,132,135,147,149,150,155,161,162,163,167,172,174,175,178,187,188,189,191,193,194,197,199,204,209,212,215,233,240,245,249,253,259,260,269,271,273,278,280,285,289,295]].
[[3,8,13,18,26,33,35,38,42,43,46,47,48,54,63,65,69,70,74,75,78,82,85,93,96,97,100,104,107,111,119,120,121,122,131,134,139,140,141,143,157,158,165,170,180,181,185,195,201,206,207,208,210,213,216,217,218,219,220,225,226,231,235,241,250,255,258,263,264,272,281,284,286,287,291,298,299],[4,6,7,16,17,19,21,31,36,40,44,45,49,51,62,66,67,72,73,80,83,86,87,90,98,110,114,117,126,127,128,130,132,135,147,149,150,155,161,162,163,167,172,174,175,178,187,188,189,191,193,194,197,199,204,209,212,215,233,240,245,249,253,259,260,269,271,273,278,280,285,289,295],[1,2,5,9,11,15,24,25,30,34,41,50,57,60,77,79,81,84,88,89,94,101,102,105,106,108,112,115,116,124,136,137,138,142,151,153,154,159,164,171,176,177,182,184,186,192,196,198,200,202,205,214,222,230,232,236,239,243,244,247,252,254,256,262,266,268,270,283,288,292,293,297,300]].
[[10,12,14,20,22,23,27,28,29,32,37,39,52,53,55,56,58,59,61,64,68,71,76,91,92,95,99,103,109,113,118,123,125,129,133,144,145,146,148,152,156,160,166,168,169,173,179,183,190,203,211,221,223,224,227,228,229,234,237,238,242,246,248,251,257,261,265,267,274,275,276,277,279,282,290,294,296],[1,2,5,9,11,15,24,25,30,34,41,50,57,60,77,79,81,84,88,89,94,101,102,105,106,108,112,115,116,124,136,137,138,142,151,153,154,159,164,171,176,177,182,184,186,192,196,198,200,202,205,214,222,230,232,236,239,243,244,247,252,254,256,262,266,268,270,283,288,292,293,297,300],[4,6,7,16,17,19,21,31,36,40,44,45,49,51,62,66,67,72,73,80,83,86,87,90,98,110,114,117,126,127,128,130,132,135,147,149,150,155,161,162,163,167,172,174,175,178,187,188,189,191,193,194,197,199,204,209,212,215,233,240,245,249,253,259,260,269,271,273,278,280,285,289,295]].
[[10,12,14,20,22,23,27,28,29,32,37,39,52,53,55,56,58,59,61,64,68,71,76,91,92,95,99,103,109,113,118,123,125,129,133,144,145,146,148,152,156,160,166,168,169,173,179,183,190,203,211,221,223,224,227,228,229,234,237,238,242,246,248,251,257,261,265,267,274,275,276,277,279,282,290,294,296],[1,2,5,9,11,15,24,25,30,34,41,50,57,60,77,79,81,84,88,89,94,101,102,105,106,108,112,115,116,124,136,137,138,142,151,153,154,159,164,171,176,177,182,184,186,192,196,198,200,202,205,214,222,230,232,236,239,243,244,247,252,254,256,262,266,268,270,283,288,292,293,297,300],[4,6,7,16,17,19,21,31,36,40,44,45,49,51,62,66,67,72,73,80,83,86,87,90,98,110,114,117,126,127,128,130,132,135,147,149,150,155,161,162,163,167,172,174,175,178,187,188,189,191,193,194,197,199,204,209,212,215,233,240,245,249,253,259,260,269,271,273,278,280,285,289,295]].
[[1,2,5,9,11,15,24,25,30,34,41,50,57,60,77,79,81,84,88,89,94,101,102,105,106,108,112,115,116,124,136,137,138,142,151,153,154,159,164,171,176,177,182,184,186,192,196,198,200,202,205,214,222,230,232,236,239,243,244,247,252,254,256,262,266,268,270,283,288,292,293,297,300],[10,12,14,20,22,23,27,28,29,32,37,39,52,53,55,56,58,59,61,64,68,71,76,91,92,95,99,103,109,113,118,123,125,129,133,144,145,146,148,152,156,160,166,168,169,173,179,183,190,203,211,221,223,224,227,228,229,234,237,238,242,246,248,251,257,261,265,267,274,275,276,277,279,282,290,294,296],[3,8,13,18,26,33,35,38,42,43,46,47,48,54,63,65,69,70,74,75,78,82,85,93,96,97,100,104,107,111,119,120,121,122,131,134,139,140,141,143,157,158,165,170,180,181,185,195,201,206,207,208,210,213,216,217,218,219,220,225,226,231,235,241,250,255,258,263,264,272,281,284,286,287,291,298,299]].
[[1,2,5,9,11,15,24,25,30,34,41,50,57,60,77,79,81,84,88,89,94,101,102,105,106,108,112,115,116,124,136,137,138,142,151,153,154,159,164,171,176,177,182,184,186,192,196,198,200,202,205,214,222,230,232,236,239,243,244,247,252,254,256,262,266,268,270,283,288,292,293,297,300],[10,12,14,20,22,23,27,28,29,32,37,39,52,53,55,56,58,59,61,64,68,71,76,91,92,95,99,103,109,113,118,123,125,129,133,144,145,146,148,152,156,160,166,168,169,173,179,183,190,203,211,221,223,224,227,228,229,234,237,238,242,246,248,251,257,261,265,267,274,275,276,277,279,282,290,294,296],[3,8,13,18,26,33,35,38,42,43,46,47,48,54,63,65,69,70,74,75,78,82,85,93,96,97,100,104,107,111,119,120,121,122,131,134,139,140,141,143,157,158,165,170,180,181,185,195,201,206,207,208,210,213,216,217,218,219,220,225,226,231,235,241,250,255,258,263,264,272,281,284,286,287,291,298,299]].
[[10,12,14,20,22,23,27,28,29,32,37,39,52,53,55,56,58,59,61,64,68,71,76,91,92,95,99,103,109,113,118,123,125,129,133,144,145,146,148,152,156,160,166,168,169,173,179,183,190,203,211,221,223,224,227,228,229,234,237,238,242,246,248,251,257,261,265,267,274,275,276,277,279,282,290,294,296],[1,2,5,9,11,15,24,25,30,34,41,50,57,60,77,79,81,84,88,89,94,101,102,105,106,108,112,115,116,124,136,137,138,142,151,153,154,159,164,171,176,177,182,184,186,192,196,198,200,202,205,214,222,230,232,236,239,243,244,247,252,254,256,262,266,268,270,283,288,292,293,297,300],[4,6,7,16,17,19,21,31,36,40,44,45,49,51,62,66,67,72,73,80,83,86,87,90,98,110,114,117,126,127,128,130,132,135,147,149,150,155,161,162,163,167,172,174,175,178,187,188,189,191,193,194,197,199,204,209,212,215,233,240,245,249,253,259,260,269,271,273,278,280,285,289,295]].
[[1,2,5,9,11,15,24,25,30,34,41,50,57,60,77,79,81,84,88,89,94,101,102,105,106,108,112,115,116,124,136,137,138,142,151,153,154,159,164,171,176,177,182,184,186,192,196,198,200,202,205,214,222,230,232,236,239,243,244,247,252,254,256,262,266,268,270,283,288,292,293,297,300],[10,12,14,20,22,23,27,28,29,32,37,39,52,53,55,56,58,59,61,64,68,71,76,91,92,95,99,103,109,113,118,123,125,129,133,144,145,146,148,152,156,160,166,168,169,173,179,183,190,203,211,221,223,224,227,228,229,234,237,238,242,246,248,251,257,261,265,267,274,275,276,277,279,282,290,294,296],[3,8,13,18,26,33,35,38,42,43,46,47,48,54,63,65,69,70,74,75,78,82,85,93,96,97,100,104,107,111,119,120,121,122,131,134,139,140,141,143,157,158,165,170,180,181,185,195,201,206,207,208,210,213,216,217,218,219,220,225,226,231,235,241,250,255,258,263,264,272,281,284,286,287,291,298,299]].
[[1,2,5,9,11,15,24,25,30,34,41,50,57,60,77,79,81,84,88,89,94,101,102,105,106,108,112,115,116,124,136,137,138,142,151,153,154,159,164,171,176,177,182,184,186,192,196,198,200,202,205,214,222,230,232,236,239,243,244,247,252,254,256,262,266,268,270,283,288,292,293,297,300],[10,12,14,20,22,23,27,28,29,32,37,39,52,53,55,56,58,59,61,64,68,71,76,91,92,95,99,103,109,113,118,123,125,129,133,144,145,146,148,152,156,160,166,168,169,173,179,183,190,203,211,221,223,224,227,228,229,234,237,238,242,246,248,251,257,261,265,267,274,275,276,277,279,282,290,294,296],[3,8,13,18,26,33,35,38,42,43,46,47,48,54,63,65,69,70,74,75,78,82,85,93,96,97,100,104,107,111,119,120,121,122,131,134,139,140,141,143,157,158,165,170,180,181,185,195,201,206,207,208,210,213,216,217,218,219,220,225,226,231,235,241,250,255,258,263,264,272,281,284,286,287,291,298,299]].
[[10,12,14,20,22,23,27,28,29,32,37,39,52,53,55,56,58,59,61,64,68,71,76,91,92,95,99,103,109,113,118,123,125,129,133,144,145,146,148,152,156,160,166,168,169,173,179,183,190,203,211,221,223,224,227,228,229,234,237,238,242,246,248,251,257,261,265,267,274,275,276,277,279,282,290,294,296],[1,2,5,9,11,15,24,25,30,34,41,50,57,60,77,79,81,84,88,89,94,101,102,105,106,108,112,115,116,124,136,137,138,142,151,153,154,159,164,171,176,177,182,184,186,192,196,198,200,202,205,214,222,230,232,236,239,243,244,247,252,254,256,262,266,268,270,283,288,292,293,297,300],[4,6,7,16,17,19,21,31,36,40,44,45,49,51,62,66,67,72,73,80,83,86,87,90,98,110,114,117,126,127,128,130,132,135,147,149,150,155,161,162,163,167,172,174,175,178,187,188,189,191,193,194,197,199,204,209,212,215,233,240,245,249,253,259,260,269,271,273,278,280,285,289,295]].
[[4,6,7,16,17,19,21,31,36,40,44,45,49,51,62,66,67,72,73,80,83,86,87,90,98,110,114,117,126,127,128,130,132,135,147,149,150,155,161,162,163,167,172,174,175,178,187,188,189,191,193,194,197,199,204,209,212,215,233,240,245,249,253,259,260,269,271,273,278,280,285,289,295],[3,8,13,18,26,33,35,38,42,43,46,47,48,54,63,65,69,70,74,75,78,82,85,93,96,97,100,104,107,111,119,120,121,122,131,134,139,140,141,143,157,158,165,170,180,181,185,195,201,206,207,208,210,213,216,217,218,219,220,225,226,231,235,241,250,255,258,263,264,272,281,284,286,287,291,298,299],[10,12,14,20,22,23,27,28,29,32,37,39,52,53,55,56,58,59,61,64,68,71,76,91,92,95,99,103,109,113,118,123,125,129,133,144,145,146,148,152,156,160,166,168,169,173,179,183,190,203,211,221,223,224,227,228,229,234,237,238,242,246,248,251,257,261,265,267,274,275,276,277,279,282,290,294,296]].
[[10,12,14,20,22,23,27,28,29,32,37,39,52,53,55,56,58,59,61,64,68,71,76,91,92,95,99,103,109,113,118,123,125,129,133,144,145,146,148,152,156,160,166,168,169,173,179,183,190,203,211,221,223,224,227,228,229,234,237,238,242,246,248,251,257,261,265,267,274,275,276,277,279,282,290,294,296],[1,2,5,9,11,15,24,25,30,34,41,50,57,60,77,79,81,84,88,89,94,101,102,105,106,108,112,115,116,124,136,137,138,142,151,153,154,159,164,171,176,177,182,184,186,192,196,198,200,202,205,214,222,230,232,236,239,243,244,247,252,254,256,262,266,268,270,283,288,292,293,297,300],[4,6,7,16,17,19,21,31,36,40,44,45,49,51,62,66,67,72,73,80,83,86,87,90,98,110,114,117,126,127,128,130,132,135,147,149,150,155,161,162,163,167,172,174,175,178,187,188,189,191,193,194,197,199,204,209,212,215,233,240,245,249,253,259,260,269,271,273,278,280,285,289,295]].
[[1,2,5,9,11,15,24,25,30,34,41,50,57,60,77,79,81,84,88,89,94,101,102,105,106,108,112,115,116,124,136,137,138,142,151,153,154,159,164,171,176,177,182,184,186,192,196,198,200,202,205,214,222,230,232,236,239,243,244,247,252,254,256,262,266,268,270,283,288,292,293,297,300],[10,12,14,20,22,23,27,28,29,32,37,39,52,53,55,56,58,59,61,64,68,71,76,91,92,95,99,103,109,113,118,123,125,129,133,144,145,146,148,152,156,160,166,168,169,173,179,183,190,203,211,221,223,224,227,228,229,234,237,238,242,246,248,251,257,261,265,267,274,275,276,277,279,282,290,294,296],[3,8,13,18,26,33,35,38,42,43,46,47,48,54,63,65,69,70,74,75,78,82,85,93,96,97,100,104,107,111,119,120,121,122,131,134,139,140,141,143,157,158,165,170,180,181,185,195,201,206,207,208,210,213,216,217,218,219,220,225,226,231,235,241,250,255,258,263,264,272,281,284,286,287,291,298,299]].
[[10,12,14,20,22,23,27,28,29,32,37,39,52,53,55,56,58,59,61,64,68,71,76,91,92,95,99,103,109,113,118,123,125,129,133,144,145,146,148,152,156,160,166,168,169,173,179,183,190,203,211,221,223,224,227,228,229,234,237,238,242,246,248,251,257,261,265,267,274,275,276,277,279,282,290,294,296],[1,2,5,9,11,15,24,25,30,34,41,50,57,60,77,79,81,84,88,89,94,101,102,105,106,108,112,115,116,124,136,137,138,142,151,153,154,159,164,171,176,177,182,184,186,192,196,198,200,202,205,214,222,230,232,236,239,243,244,247,252,254,256,262,266,268,270,283,288,292,293,297,300],[4,6,7,16,17,19,21,31,36,40,44,45,49,51,62,66,67,72,73,80,83,86,87,90,98,110,114,117,126,127,128,130,132,135,147,149,150,155,161,162,163,167,172,174,175,178,187,188,189,191,193,194,197,199,204,209,212,215,233,240,245,249,253,259,260,269,271,273,278,280,285,289,295]].
[[1,2,5,9,11,15,24,25,30,34,41,50,57,60,77,79,81,84,88,89,94,101,102,105,106,108,112,115,116,124,136,137,138,142,151,153,154,159,164,171,176,177,182,184,186,192,196,198,200,202,205,214,222,230,232,236,239,243,244,247,252,254,256,262,266,268,270,283,288,292,293,297,300],[10,12,14,20,22,23,27,28,29,32,37,39,52,53,55,56,58,59,61,64,68,71,76,91,92,95,99,103,109,113,118,123,125,129,133,144,145,146,148,152,156,160,166,168,169,173,179,183,190,203,211,221,223,224,227,228,229,234,237,238,242,246,248,251,257,261,265,267,274,275,276,277,279,282,290,294,296],[3,8,13,18,26,33,35,38,42,43,46,47,48,54,63,65,69,70,74,75,78,82,85,93,96,97,100,104,107,111,119,120,121,122,131,134,139,140,141,143,157,158,165,170,180,181,185,195,201,206,207,208,210,213,216,217,218,219,220,225,226,231,235,241,250,255,258,263,264,272,281,284,286,287,291,298,299]].
