[[2,4,8,10,14,19,20,21,22,23,26,27,28,31,33,35,36,38,41,43,44,47,48,49,53,54,63,66,67,69,83,84,89,90,92,94,96,98,101,105,107,109,110,114,115,116,117,119,122,123,124,125,130,136,141,142,145,146,153,156,158,160,161,162,169,174,177,182,185,186,187,190,191,195,210,217,219,220,221,222,224,226,229,240,241,247,250,254,256,257,259,263,269,271,272,274,275,280,284,285,286,287,290,294,297,298],[5,6,11,12,29,30,32,34,50,52,57,58,60,73,76,81,82,85,99,103,108,111,120,126,133,137,139,143,144,150,152,154,155,170,171,172,176,179,181,188,189,197,198,203,205,206,208,212,213,215,216,223,225,227,230,231,234,235,236,237,238,239,242,243,248,251,261,262,264,265,278,279,291,293],[1,3,9,15,16,17,37,42,45,51,55,56,59,61,62,72,78,79,80,87,88,91,93,95,100,102,112,127,128,132,135,138,140,148,149,157,159,164,165,166,167,168,173,180,184,192,193,194,196,199,200,201,204,207,209,211,218,232,233,244,245,252,255,260,268,270,273,276,281,282,283,288,296,299]].
[[2,4,8,10,14,19,20,21,22,23,26,27,28,31,33,35,36,38,41,43,44,47,48,49,53,54,63,66,67,69,83,84,89,90,92,94,96,98,101,105,107,109,110,114,115,116,117,119,122,123,124,125,130,136,141,142,145,146,153,156,158,160,161,162,169,174,177,182,185,186,187,190,191,195,210,217,219,220,221,222,224,226,229,240,241,247,250,254,256,257,259,263,269,271,272,274,275,280,284,285,286,287,290,294,297,298],[5,6,11,12,29,30,32,34,50,52,57,58,60,73,76,81,82,85,99,103,108,111,120,126,133,137,139,143,144,150,152,154,155,170,171,172,176,179,181,188,189,197,198,203,205,206,208,212,213,215,216,223,225,227,230,231,234,235,236,237,238,239,242,243,248,251,261,262,264,265,278,279,291,293],[1,3,9,15,16,17,37,42,45,51,55,56,59,61,62,72,78,79,80,87,88,91,93,95,100,102,112,127,128,132,135,138,140,148,149,157,159,164,165,166,167,168,173,180,184,192,193,194,196,199,200,201,204,207,209,211,218,232,233,244,245,252,255,260,268,270,273,276,281,282,283,288,296,299]].
[[1,3,9,15,16,17,37,42,45,51,55,56,59,61,62,72,78,79,80,87,88,91,93,95,100,102,112,127,128,132,135,138,140,148,149,157,159,164,165,166,167,168,173,180,184,192,193,194,196,199,200,201,204,207,209,211,218,232,233,244,245,252,255,260,268,270,273,276,281,282,283,288,296,299],[7,13,18,24,25,39,40,46,64,65,68,70,71,74,75,77,86,97,104,106,113,118,121,129,131,134,147,151,163,175,178,183,202,214,228,246,249,253,258,266,267,277,289,292,295,300],[2,4,8,10,14,19,20,21,22,23,26,27,28,31,33,35,36,38,41,43,44,47,48,49,53,54,63,66,67,69,83,84,89,90,92,94,96,98,101,105,107,109,110,114,115,116,117,119,122,123,124,125,130,136,141,142,145,146,153,156,158,160,161,162,169,174,177,182,185,186,187,190,191,195,210,217,219,220,221,222,224,226,229,240,241,247,250,254,256,257,259,263,269,271,272,274,275,280,284,285,286,287,290,294,297,298]].
[[5,6,11,12,29,30,32,34,50,52,57,58,60,73,76,81,82,85,99,103,108,111,120,126,133,137,139,143,144,150,152,154,155,170,171,172,176,179,181,188,189,197,198,203,205,206,208,212,213,215,216,223,225,227,230,231,234,235,236,237,238,239,242,243,248,251,261,262,264,265,278,279,291,293],[2,4,8,10,14,19,20,21,22,23,26,27,28,31,33,35,36,38,41,43,44,47,48,49,53,54,63,66,67,69,83,84,89,90,92,94,96,98,101,105,107,109,110,114,115,116,117,119,122,123,124,125,130,136,141,142,145,146,153,156,158,160,161,162,169,174,177,182,185,186,187,190,191,195,210,217,219,220,221,222,224,226,229,240,241,247,250,254,256,257,259,263,269,271,272,274,275,280,284,285,286,287,290,294,297,298],[7,13,18,24,25,39,40,46,64,65,68,70,71,74,75,77,86,97,104,106,113,118,121,129,131,134,147,151,163,175,178,183,202,214,228,246,249,253,258,266,267,277,289,292,295,300]].
[[7,13,18,24,25,39,40,46,64,65,68,70,71,74,75,77,86,97,104,106,113,118,121,129,131,134,147,151,163,175,178,183,202,214,228,246,249,253,258,266,267,277,289,292,295,300],[1,3,9,15,16,17,37,42,45,51,55,56,59,61,62,72,78,79,80,87,88,91,93,95,100,102,112,127,128,132,135,138,140,148,149,157,159,164,165,166,167,168,173,180,184,192,193,194,196,199,200,201,204,207,209,211,218,232,233,244,245,252,255,260,268,270,273,276,281,282,283,288,296,299],[5,6,11,12,29,30,32,34,50,52,57,58,60,73,76,81,82,85,99,103,108,111,120,126,133,137,139,143,144,150,152,154,155,170,171,172,176,179,181,188,189,197,198,203,205,206,208,212,213,215,216,223,225,227,230,231,234,235,236,237,238,239,242,243,248,251,261,262,264,265,278,279,291,293]].
[[5,6,11,12,29,30,32,34,50,52,57,58,60,73,76,81,82,85,99,103,108,111,120,126,133,137,139,143,144,150,152,154,155,170,171,172,176,179,181,188,189,197,198,203,205,206,208,212,213,215,216,223,225,227,230,231,234,235,236,237,238,239,242,243,248,251,261,262,264,265,278,279,291,293],[2,4,8,10,14,19,20,21,22,23,26,27,28,31,33,35,36,38,41,43,44,47,48,49,53,54,63,66,67,69,83,84,89,90,92,94,96,98,101,105,107,109,110,114,115,116,117,119,122,123,124,125,130,136,141,142,145,146,153,156,158,160,161,162,169,174,177,182,185,186,187,190,191,195,210,217,219,220,221,222,224,226,229,240,241,247,250,254,256,257,259,263,269,271,272,274,275,280,284,285,286,287,290,294,297,298],[7,13,18,24,25,39,40,46,64,65,68,70,71,74,75,77,86,97,104,106,113,118,121,129,131,134,147,151,163,175,178,183,202,214,228,246,249,253,258,266,267,277,289,292,295,300]].
[[1,3,9,15,16,17,37,42,45,51,55,56,59,61,62,72,78,79,80,87,88,91,93,95,100,102,112,127,128,132,135,138,140,148,149,157,159,164,165,166,167,168,173,180,184,192,193,194,196,199,200,201,204,207,209,211,218,232,233,244,245,252,255,260,268,270,273,276,281,282,283,288,296,299],[7,13,18,24,25,39,40,46,64,65,68,70,71,74,75,77,86,97,104,106,113,118,121,129,131,134,147,151,163,175,178,183,202,214,228,246,249,253,258,266,267,277,289,292,295,300],[2,4,8,10,14,19,20,21,22,23,26,27,28,31,33,35,36,38,41,43,44,47,48,49,53,54,63,66,67,69,83,84,89,90,92,94,96,98,101,105,107,109,110,114,115,116,117,119,122,123,124,125,130,136,141,142,145,146,153,156,158,160,161,162,169,174,177,182,185,186,187,190,191,195,210,217,219,220,221,222,224,226,229,240,241,247,250,254,256,257,259,263,269,271,272,274,275,280,284,285,286,287,290,294,297,298]].
[[1,3,9,15,16,17,37,42,45,51,55,56,59,61,62,72,78,79,80,87,88,91,93,95,100,102,112,127,128,132,135,138,140,148,149,157,159,164,165,166,167,168,173,180,184,192,193,194,196,199,200,201,204,207,209,211,218,232,233,244,245,252,255,260,268,270,273,276,281,282,283,288,296,299],[7,13,18,24,25,39,40,46,64,65,68,70,71,74,75,77,86,97,104,106,113,118,121,129,131,134,147,151,163,175,178,183,202,214,228,246,249,253,258,266,267,277,289,292,295,300],[2,4,8,10,14,19,20,21,22,23,26,27,28,31,33,35,36,38,41,43,44,47,48,49,53,54,63,66,67,69,83,84,89,90,92,94,96,98,101,105,107,109,110,114,115,116,117,119,122,123,124,125,130,136,141,142,145,146,153,156,158,160,161,162,169,174,177,182,185,186,187,190,191,195,210,217,219,220,221,222,224,226,229,240,241,247,250,254,256,257,259,263,269,271,272,274,275,280,284,285,286,287,290,294,297,298]].
[[7,13,18,24,25,39,40,46,64,65,68,70,71,74,75,77,86,97,104,106,113,118,121,129,131,134,147,151,163,175,178,183,202,214,228,246,249,253,258,266,267,277,289,292,295,300],[1,3,9,15,16,17,37,42,45,51,55,56,59,61,62,72,78,79,80,87,88,91,93,95,100,102,112,127,128,132,135,138,140,148,149,157,159,164,165,166,167,168,173,180,184,192,193,194,196,199,200,201,204,207,209,211,218,232,233,244,245,252,255,260,268,270,273,276,281,282,283,288,296,299],[5,6,11,12,29,30,32,34,50,52,57,58,60,73,76,81,82,85,99,103,108,111,120,126,133,137,139,143,144,150,152,154,155,170,171,172,176,179,181,188,189,197,198,203,205,206,208,212,213,215,216,223,225,227,230,231,234,235,236,237,238,239,242,243,248,251,261,262,264,265,278,279,291,293]].
[[2,4,8,10,14,19,20,21,22,23,26,27,28,31,33,35,36,38,41,43,44,47,48,49,53,54,63,66,67,69,83,84,89,90,92,94,96,98,101,105,107,109,110,114,115,116,117,119,122,123,124,125,130,136,141,142,145,146,153,156,158,160,161,162,169,174,177,182,185,186,187,190,191,195,210,217,219,220,221,222,224,226,229,240,241,247,250,254,256,257,259,263,269,271,272,274,275,280,284,285,286,287,290,294,297,298],[5,6,11,12,29,30,32,34,50,52,57,58,60,73,76,81,82,85,99,103,108,111,120,126,133,137,139,143,144,150,152,154,155,170,171,172,176,179,181,188,189,197,198,203,205,206,208,212,213,215,216,223,225,227,230,231,234,235,236,237,238,239,242,243,248,251,261,262,264,265,278,279,291,293],[1,3,9,15,16,17,37,42,45,51,55,56,59,61,62,72,78,79,80,87,88,91,93,95,100,102,112,127,128,132,135,138,140,148,149,157,159,164,165,166,167,168,173,180,184,192,193,194,196,199,200,201,204,207,209,211,218,232,233,244,245,252,255,260,268,270,273,276,281,282,283,288,296,299]].
[[5,6,11,12,29,30,32,34,50,52,57,58,60,73,76,81,82,85,99,103,108,111,120,126,133,137,139,143,144,150,152,154,155,170,171,172,176,179,181,188,189,197,198,203,205,206,208,212,213,215,216,223,225,227,230,231,234,235,236,237,238,239,242,243,248,251,261,262,264,265,278,279,291,293],[2,4,8,10,14,19,20,21,22,23,26,27,28,31,33,35,36,38,41,43,44,47,48,49,53,54,63,66,67,69,83,84,89,90,92,94,96,98,101,105,107,109,110,114,115,116,117,119,122,123,124,125,130,136,141,142,145,146,153,156,158,160,161,162,169,174,177,182,185,186,187,190,191,195,210,217,219,220,221,222,224,226,229,240,241,247,250,254,256,257,259,263,269,271,272,274,275,280,284,285,286,287,290,294,297,298],[7,13,18,24,25,39,40,46,64,65,68,70,71,74,75,77,86,97,104,106,113,118,121,129,131,134,147,151,163,175,178,183,202,214,228,246,249,253,258,266,267,277,289,292,295,300]].
[[7,13,18,24,25,39,40,46,64,65,68,70,71,74,75,77,86,97,104,106,113,118,121,129,131,134,147,151,163,175,178,183,202,214,228,246,249,253,258,266,267,277,289,292,295,300],[1,3,9,15,16,17,37,42,45,51,55,56,59,61,62,72,78,79,80,87,88,91,93,95,100,102,112,127,128,132,135,138,140,148,149,157,159,164,165,166,167,168,173,180,184,192,193,194,196,199,200,201,204,207,209,211,218,232,233,244,245,252,255,260,268,270,273,276,281,282,283,288,296,299],[5,6,11,12,29,30,32,34,50,52,57,58,60,73,76,81,82,85,99,103,108,111,120,126,133,137,139,143,144,150,152,154,155,170,171,172,176,179,181,188,189,197,198,203,205,206,208,212,213,215,216,223,225,227,230,231,234,235,236,237,238,239,242,243,248,251,261,262,264,265,278,279,291,293]].
[[2,4,8,10,14,19,20,21,22,23,26,27,28,31,33,35,36,38,41,43,44,47,48,49,53,54,63,66,67,69,83,84,89,90,92,94,96,98,101,105,107,109,110,114,115,116,117,119,122,123,124,125,130,136,141,142,145,146,153,156,158,160,161,162,169,174,177,182,185,186,187,190,191,195,210,217,219,220,221,222,224,226,229,240,241,247,250,254,256,257,259,263,269,271,272,274,275,280,284,285,286,287,290,294,297,298],[5,6,11,12,29,30,32,34,50,52,57,58,60,73,76,81,82,85,99,103,108,111,120,126,133,137,139,143,144,150,152,154,155,170,171,172,176,179,181,188,189,197,198,203,205,206,208,212,213,215,216,223,225,227,230,231,234,235,236,237,238,239,242,243,248,251,261,262,264,265,278,279,291,293],[1,3,9,15,16,17,37,42,45,51,55,56,59,61,62,72,78,79,80,87,88,91,93,95,100,102,112,127,128,132,135,138,140,148,149,157,159,164,165,166,167,168,173,180,184,192,193,194,196,199,200,201,204,207,209,211,218,232,233,244,245,252,255,260,268,270,273,276,281,282,283,288,296,299]].
[[5,6,11,12,29,30,32,34,50,52,57,58,60,73,76,81,82,85,99,103,108,111,120,126,133,137,139,143,144,150,152,154,155,170,171,172,176,179,181,188,189,197,198,203,205,206,208,212,213,215,216,223,225,227,230,231,234,235,236,237,238,239,242,243,248,251,261,262,264,265,278,279,291,293],[2,4,8,10,14,19,20,21,22,23,26,27,28,31,33,35,36,38,41,43,44,47,48,49,53,54,63,66,67,69,83,84,89,90,92,94,96,98,101,105,107,109,110,114,115,116,117,119,122,123,124,125,130,136,141,142,145,146,153,156,158,160,161,162,169,174,177,182,185,186,187,190,191,195,210,217,219,220,221,222,224,226,229,240,241,247,250,254,256,257,259,263,269,271,272,274,275,280,284,285,286,287,290,294,297,298],[7,13,18,24,25,39,40,46,64,65,68,70,71,74,75,77,86,97,104,106,113,118,121,129,131,134,147,151,163,175,178,183,202,214,228,246,249,253,258,266,267,277,289,292,295,300]].
[[2,4,8,10,14,19,20,21,22,23,26,27,28,31,33,35,36,38,41,43,44,47,48,49,53,54,63,66,67,69,83,84,89,90,92,94,96,98,101,105,107,109,110,114,115,116,117,119,122,123,124,125,130,136,141,142,145,146,153,156,158,160,161,162,169,174,177,182,185,186,187,190,191,195,210,217,219,220,221,222,224,226,229,240,241,247,250,254,256,257,259,263,269,271,272,274,275,280,284,285,286,287,290,294,297,298],[5,6,11,12,29,30,32,34,50,52,57,58,60,73,76,81,82,85,99,103,108,111,120,126,133,137,139,143,144,150,152,154,155,170,171,172,176,179,181,188,189,197,198,203,205,206,208,212,213,215,216,223,225,227,230,231,234,235,236,237,238,239,242,243,248,251,261,262,264,265,278,279,291,293],[1,3,9,15,16,17,37,42,45,51,55,56,59,61,62,72,78,79,80,87,88,91,93,95,100,102,112,127,128,132,135,138,140,148,149,157,159,164,165,166,167,168,173,180,184,192,193,194,196,199,200,201,204,207,209,211,218,232,233,244,245,252,255,260,268,270,273,276,281,282,283,288,296,299]].
[[2,4,8,10,14,19,20,21,22,23,26,27,28,31,33,35,36,38,41,43,44,47,48,49,53,54,63,66,67,69,83,84,89,90,92,94,96,98,101,105,107,109,110,114,115,116,117,119,122,123,124,125,130,136,141,142,145,146,153,156,158,160,161,162,169,174,177,182,185,186,187,190,191,195,210,217,219,220,221,222,224,226,229,240,241,247,250,254,256,257,259,263,269,271,272,274,275,280,284,285,286,287,290,294,297,298],[5,6,11,12,29,30,32,34,50,52,57,58,60,73,76,81,82,85,99,103,108,111,120,126,133,137,139,143,144,150,152,154,155,170,171,172,176,179,181,188,189,197,198,203,205,206,208,212,213,215,216,223,225,227,230,231,234,235,236,237,238,239,242,243,248,251,261,262,264,265,278,279,291,293],[1,3,9,15,16,17,37,42,45,51,55,56,59,61,62,72,78,79,80,87,88,91,93,95,100,102,112,127,128,132,135,138,140,148,149,157,159,164,165,166,167,168,173,180,184,192,193,194,196,199,200,201,204,207,209,211,218,232,233,244,245,252,255,260,268,270,273,276,281,282,283,288,296,299]].
[[2,4,8,10,14,19,20,21,22,23,26,27,28,31,33,35,36,38,41,43,44,47,48,49,53,54,63,66,67,69,83,84,89,90,92,94,96,98,101,105,107,109,110,114,115,116,117,119,122,123,124,125,130,136,141,142,145,146,153,156,158,160,161,162,169,174,177,182,185,186,187,190,191,195,210,217,219,220,221,222,224,226,229,240,241,247,250,254,256,257,259,263,269,271,272,274,275,280,284,285,286,287,290,294,297,298],[5,6,11,12,29,30,32,34,50,52,57,58,60,73,76,81,82,85,99,103,108,111,120,126,133,137,139,143,144,150,152,154,155,170,171,172,176,179,181,188,189,197,198,203,205,206,208,212,213,215,216,223,225,227,230,231,234,235,236,237,238,239,242,243,248,251,261,262,264,265,278,279,291,293],[1,3,9,15,16,17,37,42,45,51,55,56,59,61,62,72,78,79,80,87,88,91,93,95,100,102,112,127,128,132,135,138,140,148,149,157,159,164,165,166,167,168,173,180,184,192,193,194,196,199,200,201,204,207,209,211,218,232,233,244,245,252,255,260,268,270,273,276,281,282,283,288,296,299]].
[[5,6,11,12,29,30,32,34,50,52,57,58,60,73,76,81,82,85,99,103,108,111,120,126,133,137,139,143,144,150,152,154,155,170,171,172,176,179,181,188,189,197,198,203,205,206,208,212,213,215,216,223,225,227,230,231,234,235,236,237,238,239,242,243,248,251,261,262,264,265,278,279,291,293],[2,4,8,10,14,19,20,21,22,23,26,27,28,31,33,35,36,38,41,43,44,47,48,49,53,54,63,66,67,69,83,84,89,90,92,94,96,98,101,105,107,109,110,114,115,116,117,119,122,123,124,125,130,136,141,142,145,146,153,156,158,160,161,162,169,174,177,182,185,186,187,190,191,195,210,217,219,220,221,222,224,226,229,240,241,247,250,254,256,257,259,263,269,271,272,274,275,280,284,285,286,287,290,294,297,298],[7,13,18,24,25,39,40,46,64,65,68,70,71,74,75,77,86,97,104,106,113,118,121,129,131,134,147,151,163,175,178,183,202,214,228,246,249,253,258,266,267,277,289,292,295,300]].
[[7,13,18,24,25,39,40,46,64,65,68,70,71,74,75,77,86,97,104,106,113,118,121,129,131,134,147,151,163,175,178,183,202,214,228,246,249,253,258,266,267,277,289,292,295,300],[1,3,9,15,16,17,37,42,45,51,55,56,59,61,62,72,78,79,80,87,88,91,93,95,100,102,112,127,128,132,135,138,140,148,149,157,159,164,165,166,167,168,173,180,184,192,193,194,196,199,200,201,204,207,209,211,218,232,233,244,245,252,255,260,268,270,273,276,281,282,283,288,296,299],[5,6,11,12,29,30,32,34,50,52,57,58,60,73,76,81,82,85,99,103,108,111,120,126,133,137,139,143,144,150,152,154,155,170,171,172,176,179,181,188,189,197,198,203,205,206,208,212,213,215,216,223,225,227,230,231,234,235,236,237,238,239,242,243,248,251,261,262,264,265,278,279,291,293]].
[[5,6,11,12,29,30,32,34,50,52,57,58,60,73,76,81,82,85,99,103,108,111,120,126,133,137,139,143,144,150,152,154,155,170,171,172,176,179,181,188,189,197,198,203,205,206,208,212,213,215,216,223,225,227,230,231,234,235,236,237,238,239,242,243,248,251,261,262,264,265,278,279,291,293],[2,4,8,10,14,19,20,21,22,23,26,27,28,31,33,35,36,38,41,43,44,47,48,49,53,54,63,66,67,69,83,84,89,90,92,94,96,98,101,105,107,109,110,114,115,116,117,119,122,123,124,125,130,136,141,142,145,146,153,156,158,160,161,162,169,174,177,182,185,186,187,190,191,195,210,217,219,220,221,222,224,226,229,240,241,247,250,254,256,257,259,263,269,271,272,274,275,280,284,285,286,287,290,294,297,298],[7,13,18,24,25,39,40,46,64,65,68,70,71,74,75,77,86,97,104,106,113,118,121,129,131,134,147,151,163,175,178,183,202,214,228,246,249,253,258,266,267,277,289,292,295,300]].
[[7,13,18,24,25,39,40,46,64,65,68,70,71,74,75,77,86,97,104,106,113,118,121,129,131,134,147,151,163,175,178,183,202,214,228,246,249,253,258,266,267,277,289,292,295,300],[1,3,9,15,16,17,37,42,45,51,55,56,59,61,62,72,78,79,80,87,88,91,93,95,100,102,112,127,128,132,135,138,140,148,149,157,159,164,165,166,167,168,173,180,184,192,193,194,196,199,200,201,204,207,209,211,218,232,233,244,245,252,255,260,268,270,273,276,281,282,283,288,296,299],[5,6,11,12,29,30,32,34,50,52,57,58,60,73,76,81,82,85,99,103,108,111,120,126,133,137,139,143,144,150,152,154,155,170,171,172,176,179,181,188,189,197,198,203,205,206,208,212,213,215,216,223,225,227,230,231,234,235,236,237,238,239,242,243,248,251,261,262,264,265,278,279,291,293]].
[[5,6,11,12,29,30,32,34,50,52,57,58,60,73,76,81,82,85,99,103,108,111,120,126,133,137,139,143,144,150,152,154,155,170,171,172,176,179,181,188,189,197,198,203,205,206,208,212,213,215,216,223,225,227,230,231,234,235,236,237,238,239,242,243,248,251,261,262,264,265,278,279,291,293],[2,4,8,10,14,19,20,21,22,23,26,27,28,31,33,35,36,38,41,43,44,47,48,49,53,54,63,66,67,69,83,84,89,90,92,94,96,98,101,105,107,109,110,114,115,116,117,119,122,123,124,125,130,136,141,142,145,146,153,156,158,160,161,162,169,174,177,182,185,186,187,190,191,195,210,217,219,220,221,222,224,226,229,240,241,247,250,254,256,257,259,263,269,271,272,274,275,280,284,285,286,287,290,294,297,298],[7,13,18,24,25,39,40,46,64,65,68,70,71,74,75,77,86,97,104,106,113,118,121,129,131,134,147,151,163,175,178,183,202,214,228,246,249,253,258,266,267,277,289,292,295,300]].
[[2,4,8,10,14,19,20,21,22,23,26,27,28,31,33,35,36,38,41,43,44,47,48,49,53,54,63,66,67,69,83,84,89,90,92,94,96,98,101,105,107,109,110,114,115,116,117,119,122,123,124,125,130,136,141,142,145,146,153,156,158,160,161,162,169,174,177,182,185,186,187,190,191,195,210,217,219,220,221,222,224,226,229,240,241,247,250,254,256,257,259,263,269,271,272,274,275,280,284,285,286,287,290,294,297,298],[5,6,11,12,29,30,32,34,50,52,57,58,60,73,76,81,82,85,99,103,108,111,120,126,133,137,139,143,144,150,152,154,155,170,171,172,176,179,181,188,189,197,198,203,205,206,208,212,213,215,216,223,225,227,230,231,234,235,236,237,238,239,242,243,248,251,261,262,264,265,278,279,291,293],[1,3,9,15,16,17,37,42,45,51,55,56,59,61,62,72,78,79,80,87,88,91,93,95,100,102,112,127,128,132,135,138,140,148,149,157,159,164,165,166,167,168,173,180,184,192,193,194,196,199,200,201,204,207,209,211,218,232,233,244,245,252,255,260,268,270,273,276,281,282,283,288,296,299]].
[[5,6,11,12,29,30,32,34,50,52,57,58,60,73,76,81,82,85,99,103,108,111,120,126,133,137,139,143,144,150,152,154,155,170,171,172,176,179,181,188,189,197,198,203,205,206,208,212,213,215,216,223,225,227,230,231,234,235,236,237,238,239,242,243,248,251,261,262,264,265,278,279,291,293],[2,4,8,10,14,19,20,21,22,23,26,27,28,31,33,35,36,38,41,43,44,47,48,49,53,54,63,66,67,69,83,84,89,90,92,94,96,98,101,105,107,109,110,114,115,116,117,119,122,123,124,125,130,136,141,142,145,146,153,156,158,160,161,162,169,174,177,182,185,186,187,190,191,195,210,217,219,220,221,222,224,226,229,240,241,247,250,254,256,257,259,263,269,271,272,274,275,280,284,285,286,287,290,294,297,298],[7,13,18,24,25,39,40,46,64,65,68,70,71,74,75,77,86,97,104,106,113,118,121,129,131,134,147,151,163,175,178,183,202,214,228,246,249,253,258,266,267,277,289,292,295,300]].
[[7,13,18,24,25,39,40,46,64,65,68,70,71,74,75,77,86,97,104,106,113,118,121,129,131,134,147,151,163,175,178,183,202,214,228,246,249,253,258,266,267,277,289,292,295,300],[1,3,9,15,16,17,37,42,45,51,55,56,59,61,62,72,78,79,80,87,88,91,93,95,100,102,112,127,128,132,135,138,140,148,149,157,159,164,165,166,167,168,173,180,184,192,193,194,196,199,200,201,204,207,209,211,218,232,233,244,245,252,255,260,268,270,273,276,281,282,283,288,296,299],[5,6,11,12,29,30,32,34,50,52,57,58,60,73,76,81,82,85,99,103,108,111,120,126,133,137,139,143,144,150,152,154,155,170,171,172,176,179,181,188,189,197,198,203,205,206,208,212,213,215,216,223,225,227,230,231,234,235,236,237,238,239,242,243,248,251,261,262,264,265,278,279,291,293]].
[[1,3,9,15,16,17,37,42,45,51,55,56,59,61,62,72,78,79,80,87,88,91,93,95,100,102,112,127,128,132,135,138,140,148,149,157,159,164,165,166,167,168,173,180,184,192,193,194,196,199,200,201,204,207,209,211,218,232,233,244,245,252,255,260,268,270,273,276,281,282,283,288,296,299],[7,13,18,24,25,39,40,46,64,65,68,70,71,74,75,77,86,97,104,106,113,118,121,129,131,134,147,151,163,175,178,183,202,214,228,246,249,253,258,266,267,277,289,292,295,300],[2,4,8,10,14,19,20,21,22,23,26,27,28,31,33,35,36,38,41,43,44,47,48,49,53,54,63,66,67,69,83,84,89,90,92,94,96,98,101,105,107,109,110,114,115,116,117,119,122,123,124,125,130,136,141,142,145,146,153,156,158,160,161,162,169,174,177,182,185,186,187,190,191,195,210,217,219,220,221,222,224,226,229,240,241,247,250,254,256,257,259,263,269,271,272,274,275,280,284,285,286,287,290,294,297,298]].
[[1,3,9,15,16,17,37,42,45,51,55,56,59,61,62,72,78,79,80,87,88,91,93,95,100,102,112,127,128,132,135,138,140,148,149,157,159,164,165,166,167,168,173,180,184,192,193,194,196,199,200,201,204,207,209,211,218,232,233,244,245,252,255,260,268,270,273,276,281,282,283,288,296,299],[7,13,18,24,25,39,40,46,64,65,68,70,71,74,75,77,86,97,104,106,113,118,121,129,131,134,147,151,163,175,178,183,202,214,228,246,249,253,258,266,267,277,289,292,295,300],[2,4,8,10,14,19,20,21,22,23,26,27,28,31,33,35,36,38,41,43,44,47,48,49,53,54,63,66,67,69,83,84,89,90,92,94,96,98,101,105,107,109,110,114,115,116,117,119,122,123,124,125,130,136,141,142,145,146,153,156,158,160,161,162,169,174,177,182,185,186,187,190,191,195,210,217,219,220,221,222,224,226,229,240,241,247,250,254,256,257,259,263,269,271,272,274,275,280,284,285,286,287,290,294,297,298]].
[[5,6,11,12,29,30,32,34,50,52,57,58,60,73,76,81,82,85,99,103,108,111,120,126,133,137,139,143,144,150,152,154,155,170,171,172,176,179,181,188,189,197,198,203,205,206,208,212,213,215,216,223,225,227,230,231,234,235,236,237,238,239,242,243,248,251,261,262,264,265,278,279,291,293],[2,4,8,10,14,19,20,21,22,23,26,27,28,31,33,35,36,38,41,43,44,47,48,49,53,54,63,66,67,69,83,84,89,90,92,94,96,98,101,105,107,109,110,114,115,116,117,119,122,123,124,125,130,136,141,142,145,146,153,156,158,160,161,162,169,174,177,182,185,186,187,190,191,195,210,217,219,220,221,222,224,226,229,240,241,247,250,254,256,257,259,263,269,271,272,274,275,280,284,285,286,287,290,294,297,298],[7,13,18,24,25,39,40,46,64,65,68,70,71,74,75,77,86,97,104,106,113,118,121,129,131,134,147,151,163,175,178,183,202,214,228,246,249,253,258,266,267,277,289,292,295,300]].
[[5,6,11,12,29,30,32,34,50,52,57,58,60,73,76,81,82,85,99,103,108,111,120,126,133,137,139,143,144,150,152,154,155,170,171,172,176,179,181,188,189,197,198,203,205,206,208,212,213,215,216,223,225,227,230,231,234,235,236,237,238,239,242,243,248,251,261,262,264,265,278,279,291,293],[2,4,8,10,14,19,20,21,22,23,26,27,28,31,33,35,36,38,41,43,44,47,48,49,53,54,63,66,67,69,83,84,89,90,92,94,96,98,101,105,107,109,110,114,115,116,117,119,122,123,124,125,130,136,141,142,145,146,153,156,158,160,161,162,169,174,177,182,185,186,187,190,191,195,210,217,219,220,221,222,224,226,229,240,241,247,250,254,256,257,259,263,269,271,272,274,275,280,284,285,286,287,290,294,297,298],[7,13,18,24,25,39,40,46,64,65,68,70,71,74,75,77,86,97,104,106,113,118,121,129,131,134,147,151,163,175,178,183,202,214,228,246,249,253,258,266,267,277,289,292,295,300]].
[[1,3,9,15,16,17,37,42,45,51,55,56,59,61,62,72,78,79,80,87,88,91,93,95,100,102,112,127,128,132,135,138,140,148,149,157,159,164,165,166,167,168,173,180,184,192,193,194,196,199,200,201,204,207,209,211,218,232,233,244,245,252,255,260,268,270,273,276,281,282,283,288,296,299],[7,13,18,24,25,39,40,46,64,65,68,70,71,74,75,77,86,97,104,106,113,118,121,129,131,134,147,151,163,175,178,183,202,214,228,246,249,253,258,266,267,277,289,292,295,300],[2,4,8,10,14,19,20,21,22,23,26,27,28,31,33,35,36,38,41,43,44,47,48,49,53,54,63,66,67,69,83,84,89,90,92,94,96,98,101,105,107,109,110,114,115,116,117,119,122,123,124,125,130,136,141,142,145,146,153,156,158,160,161,162,169,174,177,182,185,186,187,190,191,195,210,217,219,220,221,222,224,226,229,240,241,247,250,254,256,257,259,263,269,271,272,274,275,280,284,285,286,287,290,294,297,298]].
[[2,4,8,10,14,19,20,21,22,23,26,27,28,31,33,35,36,38,41,43,44,47,48,49,53,54,63,66,67,69,83,84,89,90,92,94,96,98,101,105,107,109,110,114,115,116,117,119,122,123,124,125,130,136,141,142,145,146,153,156,158,160,161,162,169,174,177,182,185,186,187,190,191,195,210,217,219,220,221,222,224,226,229,240,241,247,250,254,256,257,259,263,269,271,272,274,275,280,284,285,286,287,290,294,297,298],[5,6,11,12,29,30,32,34,50,52,57,58,60,73,76,81,82,85,99,103,108,111,120,126,133,137,139,143,144,150,152,154,155,170,171,172,176,179,181,188,189,197,198,203,205,206,208,212,213,215,216,223,225,227,230,231,234,235,236,237,238,239,242,243,248,251,261,262,264,265,278,279,291,293],[1,3,9,15,16,17,37,42,45,51,55,56,59,61,62,72,78,79,80,87,88,91,93,95,100,102,112,127,128,132,135,138,140,148,149,157,159,164,165,166,167,168,173,180,184,192,193,194,196,199,200,201,204,207,209,211,218,232,233,244,245,252,255,260,268,270,273,276,281,282,283,288,296,299]].
[[5,6,11,12,29,30,32,34,50,52,57,58,60,73,76,81,82,85,99,103,108,111,120,126,133,137,139,143,144,150,152,154,155,170,171,172,176,179,181,188,189,197,198,203,205,206,208,212,213,215,216,223,225,227,230,231,234,235,236,237,238,239,242,243,248,251,261,262,264,265,278,279,291,293],[2,4,8,10,14,19,20,21,22,23,26,27,28,31,33,35,36,38,41,43,44,47,48,49,53,54,63,66,67,69,83,84,89,90,92,94,96,98,101,105,107,109,110,114,115,116,117,119,122,123,124,125,130,136,141,142,145,146,153,156,158,160,161,162,169,174,177,182,185,186,187,190,191,195,210,217,219,220,221,222,224,226,229,240,241,247,250,254,256,257,259,263,269,271,272,274,275,280,284,285,286,287,290,294,297,298],[7,13,18,24,25,39,40,46,64,65,68,70,71,74,75,77,86,97,104,106,113,118,121,129,131,134,147,151,163,175,178,183,202,214,228,246,249,253,258,266,267,277,289,292,295,300]].
[[7,13,18,24,25,39,40,46,64,65,68,70,71,74,75,77,86,97,104,106,113,118,121,129,131,134,147,151,163,175,178,183,202,214,228,246,249,253,258,266,267,277,289,292,295,300],[1,3,9,15,16,17,37,42,45,51,55,56,59,61,62,72,78,79,80,87,88,91,93,95,100,102,112,127,128,132,135,138,140,148,149,157,159,164,165,166,167,168,173,180,184,192,193,194,196,199,200,201,204,207,209,211,218,232,233,244,245,252,255,260,268,270,273,276,281,282,283,288,296,299],[5,6,11,12,29,30,32,34,50,52,57,58,60,73,76,81,82,85,99,103,108,111,120,126,133,137,139,143,144,150,152,154,155,170,171,172,176,179,181,188,189,197,198,203,205,206,208,212,213,215,216,223,225,227,230,231,234,235,236,237,238,239,242,243,248,251,261,262,264,265,278,279,291,293]].
[[7,13,18,24,25,39,40,46,64,65,68,70,71,74,75,77,86,97,104,106,113,118,121,129,131,134,147,151,163,175,178,183,202,214,228,246,249,253,258,266,267,277,289,292,295,300],[1,3,9,15,16,17,37,42,45,51,55,56,59,61,62,72,78,79,80,87,88,91,93,95,100,102,112,127,128,132,135,138,140,148,149,157,159,164,165,166,167,168,173,180,184,192,193,194,196,199,200,201,204,207,209,211,218,232,233,244,245,252,255,260,268,270,273,276,281,282,283,288,296,299],[5,6,11,12,29,30,32,34,50,52,57,58,60,73,76,81,82,85,99,103,108,111,120,126,133,137,139,143,144,150,152,154,155,170,171,172,176,179,181,188,189,197,198,203,205,206,208,212,213,215,216,223,225,227,230,231,234,235,236,237,238,239,242,243,248,251,261,262,264,265,278,279,291,293]].
[[1,3,9,15,16,17,37,42,45,51,55,56,59,61,62,72,78,79,80,87,88,91,93,95,100,102,112,127,128,132,135,138,140,148,149,157,159,164,165,166,167,168,173,180,184,192,193,194,196,199,200,201,204,207,209,211,218,232,233,244,245,252,255,260,268,270,273,276,281,282,283,288,296,299],[7,13,18,24,25,39,40,46,64,65,68,70,71,74,75,77,86,97,104,106,113,118,121,129,131,134,147,151,163,175,178,183,202,214,228,246,249,253,258,266,267,277,289,292,295,300],[2,4,8,10,14,19,20,21,22,23,26,27,28,31,33,35,36,38,41,43,44,47,48,49,53,54,63,66,67,69,83,84,89,90,92,94,96,98,101,105,107,109,110,114,115,116,117,119,122,123,124,125,130,136,141,142,145,146,153,156,158,160,161,162,169,174,177,182,185,186,187,190,191,195,210,217,219,220,221,222,224,226,229,240,241,247,250,254,256,257,259,263,269,271,272,274,275,280,284,285,286,287,290,294,297,298]].
[[2,4,8,10,14,19,20,21,22,23,26,27,28,31,33,35,36,38,41,43,44,47,48,49,53,54,63,66,67,69,83,84,89,90,92,94,96,98,101,105,107,109,110,114,115,116,117,119,122,123,124,125,130,136,141,142,145,146,153,156,158,160,161,162,169,174,177,182,185,186,187,190,191,195,210,217,219,220,221,222,224,226,229,240,241,247,250,254,256,257,259,263,269,271,272,274,275,280,284,285,286,287,290,294,297,298],[5,6,11,12,29,30,32,34,50,52,57,58,60,73,76,81,82,85,99,103,108,111,120,126,133,137,139,143,144,150,152,154,155,170,171,172,176,179,181,188,189,197,198,203,205,206,208,212,213,215,216,223,225,227,230,231,234,235,236,237,238,239,242,243,248,251,261,262,264,265,278,279,291,293],[1,3,9,15,16,17,37,42,45,51,55,56,59,61,62,72,78,79,80,87,88,91,93,95,100,102,112,127,128,132,135,138,140,148,149,157,159,164,165,166,167,168,173,180,184,192,193,194,196,199,200,201,204,207,209,211,218,232,233,244,245,252,255,260,268,270,273,276,281,282,283,288,296,299]].
[[5,6,11,12,29,30,32,34,50,52,57,58,60,73,76,81,82,85,99,103,108,111,120,126,133,137,139,143,144,150,152,154,155,170,171,172,176,179,181,188,189,197,198,203,205,206,208,212,213,215,216,223,225,227,230,231,234,235,236,237,238,239,242,243,248,251,261,262,264,265,278,279,291,293],[2,4,8,10,14,19,20,21,22,23,26,27,28,31,33,35,36,38,41,43,44,47,48,49,53,54,63,66,67,69,83,84,89,90,92,94,96,98,101,105,107,109,110,114,115,116,117,119,122,123,124,125,130,136,141,142,145,146,153,156,158,160,161,162,169,174,177,182,185,186,187,190,191,195,210,217,219,220,221,222,224,226,229,240,241,247,250,254,256,257,259,263,269,271,272,274,275,280,284,285,286,287,290,294,297,298],[7,13,18,24,25,39,40,46,64,65,68,70,71,74,75,77,86,97,104,106,113,118,121,129,131,134,147,151,163,175,178,183,202,214,228,246,249,253,258,266,267,277,289,292,295,300]].
[[2,4,8,10,14,19,20,21,22,23,26,27,28,31,33,35,36,38,41,43,44,47,48,49,53,54,63,66,67,69,83,84,89,90,92,94,96,98,101,105,107,109,110,114,115,116,117,119,122,123,124,125,130,136,141,142,145,146,153,156,158,160,161,162,169,174,177,182,185,186,187,190,191,195,210,217,219,220,221,222,224,226,229,240,241,247,250,254,256,257,259,263,269,271,272,274,275,280,284,285,286,287,290,294,297,298],[5,6,11,12,29,30,32,34,50,52,57,58,60,73,76,81,82,85,99,103,108,111,120,126,133,137,139,143,144,150,152,154,155,170,171,172,176,179,181,188,189,197,198,203,205,206,208,212,213,215,216,223,225,227,230,231,234,235,236,237,238,239,242,243,248,251,261,262,264,265,278,279,291,293],[1,3,9,15,16,17,37,42,45,51,55,56,59,61,62,72,78,79,80,87,88,91,93,95,100,102,112,127,128,132,135,138,140,148,149,157,159,164,165,166,167,168,173,180,184,192,193,194,196,199,200,201,204,207,209,211,218,232,233,244,245,252,255,260,268,270,273,276,281,282,283,288,296,299]].
[[2,4,8,10,14,19,20,21,22,23,26,27,28,31,33,35,36,38,41,43,44,47,48,49,53,54,63,66,67,69,83,84,89,90,92,94,96,98,101,105,107,109,110,114,115,116,117,119,122,123,124,125,130,136,141,142,145,146,153,156,158,160,161,162,169,174,177,182,185,186,187,190,191,195,210,217,219,220,221,222,224,226,229,240,241,247,250,254,256,257,259,263,269,271,272,274,275,280,284,285,286,287,290,294,297,298],[5,6,11,12,29,30,32,34,50,52,57,58,60,73,76,81,82,85,99,103,108,111,120,126,133,137,139,143,144,150,152,154,155,170,171,172,176,179,181,188,189,197,198,203,205,206,208,212,213,215,216,223,225,227,230,231,234,235,236,237,238,239,242,243,248,251,261,262,264,265,278,279,291,293],[1,3,9,15,16,17,37,42,45,51,55,56,59,61,62,72,78,79,80,87,88,91,93,95,100,102,112,127,128,132,135,138,140,148,149,157,159,164,165,166,167,168,173,180,184,192,193,194,196,199,200,201,204,207,209,211,218,232,233,244,245,252,255,260,268,270,273,276,281,282,283,288,296,299]].
[[7,13,18,24,25,39,40,46,64,65,68,70,71,74,75,77,86,97,104,106,113,118,121,129,131,134,147,151,163,175,178,183,202,214,228,246,249,253,258,266,267,277,289,292,295,300],[1,3,9,15,16,17,37,42,45,51,55,56,59,61,62,72,78,79,80,87,88,91,93,95,100,102,112,127,128,132,135,138,140,148,149,157,159,164,165,166,167,168,173,180,184,192,193,194,196,199,200,201,204,207,209,211,218,232,233,244,245,252,255,260,268,270,273,276,281,282,283,288,296,299],[5,6,11,12,29,30,32,34,50,52,57,58,60,73,76,81,82,85,99,103,108,111,120,126,133,137,139,143,144,150,152,154,155,170,171,172,176,179,181,188,189,197,198,203,205,206,208,212,213,215,216,223,225,227,230,231,234,235,236,237,238,239,242,243,248,251,261,262,264,265,278,279,291,293]].
[[1,3,9,15,16,17,37,42,45,51,55,56,59,61,62,72,78,79,80,87,88,91,93,95,100,102,112,127,128,132,135,138,140,148,149,157,159,164,165,166,167,168,173,180,184,192,193,194,196,199,200,201,204,207,209,211,218,232,233,244,245,252,255,260,268,270,273,276,281,282,283,288,296,299],[7,13,18,24,25,39,40,46,64,65,68,70,71,74,75,77,86,97,104,106,113,118,121,129,131,134,147,151,163,175,178,183,202,214,228,246,249,253,258,266,267,277,289,292,295,300],[2,4,8,10,14,19,20,21,22,23,26,27,28,31,33,35,36,38,41,43,44,47,48,49,53,54,63,66,67,69,83,84,89,90,92,94,96,98,101,105,107,109,110,114,115,116,117,119,122,123,124,125,130,136,141,142,145,146,153,156,158,160,161,162,169,174,177,182,185,186,187,190,191,195,210,217,219,220,221,222,224,226,229,240,241,247,250,254,256,257,259,263,269,271,272,274,275,280,284,285,286,287,290,294,297,298]].
[[2,4,8,10,14,19,20,21,22,23,26,27,28,31,33,35,36,38,41,43,44,47,48,49,53,54,63,66,67,69,83,84,89,90,92,94,96,98,101,105,107,109,110,114,115,116,117,119,122,123,124,125,130,136,141,142,145,146,153,156,158,160,161,162,169,174,177,182,185,186,187,190,191,195,210,217,219,220,221,222,224,226,229,240,241,247,250,254,256,257,259,263,269,271,272,274,275,280,284,285,286,287,290,294,297,298],[5,6,11,12,29,30,32,34,50,52,57,58,60,73,76,81,82,85,99,103,108,111,120,126,133,137,139,143,144,150,152,154,155,170,171,172,176,179,181,188,189,197,198,203,205,206,208,212,213,215,216,223,225,227,230,231,234,235,236,237,238,239,242,243,248,251,261,262,264,265,278,279,291,293],[1,3,9,15,16,17,37,42,45,51,55,56,59,61,62,72,78,79,80,87,88,91,93,95,100,102,112,127,128,132,135,138,140,148,149,157,159,164,165,166,167,168,173,180,184,192,193,194,196,199,200,201,204,207,209,211,218,232,233,244,245,252,255,260,268,270,273,276,281,282,283,288,296,299]].
[[5,6,11,12,29,30,32,34,50,52,57,58,60,73,76,81,82,85,99,103,108,111,120,126,133,137,139,143,144,150,152,154,155,170,171,172,176,179,181,188,189,197,198,203,205,206,208,212,213,215,216,223,225,227,230,231,234,235,236,237,238,239,242,243,248,251,261,262,264,265,278,279,291,293],[2,4,8,10,14,19,20,21,22,23,26,27,28,31,33,35,36,38,41,43,44,47,48,49,53,54,63,66,67,69,83,84,89,90,92,94,96,98,101,105,107,109,110,114,115,116,117,119,122,123,124,125,130,136,141,142,145,146,153,156,158,160,161,162,169,174,177,182,185,186,187,190,191,195,210,217,219,220,221,222,224,226,229,240,241,247,250,254,256,257,259,263,269,271,272,274,275,280,284,285,286,287,290,294,297,298],[7,13,18,24,25,39,40,46,64,65,68,70,71,74,75,77,86,97,104,106,113,118,121,129,131,134,147,151,163,175,178,183,202,214,228,246,249,253,258,266,267,277,289,292,295,300]].
[[2,4,8,10,14,19,20,21,22,23,26,27,28,31,33,35,36,38,41,43,44,47,48,49,53,54,63,66,67,69,83,84,89,90,92,94,96,98,101,105,107,109,110,114,115,116,117,119,122,123,124,125,130,136,141,142,145,146,153,156,158,160,161,162,169,174,177,182,185,186,187,190,191,195,210,217,219,220,221,222,224,226,229,240,241,247,250,254,256,257,259,263,269,271,272,274,275,280,284,285,286,287,290,294,297,298],[5,6,11,12,29,30,32,34,50,52,57,58,60,73,76,81,82,85,99,103,108,111,120,126,133,137,139,143,144,150,152,154,155,170,171,172,176,179,181,188,189,197,198,203,205,206,208,212,213,215,216,223,225,227,230,231,234,235,236,237,238,239,242,243,248,251,261,262,264,265,278,279,291,293],[1,3,9,15,16,17,37,42,45,51,55,56,59,61,62,72,78,79,80,87,88,91,93,95,100,102,112,127,128,132,135,138,140,148,149,157,159,164,165,166,167,168,173,180,184,192,193,194,196,199,200,201,204,207,209,211,218,232,233,244,245,252,255,260,268,270,273,276,281,282,283,288,296,299]].
[[5,6,11,12,29,30,32,34,50,52,57,58,60,73,76,81,82,85,99,103,108,111,120,126,133,137,139,143,144,150,152,154,155,170,171,172,176,179,181,188,189,197,198,203,205,206,208,212,213,215,216,223,225,227,230,231,234,235,236,237,238,239,242,243,248,251,261,262,264,265,278,279,291,293],[2,4,8,10,14,19,20,21,22,23,26,27,28,31,33,35,36,38,41,43,44,47,48,49,53,54,63,66,67,69,83,84,89,90,92,94,96,98,101,105,107,109,110,114,115,116,117,119,122,123,124,125,130,136,141,142,145,146,153,156,158,160,161,162,169,174,177,182,185,186,187,190,191,195,210,217,219,220,221,222,224,226,229,240,241,247,250,254,256,257,259,263,269,271,272,274,275,280,284,285,286,287,290,294,297,298],[7,13,18,24,25,39,40,46,64,65,68,70,71,74,75,77,86,97,104,106,113,118,121,129,131,134,147,151,163,175,178,183,202,214,228,246,249,253,258,266,267,277,289,292,295,300]].
[[1,3,9,15,16,17,37,42,45,51,55,56,59,61,62,72,78,79,80,87,88,91,93,95,100,102,112,127,128,132,135,138,140,148,149,157,159,164,165,166,167,168,173,180,184,192,193,194,196,199,200,201,204,207,209,211,218,232,233,244,245,252,255,260,268,270,273,276,281,282,283,288,296,299],[7,13,18,24,25,39,40,46,64,65,68,70,71,74,75,77,86,97,104,106,113,118,121,129,131,134,147,151,163,175,178,183,202,214,228,246,249,253,258,266,267,277,289,292,295,300],[2,4,8,10,14,19,20,21,22,23,26,27,28,31,33,35,36,38,41,43,44,47,48,49,53,54,63,66,67,69,83,84,89,90,92,94,96,98,101,105,107,109,110,114,115,116,117,119,122,123,124,125,130,136,141,142,145,146,153,156,158,160,161,162,169,174,177,182,185,186,187,190,191,195,210,217,219,220,221,222,224,226,229,240,241,247,250,254,256,257,259,263,269,271,272,274,275,280,284,285,286,287,290,294,297,298]].
[[2,4,8,10,14,19,20,21,22,23,26,27,28,31,33,35,36,38,41,43,44,47,48,49,53,54,63,66,67,69,83,84,89,90,92,94,96,98,101,105,107,109,110,114,115,116,117,119,122,123,124,125,130,136,141,142,145,146,153,156,158,160,161,162,169,174,177,182,185,186,187,190,191,195,210,217,219,220,221,222,224,226,229,240,241,247,250,254,256,257,259,263,269,271,272,274,275,280,284,285,286,287,290,294,297,298],[5,6,11,12,29,30,32,34,50,52,57,58,60,73,76,81,82,85,99,103,108,111,120,126,133,137,139,143,144,150,152,154,155,170,171,172,176,179,181,188,189,197,198,203,205,206,208,212,213,215,216,223,225,227,230,231,234,235,236,237,238,239,242,243,248,251,261,262,264,265,278,279,291,293],[1,3,9,15,16,17,37,42,45,51,55,56,59,61,62,72,78,79,80,87,88,91,93,95,100,102,112,127,128,132,135,138,140,148,149,157,159,164,165,166,167,168,173,180,184,192,193,194,196,199,200,201,204,207,209,211,218,232,233,244,245,252,255,260,268,270,273,276,281,282,283,288,296,299]].
