[[86,88],[2,3,4,18,40,46,63,64,74,90,112,138,150,151,155,159,160,165,171,175,194,198,199,241,253,262,265,285],[13,25,29,70,99,103,122,128,145,167,178,189,190,206,211,213,214,226,245,247,259,267,276,281,286,291,296,297]].
[[13,25,29,70,99,103,122,128,145,167,178,189,190,206,211,213,214,226,245,247,259,267,276,281,286,291,296,297],[1,5,6,7,8,9,10,11,12,14,15,16,17,19,20,21,22,23,24,26,27,28,30,31,32,33,34,35,36,37,38,39,41,42,43,44,45,47,48,49,50,51,52,53,54,55,56,57,58,59,60,61,62,65,66,67,68,69,71,72,73,75,76,77,78,79,80,81,82,83,84,85,87,89,91,92,93,94,95,96,97,98,100,101,102,104,105,106,107,108,109,110,111,113,114,115,116,117,118,119,120,121,123,124,125,126,127,129,130,131,132,133,134,135,136,137,139,140,141,142,143,144,146,147,148,149,152,153,154,156,157,158,161,162,163,164,166,168,169,170,172,173,174,176,177,179,180,181,182,183,184,185,186,187,188,191,192,193,195,196,197,200,201,202,203,204,205,207,208,209,210,212,215,216,217,218,219,220,221,222,223,224,225,227,228,229,230,231,232,233,234,235,236,237,238,239,240,242,243,244,246,248,249,250,251,252,254,255,256,257,258,260,261,263,264,266,268,269,270,271,272,273,274,275,277,278,279,280,282,283,284,287,288,289,290,292,293,294,295,298,299,300],[86,88]].
[[1,5,6,7,8,9,10,11,12,14,15,16,17,19,20,21,22,23,24,26,27,28,30,31,32,33,34,35,36,37,38,39,41,42,43,44,45,47,48,49,50,51,52,53,54,55,56,57,58,59,60,61,62,65,66,67,68,69,71,72,73,75,76,77,78,79,80,81,82,83,84,85,87,89,91,92,93,94,95,96,97,98,100,101,102,104,105,106,107,108,109,110,111,113,114,115,116,117,118,119,120,121,123,124,125,126,127,129,130,131,132,133,134,135,136,137,139,140,141,142,143,144,146,147,148,149,152,153,154,156,157,158,161,162,163,164,166,168,169,170,172,173,174,176,177,179,180,181,182,183,184,185,186,187,188,191,192,193,195,196,197,200,201,202,203,204,205,207,208,209,210,212,215,216,217,218,219,220,221,222,223,224,225,227,228,229,230,231,232,233,234,235,236,237,238,239,240,242,243,244,246,248,249,250,251,252,254,255,256,257,258,260,261,263,264,266,268,269,270,271,272,273,274,275,277,278,279,280,282,283,284,287,288,289,290,292,293,294,295,298,299,300],[13,25,29,70,99,103,122,128,145,167,178,189,190,206,211,213,214,226,245,247,259,267,276,281,286,291,296,297],[2,3,4,18,40,46,63,64,74,90,112,138,150,151,155,159,160,165,171,175,194,198,199,241,253,262,265,285]].
[[13,25,29,70,99,103,122,128,145,167,178,189,190,206,211,213,214,226,245,247,259,267,276,281,286,291,296,297],[1,5,6,7,8,9,10,11,12,14,15,16,17,19,20,21,22,23,24,26,27,28,30,31,32,33,34,35,36,37,38,39,41,42,43,44,45,47,48,49,50,51,52,53,54,55,56,57,58,59,60,61,62,65,66,67,68,69,71,72,73,75,76,77,78,79,80,81,82,83,84,85,87,89,91,92,93,94,95,96,97,98,100,101,102,104,105,106,107,108,109,110,111,113,114,115,116,117,118,119,120,121,123,124,125,126,127,129,130,131,132,133,134,135,136,137,139,140,141,142,143,144,146,147,148,149,152,153,154,156,157,158,161,162,163,164,166,168,169,170,172,173,174,176,177,179,180,181,182,183,184,185,186,187,188,191,192,193,195,196,197,200,201,202,203,204,205,207,208,209,210,212,215,216,217,218,219,220,221,222,223,224,225,227,228,229,230,231,232,233,234,235,236,237,238,239,240,242,243,244,246,248,249,250,251,252,254,255,256,257,258,260,261,263,264,266,268,269,270,271,272,273,274,275,277,278,279,280,282,283,284,287,288,289,290,292,293,294,295,298,299,300],[86,88]].
[[13,25,29,70,99,103,122,128,145,167,178,189,190,206,211,213,214,226,245,247,259,267,276,281,286,291,296,297],[1,5,6,7,8,9,10,11,12,14,15,16,17,19,20,21,22,23,24,26,27,28,30,31,32,33,34,35,36,37,38,39,41,42,43,44,45,47,48,49,50,51,52,53,54,55,56,57,58,59,60,61,62,65,66,67,68,69,71,72,73,75,76,77,78,79,80,81,82,83,84,85,87,89,91,92,93,94,95,96,97,98,100,101,102,104,105,106,107,108,109,110,111,113,114,115,116,117,118,119,120,121,123,124,125,126,127,129,130,131,132,133,134,135,136,137,139,140,141,142,143,144,146,147,148,149,152,153,154,156,157,158,161,162,163,164,166,168,169,170,172,173,174,176,177,179,180,181,182,183,184,185,186,187,188,191,192,193,195,196,197,200,201,202,203,204,205,207,208,209,210,212,215,216,217,218,219,220,221,222,223,224,225,227,228,229,230,231,232,233,234,235,236,237,238,239,240,242,243,244,246,248,249,250,251,252,254,255,256,257,258,260,261,263,264,266,268,269,270,271,272,273,274,275,277,278,279,280,282,283,284,287,288,289,290,292,293,294,295,298,299,300],[86,88]].
[[1,5,6,7,8,9,10,11,12,14,15,16,17,19,20,21,22,23,24,26,27,28,30,31,32,33,34,35,36,37,38,39,41,42,43,44,45,47,48,49,50,51,52,53,54,55,56,57,58,59,60,61,62,65,66,67,68,69,71,72,73,75,76,77,78,79,80,81,82,83,84,85,87,89,91,92,93,94,95,96,97,98,100,101,102,104,105,106,107,108,109,110,111,113,114,115,116,117,118,119,120,121,123,124,125,126,127,129,130,131,132,133,134,135,136,137,139,140,141,142,143,144,146,147,148,149,152,153,154,156,157,158,161,162,163,164,166,168,169,170,172,173,174,176,177,179,180,181,182,183,184,185,186,187,188,191,192,193,195,196,197,200,201,202,203,204,205,207,208,209,210,212,215,216,217,218,219,220,221,222,223,224,225,227,228,229,230,231,232,233,234,235,236,237,238,239,240,242,243,244,246,248,249,250,251,252,254,255,256,257,258,260,261,263,264,266,268,269,270,271,272,273,274,275,277,278,279,280,282,283,284,287,288,289,290,292,293,294,295,298,299,300],[13,25,29,70,99,103,122,128,145,167,178,189,190,206,211,213,214,226,245,247,259,267,276,281,286,291,296,297],[2,3,4,18,40,46,63,64,74,90,112,138,150,151,155,159,160,165,171,175,194,198,199,241,253,262,265,285]].
[[1,5,6,7,8,9,10,11,12,14,15,16,17,19,20,21,22,23,24,26,27,28,30,31,32,33,34,35,36,37,38,39,41,42,43,44,45,47,48,49,50,51,52,53,54,55,56,57,58,59,60,61,62,65,66,67,68,69,71,72,73,75,76,77,78,79,80,81,82,83,84,85,87,89,91,92,93,94,95,96,97,98,100,101,102,104,105,106,107,108,109,110,111,113,114,115,116,117,118,119,120,121,123,124,125,126,127,129,130,131,132,133,134,135,136,137,139,140,141,142,143,144,146,147,148,149,152,153,154,156,157,158,161,162,163,164,166,168,169,170,172,173,174,176,177,179,180,181,182,183,184,185,186,187,188,191,192,193,195,196,197,200,201,202,203,204,205,207,208,209,210,212,215,216,217,218,219,220,221,222,223,224,225,227,228,229,230,231,232,233,234,235,236,237,238,239,240,242,243,244,246,248,249,250,251,252,254,255,256,257,258,260,261,263,264,266,268,269,270,271,272,273,274,275,277,278,279,280,282,283,284,287,288,289,290,292,293,294,295,298,299,300],[13,25,29,70,99,103,122,128,145,167,178,189,190,206,211,213,214,226,245,247,259,267,276,281,286,291,296,297],[2,3,4,18,40,46,63,64,74,90,112,138,150,151,155,159,160,165,171,175,194,198,199,241,253,262,265,285]].
[[2,3,4,18,40,46,63,64,74,90,112,138,150,151,155,159,160,165,171,175,194,198,199,241,253,262,265,285],[86,88],[1,5,6,7,8,9,10,11,12,14,15,16,17,19,20,21,22,23,24,26,27,28,30,31,32,33,34,35,36,37,38,39,41,42,43,44,45,47,48,49,50,51,52,53,54,55,56,57,58,59,60,61,62,65,66,67,68,69,71,72,73,75,76,77,78,79,80,81,82,83,84,85,87,89,91,92,93,94,95,96,97,98,100,101,102,104,105,106,107,108,109,110,111,113,114,115,116,117,118,119,120,121,123,124,125,126,127,129,130,131,132,133,134,135,136,137,139,140,141,142,143,144,146,147,148,149,152,153,154,156,157,158,161,162,163,164,166,168,169,170,172,173,174,176,177,179,180,181,182,183,184,185,186,187,188,191,192,193,195,196,197,200,201,202,203,204,205,207,208,209,210,212,215,216,217,218,219,220,221,222,223,224,225,227,228,229,230,231,232,233,234,235,236,237,238,239,240,242,243,244,246,248,249,250,251,252,254,255,256,257,258,260,261,263,264,266,268,269,270,271,272,273,274,275,277,278,279,280,282,283,284,287,288,289,290,292,293,294,295,298,299,300]].
[[13,25,29,70,99,103,122,128,145,167,178,189,190,206,211,213,214,226,245,247,259,267,276,281,286,291,296,297],[1,5,6,7,8,9,10,11,12,14,15,16,17,19,20,21,22,23,24,26,27,28,30,31,32,33,34,35,36,37,38,39,41,42,43,44,45,47,48,49,50,51,52,53,54,55,56,57,58,59,60,61,62,65,66,67,68,69,71,72,73,75,76,77,78,79,80,81,82,83,84,85,87,89,91,92,93,94,95,96,97,98,100,101,102,104,105,106,107,108,109,110,111,113,114,115,116,117,118,119,120,121,123,124,125,126,127,129,130,131,132,133,134,135,136,137,139,140,141,142,143,144,146,147,148,149,152,153,154,156,157,158,161,162,163,164,166,168,169,170,172,173,174,176,177,179,180,181,182,183,184,185,186,187,188,191,192,193,195,196,197,200,201,202,203,204,205,207,208,209,210,212,215,216,217,218,219,220,221,222,223,224,225,227,228,229,230,231,232,233,234,235,236,237,238,239,240,242,243,244,246,248,249,250,251,252,254,255,256,257,258,260,261,263,264,266,268,269,270,271,272,273,274,275,277,278,279,280,282,283,284,287,288,289,290,292,293,294,295,298,299,300],[86,88]].
[[2,3,4,18,40,46,63,64,74,90,112,138,150,151,155,159,160,165,171,175,194,198,199,241,253,262,265,285],[86,88],[1,5,6,7,8,9,10,11,12,14,15,16,17,19,20,21,22,23,24,26,27,28,30,31,32,33,34,35,36,37,38,39,41,42,43,44,45,47,48,49,50,51,52,53,54,55,56,57,58,59,60,61,62,65,66,67,68,69,71,72,73,75,76,77,78,79,80,81,82,83,84,85,87,89,91,92,93,94,95,96,97,98,100,101,102,104,105,106,107,108,109,110,111,113,114,115,116,117,118,119,120,121,123,124,125,126,127,129,130,131,132,133,134,135,136,137,139,140,141,142,143,144,146,147,148,149,152,153,154,156,157,158,161,162,163,164,166,168,169,170,172,173,174,176,177,179,180,181,182,183,184,185,186,187,188,191,192,193,195,196,197,200,201,202,203,204,205,207,208,209,210,212,215,216,217,218,219,220,221,222,223,224,225,227,228,229,230,231,232,233,234,235,236,237,238,239,240,242,243,244,246,248,249,250,251,252,254,255,256,257,258,260,261,263,264,266,268,269,270,271,272,273,274,275,277,278,279,280,282,283,284,287,288,289,290,292,293,294,295,298,299,300]].
[[2,3,4,18,40,46,63,64,74,90,112,138,150,151,155,159,160,165,171,175,194,198,199,241,253,262,265,285],[86,88],[1,5,6,7,8,9,10,11,12,14,15,16,17,19,20,21,22,23,24,26,27,28,30,31,32,33,34,35,36,37,38,39,41,42,43,44,45,47,48,49,50,51,52,53,54,55,56,57,58,59,60,61,62,65,66,67,68,69,71,72,73,75,76,77,78,79,80,81,82,83,84,85,87,89,91,92,93,94,95,96,97,98,100,101,102,104,105,106,107,108,109,110,111,113,114,115,116,117,118,119,120,121,123,124,125,126,127,129,130,131,132,133,134,135,136,137,139,140,141,142,143,144,146,147,148,149,152,153,154,156,157,158,161,162,163,164,166,168,169,170,172,173,174,176,177,179,180,181,182,183,184,185,186,187,188,191,192,193,195,196,197,200,201,202,203,204,205,207,208,209,210,212,215,216,217,218,219,220,221,222,223,224,225,227,228,229,230,231,232,233,234,235,236,237,238,239,240,242,243,244,246,248,249,250,251,252,254,255,256,257,258,260,261,263,264,266,268,269,270,271,272,273,274,275,277,278,279,280,282,283,284,287,288,289,290,292,293,294,295,298,299,300]].
[[13,25,29,70,99,103,122,128,145,167,178,189,190,206,211,213,214,226,245,247,259,267,276,281,286,291,296,297],[1,5,6,7,8,9,10,11,12,14,15,16,17,19,20,21,22,23,24,26,27,28,30,31,32,33,34,35,36,37,38,39,41,42,43,44,45,47,48,49,50,51,52,53,54,55,56,57,58,59,60,61,62,65,66,67,68,69,71,72,73,75,76,77,78,79,80,81,82,83,84,85,87,89,91,92,93,94,95,96,97,98,100,101,102,104,105,106,107,108,109,110,111,113,114,115,116,117,118,119,120,121,123,124,125,126,127,129,130,131,132,133,134,135,136,137,139,140,141,142,143,144,146,147,148,149,152,153,154,156,157,158,161,162,163,164,166,168,169,170,172,173,174,176,177,179,180,181,182,183,184,185,186,187,188,191,192,193,195,196,197,200,201,202,203,204,205,207,208,209,210,212,215,216,217,218,219,220,221,222,223,224,225,227,228,229,230,231,232,233,234,235,236,237,238,239,240,242,243,244,246,248,249,250,251,252,254,255,256,257,258,260,261,263,264,266,268,269,270,271,272,273,274,275,277,278,279,280,282,283,284,287,288,289,290,292,293,294,295,298,299,300],[86,88]].
[[2,3,4,18,40,46,63,64,74,90,112,138,150,151,155,159,160,165,171,175,194,198,199,241,253,262,265,285],[86,88],[1,5,6,7,8,9,10,11,12,14,15,16,17,19,20,21,22,23,24,26,27,28,30,31,32,33,34,35,36,37,38,39,41,42,43,44,45,47,48,49,50,51,52,53,54,55,56,57,58,59,60,61,62,65,66,67,68,69,71,72,73,75,76,77,78,79,80,81,82,83,84,85,87,89,91,92,93,94,95,96,97,98,100,101,102,104,105,106,107,108,109,110,111,113,114,115,116,117,118,119,120,121,123,124,125,126,127,129,130,131,132,133,134,135,136,137,139,140,141,142,143,144,146,147,148,149,152,153,154,156,157,158,161,162,163,164,166,168,169,170,172,173,174,176,177,179,180,181,182,183,184,185,186,187,188,191,192,193,195,196,197,200,201,202,203,204,205,207,208,209,210,212,215,216,217,218,219,220,221,222,223,224,225,227,228,229,230,231,232,233,234,235,236,237,238,239,240,242,243,244,246,248,249,250,251,252,254,255,256,257,258,260,261,263,264,266,268,269,270,271,272,273,274,275,277,278,279,280,282,283,284,287,288,289,290,292,293,294,295,298,299,300]].
[[86,88],[2,3,4,18,40,46,63,64,74,90,112,138,150,151,155,159,160,165,171,175,194,198,199,241,253,262,265,285],[13,25,29,70,99,103,122,128,145,167,178,189,190,206,211,213,214,226,245,247,259,267,276,281,286,291,296,297]].
[[13,25,29,70,99,103,122,128,145,167,178,189,190,206,211,213,214,226,245,247,259,267,276,281,286,291,296,297],[1,5,6,7,8,9,10,11,12,14,15,16,17,19,20,21,22,23,24,26,27,28,30,31,32,33,34,35,36,37,38,39,41,42,43,44,45,47,48,49,50,51,52,53,54,55,56,57,58,59,60,61,62,65,66,67,68,69,71,72,73,75,76,77,78,79,80,81,82,83,84,85,87,89,91,92,93,94,95,96,97,98,100,101,102,104,105,106,107,108,109,110,111,113,114,115,116,117,118,119,120,121,123,124,125,126,127,129,130,131,132,133,134,135,136,137,139,140,141,142,143,144,146,147,148,149,152,153,154,156,157,158,161,162,163,164,166,168,169,170,172,173,174,176,177,179,180,181,182,183,184,185,186,187,188,191,192,193,195,196,197,200,201,202,203,204,205,207,208,209,210,212,215,216,217,218,219,220,221,222,223,224,225,227,228,229,230,231,232,233,234,235,236,237,238,239,240,242,243,244,246,248,249,250,251,252,254,255,256,257,258,260,261,263,264,266,268,269,270,271,272,273,274,275,277,278,279,280,282,283,284,287,288,289,290,292,293,294,295,298,299,300],[86,88]].
[[13,25,29,70,99,103,122,128,145,167,178,189,190,206,211,213,214,226,245,247,259,267,276,281,286,291,296,297],[1,5,6,7,8,9,10,11,12,14,15,16,17,19,20,21,22,23,24,26,27,28,30,31,32,33,34,35,36,37,38,39,41,42,43,44,45,47,48,49,50,51,52,53,54,55,56,57,58,59,60,61,62,65,66,67,68,69,71,72,73,75,76,77,78,79,80,81,82,83,84,85,87,89,91,92,93,94,95,96,97,98,100,101,102,104,105,106,107,108,109,110,111,113,114,115,116,117,118,119,120,121,123,124,125,126,127,129,130,131,132,133,134,135,136,137,139,140,141,142,143,144,146,147,148,149,152,153,154,156,157,158,161,162,163,164,166,168,169,170,172,173,174,176,177,179,180,181,182,183,184,185,186,187,188,191,192,193,195,196,197,200,201,202,203,204,205,207,208,209,210,212,215,216,217,218,219,220,221,222,223,224,225,227,228,229,230,231,232,233,234,235,236,237,238,239,240,242,243,244,246,248,249,250,251,252,254,255,256,257,258,260,261,263,264,266,268,269,270,271,272,273,274,275,277,278,279,280,282,283,284,287,288,289,290,292,293,294,295,298,299,300],[86,88]].
[[86,88],[2,3,4,18,40,46,63,64,74,90,112,138,150,151,155,159,160,165,171,175,194,198,199,241,253,262,265,285],[13,25,29,70,99,103,122,128,145,167,178,189,190,206,211,213,214,226,245,247,259,267,276,281,286,291,296,297]].
[[86,88],[2,3,4,18,40,46,63,64,74,90,112,138,150,151,155,159,160,165,171,175,194,198,199,241,253,262,265,285],[13,25,29,70,99,103,122,128,145,167,178,189,190,206,211,213,214,226,245,247,259,267,276,281,286,291,296,297]].
[[13,25,29,70,99,103,122,128,145,167,178,189,190,206,211,213,214,226,245,247,259,267,276,281,286,291,296,297],[1,5,6,7,8,9,10,11,12,14,15,16,17,19,20,21,22,23,24,26,27,28,30,31,32,33,34,35,36,37,38,39,41,42,43,44,45,47,48,49,50,51,52,53,54,55,56,57,58,59,60,61,62,65,66,67,68,69,71,72,73,75,76,77,78,79,80,81,82,83,84,85,87,89,91,92,93,94,95,96,97,98,100,101,102,104,105,106,107,108,109,110,111,113,114,115,116,117,118,119,120,121,123,124,125,126,127,129,130,131,132,133,134,135,136,137,139,140,141,142,143,144,146,147,148,149,152,153,154,156,157,158,161,162,163,164,166,168,169,170,172,173,174,176,177,179,180,181,182,183,184,185,186,187,188,191,192,193,195,196,197,200,201,202,203,204,205,207,208,209,210,212,215,216,217,218,219,220,221,222,223,224,225,227,228,229,230,231,232,233,234,235,236,237,238,239,240,242,243,244,246,248,249,250,251,252,254,255,256,257,258,260,261,263,264,266,268,269,270,271,272,273,274,275,277,278,279,280,282,283,284,287,288,289,290,292,293,294,295,298,299,300],[86,88]].
[[13,25,29,70,99,103,122,128,145,167,178,189,190,206,211,213,214,226,245,247,259,267,276,281,286,291,296,297],[1,5,6,7,8,9,10,11,12,14,15,16,17,19,20,21,22,23,24,26,27,28,30,31,32,33,34,35,36,37,38,39,41,42,43,44,45,47,48,49,50,51,52,53,54,55,56,57,58,59,60,61,62,65,66,67,68,69,71,72,73,75,76,77,78,79,80,81,82,83,84,85,87,89,91,92,93,94,95,96,97,98,100,101,102,104,105,106,107,108,109,110,111,113,114,115,116,117,118,119,120,121,123,124,125,126,127,129,130,131,132,133,134,135,136,137,139,140,141,142,143,144,146,147,148,149,152,153,154,156,157,158,161,162,163,164,166,168,169,170,172,173,174,176,177,179,180,181,182,183,184,185,186,187,188,191,192,193,195,196,197,200,201,202,203,204,205,207,208,209,210,212,215,216,217,218,219,220,221,222,223,224,225,227,228,229,230,231,232,233,234,235,236,237,238,239,240,242,243,244,246,248,249,250,251,252,254,255,256,257,258,260,261,263,264,266,268,269,270,271,272,273,274,275,277,278,279,280,282,283,284,287,288,289,290,292,293,294,295,298,299,300],[86,88]].
[[1,5,6,7,8,9,10,11,12,14,15,16,17,19,20,21,22,23,24,26,27,28,30,31,32,33,34,35,36,37,38,39,41,42,43,44,45,47,48,49,50,51,52,53,54,55,56,57,58,59,60,61,62,65,66,67,68,69,71,72,73,75,76,77,78,79,80,81,82,83,84,85,87,89,91,92,93,94,95,96,97,98,100,101,102,104,105,106,107,108,109,110,111,113,114,115,116,117,118,119,120,121,123,124,125,126,127,129,130,131,132,133,134,135,136,137,139,140,141,142,143,144,146,147,148,149,152,153,154,156,157,158,161,162,163,164,166,168,169,170,172,173,174,176,177,179,180,181,182,183,184,185,186,187,188,191,192,193,195,196,197,200,201,202,203,204,205,207,208,209,210,212,215,216,217,218,219,220,221,222,223,224,225,227,228,229,230,231,232,233,234,235,236,237,238,239,240,242,243,244,246,248,249,250,251,252,254,255,256,257,258,260,261,263,264,266,268,269,270,271,272,273,274,275,277,278,279,280,282,283,284,287,288,289,290,292,293,294,295,298,299,300],[13,25,29,70,99,103,122,128,145,167,178,189,190,206,211,213,214,226,245,247,259,267,276,281,286,291,296,297],[2,3,4,18,40,46,63,64,74,90,112,138,150,151,155,159,160,165,171,175,194,198,199,241,253,262,265,285]].
[[1,5,6,7,8,9,10,11,12,14,15,16,17,19,20,21,22,23,24,26,27,28,30,31,32,33,34,35,36,37,38,39,41,42,43,44,45,47,48,49,50,51,52,53,54,55,56,57,58,59,60,61,62,65,66,67,68,69,71,72,73,75,76,77,78,79,80,81,82,83,84,85,87,89,91,92,93,94,95,96,97,98,100,101,102,104,105,106,107,108,109,110,111,113,114,115,116,117,118,119,120,121,123,124,125,126,127,129,130,131,132,133,134,135,136,137,139,140,141,142,143,144,146,147,148,149,152,153,154,156,157,158,161,162,163,164,166,168,169,170,172,173,174,176,177,179,180,181,182,183,184,185,186,187,188,191,192,193,195,196,197,200,201,202,203,204,205,207,208,209,210,212,215,216,217,218,219,220,221,222,223,224,225,227,228,229,230,231,232,233,234,235,236,237,238,239,240,242,243,244,246,248,249,250,251,252,254,255,256,257,258,260,261,263,264,266,268,269,270,271,272,273,274,275,277,278,279,280,282,283,284,287,288,289,290,292,293,294,295,298,299,300],[13,25,29,70,99,103,122,128,145,167,178,189,190,206,211,213,214,226,245,247,259,267,276,281,286,291,296,297],[2,3,4,18,40,46,63,64,74,90,112,138,150,151,155,159,160,165,171,175,194,198,199,241,253,262,265,285]].
[[13,25,29,70,99,103,122,128,145,167,178,189,190,206,211,213,214,226,245,247,259,267,276,281,286,291,296,297],[1,5,6,7,8,9,10,11,12,14,15,16,17,19,20,21,22,23,24,26,27,28,30,31,32,33,34,35,36,37,38,39,41,42,43,44,45,47,48,49,50,51,52,53,54,55,56,57,58,59,60,61,62,65,66,67,68,69,71,72,73,75,76,77,78,79,80,81,82,83,84,85,87,89,91,92,93,94,95,96,97,98,100,101,102,104,105,106,107,108,109,110,111,113,114,115,116,117,118,119,120,121,123,124,125,126,127,129,130,131,132,133,134,135,136,137,139,140,141,142,143,144,146,147,148,149,152,153,154,156,157,158,161,162,163,164,166,168,169,170,172,173,174,176,177,179,180,181,182,183,184,185,186,187,188,191,192,193,195,196,197,200,201,202,203,204,205,207,208,209,210,212,215,216,217,218,219,220,221,222,223,224,225,227,228,229,230,231,232,233,234,235,236,237,238,239,240,242,243,244,246,248,249,250,251,252,254,255,256,257,258,260,261,263,264,266,268,269,270,271,272,273,274,275,277,278,279,280,282,283,284,287,288,289,290,292,293,294,295,298,299,300],[86,88]].
[[2,3,4,18,40,46,63,64,74,90,112,138,150,151,155,159,160,165,171,175,194,198,199,241,253,262,265,285],[86,88],[1,5,6,7,8,9,10,11,12,14,15,16,17,19,20,21,22,23,24,26,27,28,30,31,32,33,34,35,36,37,38,39,41,42,43,44,45,47,48,49,50,51,52,53,54,55,56,57,58,59,60,61,62,65,66,67,68,69,71,72,73,75,76,77,78,79,80,81,82,83,84,85,87,89,91,92,93,94,95,96,97,98,100,101,102,104,105,106,107,108,109,110,111,113,114,115,116,117,118,119,120,121,123,124,125,126,127,129,130,131,132,133,134,135,136,137,139,140,141,142,143,144,146,147,148,149,152,153,154,156,157,158,161,162,163,164,166,168,169,170,172,173,174,176,177,179,180,181,182,183,184,185,186,187,188,191,192,193,195,196,197,200,201,202,203,204,205,207,208,209,210,212,215,216,217,218,219,220,221,222,223,224,225,227,228,229,230,231,232,233,234,235,236,237,238,239,240,242,243,244,246,248,249,250,251,252,254,255,256,257,258,260,261,263,264,266,268,269,270,271,272,273,274,275,277,278,279,280,282,283,284,287,288,289,290,292,293,294,295,298,299,300]].
[[86,88],[2,3,4,18,40,46,63,64,74,90,112,138,150,151,155,159,160,165,171,175,194,198,199,241,253,262,265,285],[13,25,29,70,99,103,122,128,145,167,178,189,190,206,211,213,214,226,245,247,259,267,276,281,286,291,296,297]].
[[1,5,6,7,8,9,10,11,12,14,15,16,17,19,20,21,22,23,24,26,27,28,30,31,32,33,34,35,36,37,38,39,41,42,43,44,45,47,48,49,50,51,52,53,54,55,56,57,58,59,60,61,62,65,66,67,68,69,71,72,73,75,76,77,78,79,80,81,82,83,84,85,87,89,91,92,93,94,95,96,97,98,100,101,102,104,105,106,107,108,109,110,111,113,114,115,116,117,118,119,120,121,123,124,125,126,127,129,130,131,132,133,134,135,136,137,139,140,141,142,143,144,146,147,148,149,152,153,154,156,157,158,161,162,163,164,166,168,169,170,172,173,174,176,177,179,180,181,182,183,184,185,186,187,188,191,192,193,195,196,197,200,201,202,203,204,205,207,208,209,210,212,215,216,217,218,219,220,221,222,223,224,225,227,228,229,230,231,232,233,234,235,236,237,238,239,240,242,243,244,246,248,249,250,251,252,254,255,256,257,258,260,261,263,264,266,268,269,270,271,272,273,274,275,277,278,279,280,282,283,284,287,288,289,290,292,293,294,295,298,299,300],[13,25,29,70,99,103,122,128,145,167,178,189,190,206,211,213,214,226,245,247,259,267,276,281,286,291,296,297],[2,3,4,18,40,46,63,64,74,90,112,138,150,151,155,159,160,165,171,175,194,198,199,241,253,262,265,285]].
[[86,88],[2,3,4,18,40,46,63,64,74,90,112,138,150,151,155,159,160,165,171,175,194,198,199,241,253,262,265,285],[13,25,29,70,99,103,122,128,145,167,178,189,190,206,211,213,214,226,245,247,259,267,276,281,286,291,296,297]].
[[86,88],[2,3,4,18,40,46,63,64,74,90,112,138,150,151,155,159,160,165,171,175,194,198,199,241,253,262,265,285],[13,25,29,70,99,103,122,128,145,167,178,189,190,206,211,213,214,226,245,247,259,267,276,281,286,291,296,297]].
[[1,5,6,7,8,9,10,11,12,14,15,16,17,19,20,21,22,23,24,26,27,28,30,31,32,33,34,35,36,37,38,39,41,42,43,44,45,47,48,49,50,51,52,53,54,55,56,57,58,59,60,61,62,65,66,67,68,69,71,72,73,75,76,77,78,79,80,81,82,83,84,85,87,89,91,92,93,94,95,96,97,98,100,101,102,104,105,106,107,108,109,110,111,113,114,115,116,117,118,119,120,121,123,124,125,126,127,129,130,131,132,133,134,135,136,137,139,140,141,142,143,144,146,147,148,149,152,153,154,156,157,158,161,162,163,164,166,168,169,170,172,173,174,176,177,179,180,181,182,183,184,185,186,187,188,191,192,193,195,196,197,200,201,202,203,204,205,207,208,209,210,212,215,216,217,218,219,220,221,222,223,224,225,227,228,229,230,231,232,233,234,235,236,237,238,239,240,242,243,244,246,248,249,250,251,252,254,255,256,257,258,260,261,263,264,266,268,269,270,271,272,273,274,275,277,278,279,280,282,283,284,287,288,289,290,292,293,294,295,298,299,300],[13,25,29,70,99,103,122,128,145,167,178,189,190,206,211,213,214,226,245,247,259,267,276,281,286,291,296,297],[2,3,4,18,40,46,63,64,74,90,112,138,150,151,155,159,160,165,171,175,194,198,199,241,253,262,265,285]].
[[2,3,4,18,40,46,63,64,74,90,112,138,150,151,155,159,160,165,171,175,194,198,199,241,253,262,265,285],[86,88],[1,5,6,7,8,9,10,11,12,14,15,16,17,19,20,21,22,23,24,26,27,28,30,31,32,33,34,35,36,37,38,39,41,42,43,44,45,47,48,49,50,51,52,53,54,55,56,57,58,59,60,61,62,65,66,67,68,69,71,72,73,75,76,77,78,79,80,81,82,83,84,85,87,89,91,92,93,94,95,96,97,98,100,101,102,104,105,106,107,108,109,110,111,113,114,115,116,117,118,119,120,121,123,124,125,126,127,129,130,131,132,133,134,135,136,137,139,140,141,142,143,144,146,147,148,149,152,153,154,156,157,158,161,162,163,164,166,168,169,170,172,173,174,176,177,179,180,181,182,183,184,185,186,187,188,191,192,193,195,196,197,200,201,202,203,204,205,207,208,209,210,212,215,216,217,218,219,220,221,222,223,224,225,227,228,229,230,231,232,233,234,235,236,237,238,239,240,242,243,244,246,248,249,250,251,252,254,255,256,257,258,260,261,263,264,266,268,269,270,271,272,273,274,275,277,278,279,280,282,283,284,287,288,289,290,292,293,294,295,298,299,300]].
[[86,88],[2,3,4,18,40,46,63,64,74,90,112,138,150,151,155,159,160,165,171,175,194,198,199,241,253,262,265,285],[13,25,29,70,99,103,122,128,145,167,178,189,190,206,211,213,214,226,245,247,259,267,276,281,286,291,296,297]].
[[2,3,4,18,40,46,63,64,74,90,112,138,150,151,155,159,160,165,171,175,194,198,199,241,253,262,265,285],[86,88],[1,5,6,7,8,9,10,11,12,14,15,16,17,19,20,21,22,23,24,26,27,28,30,31,32,33,34,35,36,37,38,39,41,42,43,44,45,47,48,49,50,51,52,53,54,55,56,57,58,59,60,61,62,65,66,67,68,69,71,72,73,75,76,77,78,79,80,81,82,83,84,85,87,89,91,92,93,94,95,96,97,98,100,101,102,104,105,106,107,108,109,110,111,113,114,115,116,117,118,119,120,121,123,124,125,126,127,129,130,131,132,133,134,135,136,137,139,140,141,142,143,144,146,147,148,149,152,153,154,156,157,158,161,162,163,164,166,168,169,170,172,173,174,176,177,179,180,181,182,183,184,185,186,187,188,191,192,193,195,196,197,200,201,202,203,204,205,207,208,209,210,212,215,216,217,218,219,220,221,222,223,224,225,227,228,229,230,231,232,233,234,235,236,237,238,239,240,242,243,244,246,248,249,250,251,252,254,255,256,257,258,260,261,263,264,266,268,269,270,271,272,273,274,275,277,278,279,280,282,283,284,287,288,289,290,292,293,294,295,298,299,300]].
[[2,3,4,18,40,46,63,64,74,90,112,138,150,151,155,159,160,165,171,175,194,198,199,241,253,262,265,285],[86,88],[1,5,6,7,8,9,10,11,12,14,15,16,17,19,20,21,22,23,24,26,27,28,30,31,32,33,34,35,36,37,38,39,41,42,43,44,45,47,48,49,50,51,52,53,54,55,56,57,58,59,60,61,62,65,66,67,68,69,71,72,73,75,76,77,78,79,80,81,82,83,84,85,87,89,91,92,93,94,95,96,97,98,100,101,102,104,105,106,107,108,109,110,111,113,114,115,116,117,118,119,120,121,123,124,125,126,127,129,130,131,132,133,134,135,136,137,139,140,141,142,143,144,146,147,148,149,152,153,154,156,157,158,161,162,163,164,166,168,169,170,172,173,174,176,177,179,180,181,182,183,184,185,186,187,188,191,192,193,195,196,197,200,201,202,203,204,205,207,208,209,210,212,215,216,217,218,219,220,221,222,223,224,225,227,228,229,230,231,232,233,234,235,236,237,238,239,240,242,243,244,246,248,249,250,251,252,254,255,256,257,258,260,261,263,264,266,268,269,270,271,272,273,274,275,277,278,279,280,282,283,284,287,288,289,290,292,293,294,295,298,299,300]].
[[1,5,6,7,8,9,10,11,12,14,15,16,17,19,20,21,22,23,24,26,27,28,30,31,32,33,34,35,36,37,38,39,41,42,43,44,45,47,48,49,50,51,52,53,54,55,56,57,58,59,60,61,62,65,66,67,68,69,71,72,73,75,76,77,78,79,80,81,82,83,84,85,87,89,91,92,93,94,95,96,97,98,100,101,102,104,105,106,107,108,109,110,111,113,114,115,116,117,118,119,120,121,123,124,125,126,127,129,130,131,132,133,134,135,136,137,139,140,141,142,143,144,146,147,148,149,152,153,154,156,157,158,161,162,163,164,166,168,169,170,172,173,174,176,177,179,180,181,182,183,184,185,186,187,188,191,192,193,195,196,197,200,201,202,203,204,205,207,208,209,210,212,215,216,217,218,219,220,221,222,223,224,225,227,228,229,230,231,232,233,234,235,236,237,238,239,240,242,243,244,246,248,249,250,251,252,254,255,256,257,258,260,261,263,264,266,268,269,270,271,272,273,274,275,277,278,279,280,282,283,284,287,288,289,290,292,293,294,295,298,299,300],[13,25,29,70,99,103,122,128,145,167,178,189,190,206,211,213,214,226,245,247,259,267,276,281,286,291,296,297],[2,3,4,18,40,46,63,64,74,90,112,138,150,151,155,159,160,165,171,175,194,198,199,241,253,262,265,285]].
[[2,3,4,18,40,46,63,64,74,90,112,138,150,151,155,159,160,165,171,175,194,198,199,241,253,262,265,285],[86,88],[1,5,6,7,8,9,10,11,12,14,15,16,17,19,20,21,22,23,24,26,27,28,30,31,32,33,34,35,36,37,38,39,41,42,43,44,45,47,48,49,50,51,52,53,54,55,56,57,58,59,60,61,62,65,66,67,68,69,71,72,73,75,76,77,78,79,80,81,82,83,84,85,87,89,91,92,93,94,95,96,97,98,100,101,102,104,105,106,107,108,109,110,111,113,114,115,116,117,118,119,120,121,123,124,125,126,127,129,130,131,132,133,134,135,136,137,139,140,141,142,143,144,146,147,148,149,152,153,154,156,157,158,161,162,163,164,166,168,169,170,172,173,174,176,177,179,180,181,182,183,184,185,186,187,188,191,192,193,195,196,197,200,201,202,203,204,205,207,208,209,210,212,215,216,217,218,219,220,221,222,223,224,225,227,228,229,230,231,232,233,234,235,236,237,238,239,240,242,243,244,246,248,249,250,251,252,254,255,256,257,258,260,261,263,264,266,268,269,270,271,272,273,274,275,277,278,279,280,282,283,284,287,288,289,290,292,293,294,295,298,299,300]].
[[13,25,29,70,99,103,122,128,145,167,178,189,190,206,211,213,214,226,245,247,259,267,276,281,286,291,296,297],[1,5,6,7,8,9,10,11,12,14,15,16,17,19,20,21,22,23,24,26,27,28,30,31,32,33,34,35,36,37,38,39,41,42,43,44,45,47,48,49,50,51,52,53,54,55,56,57,58,59,60,61,62,65,66,67,68,69,71,72,73,75,76,77,78,79,80,81,82,83,84,85,87,89,91,92,93,94,95,96,97,98,100,101,102,104,105,106,107,108,109,110,111,113,114,115,116,117,118,119,120,121,123,124,125,126,127,129,130,131,132,133,134,135,136,137,139,140,141,142,143,144,146,147,148,149,152,153,154,156,157,158,161,162,163,164,166,168,169,170,172,173,174,176,177,179,180,181,182,183,184,185,186,187,188,191,192,193,195,196,197,200,201,202,203,204,205,207,208,209,210,212,215,216,217,218,219,220,221,222,223,224,225,227,228,229,230,231,232,233,234,235,236,237,238,239,240,242,243,244,246,248,249,250,251,252,254,255,256,257,258,260,261,263,264,266,268,269,270,271,272,273,274,275,277,278,279,280,282,283,284,287,288,289,290,292,293,294,295,298,299,300],[86,88]].
[[86,88],[2,3,4,18,40,46,63,64,74,90,112,138,150,151,155,159,160,165,171,175,194,198,199,241,253,262,265,285],[13,25,29,70,99,103,122,128,145,167,178,189,190,206,211,213,214,226,245,247,259,267,276,281,286,291,296,297]].
[[13,25,29,70,99,103,122,128,145,167,178,189,190,206,211,213,214,226,245,247,259,267,276,281,286,291,296,297],[1,5,6,7,8,9,10,11,12,14,15,16,17,19,20,21,22,23,24,26,27,28,30,31,32,33,34,35,36,37,38,39,41,42,43,44,45,47,48,49,50,51,52,53,54,55,56,57,58,59,60,61,62,65,66,67,68,69,71,72,73,75,76,77,78,79,80,81,82,83,84,85,87,89,91,92,93,94,95,96,97,98,100,101,102,104,105,106,107,108,109,110,111,113,114,115,116,117,118,119,120,121,123,124,125,126,127,129,130,131,132,133,134,135,136,137,139,140,141,142,143,144,146,147,148,149,152,153,154,156,157,158,161,162,163,164,166,168,169,170,172,173,174,176,177,179,180,181,182,183,184,185,186,187,188,191,192,193,195,196,197,200,201,202,203,204,205,207,208,209,210,212,215,216,217,218,219,220,221,222,223,224,225,227,228,229,230,231,232,233,234,235,236,237,238,239,240,242,243,244,246,248,249,250,251,252,254,255,256,257,258,260,261,263,264,266,268,269,270,271,272,273,274,275,277,278,279,280,282,283,284,287,288,289,290,292,293,294,295,298,299,300],[86,88]].
[[86,88],[2,3,4,18,40,46,63,64,74,90,112,138,150,151,155,159,160,165,171,175,194,198,199,241,253,262,265,285],[13,25,29,70,99,103,122,128,145,167,178,189,190,206,211,213,214,226,245,247,259,267,276,281,286,291,296,297]].
[[2,3,4,18,40,46,63,64,74,90,112,138,150,151,155,159,160,165,171,175,194,198,199,241,253,262,265,285],[86,88],[1,5,6,7,8,9,10,11,12,14,15,16,17,19,20,21,22,23,24,26,27,28,30,31,32,33,34,35,36,37,38,39,41,42,43,44,45,47,48,49,50,51,52,53,54,55,56,57,58,59,60,61,62,65,66,67,68,69,71,72,73,75,76,77,78,79,80,81,82,83,84,85,87,89,91,92,93,94,95,96,97,98,100,101,102,104,105,106,107,108,109,110,111,113,114,115,116,117,118,119,120,121,123,124,125,126,127,129,130,131,132,133,134,135,136,137,139,140,141,142,143,144,146,147,148,149,152,153,154,156,157,158,161,162,163,164,166,168,169,170,172,173,174,176,177,179,180,181,182,183,184,185,186,187,188,191,192,193,195,196,197,200,201,202,203,204,205,207,208,209,210,212,215,216,217,218,219,220,221,222,223,224,225,227,228,229,230,231,232,233,234,235,236,237,238,239,240,242,243,244,246,248,249,250,251,252,254,255,256,257,258,260,261,263,264,266,268,269,270,271,272,273,274,275,277,278,279,280,282,283,284,287,288,289,290,292,293,294,295,298,299,300]].
[[86,88],[2,3,4,18,40,46,63,64,74,90,112,138,150,151,155,159,160,165,171,175,194,198,199,241,253,262,265,285],[13,25,29,70,99,103,122,128,145,167,178,189,190,206,211,213,214,226,245,247,259,267,276,281,286,291,296,297]].
[[86,88],[2,3,4,18,40,46,63,64,74,90,112,138,150,151,155,159,160,165,171,175,194,198,199,241,253,262,265,285],[13,25,29,70,99,103,122,128,145,167,178,189,190,206,211,213,214,226,245,247,259,267,276,281,286,291,296,297]].
[[86,88],[2,3,4,18,40,46,63,64,74,90,112,138,150,151,155,159,160,165,171,175,194,198,199,241,253,262,265,285],[13,25,29,70,99,103,122,128,145,167,178,189,190,206,211,213,214,226,245,247,259,267,276,281,286,291,296,297]].
[[2,3,4,18,40,46,63,64,74,90,112,138,150,151,155,159,160,165,171,175,194,198,199,241,253,262,265,285],[86,88],[1,5,6,7,8,9,10,11,12,14,15,16,17,19,20,21,22,23,24,26,27,28,30,31,32,33,34,35,36,37,38,39,41,42,43,44,45,47,48,49,50,51,52,53,54,55,56,57,58,59,60,61,62,65,66,67,68,69,71,72,73,75,76,77,78,79,80,81,82,83,84,85,87,89,91,92,93,94,95,96,97,98,100,101,102,104,105,106,107,108,109,110,111,113,114,115,116,117,118,119,120,121,123,124,125,126,127,129,130,131,132,133,134,135,136,137,139,140,141,142,143,144,146,147,148,149,152,153,154,156,157,158,161,162,163,164,166,168,169,170,172,173,174,176,177,179,180,181,182,183,184,185,186,187,188,191,192,193,195,196,197,200,201,202,203,204,205,207,208,209,210,212,215,216,217,218,219,220,221,222,223,224,225,227,228,229,230,231,232,233,234,235,236,237,238,239,240,242,243,244,246,248,249,250,251,252,254,255,256,257,258,260,261,263,264,266,268,269,270,271,272,273,274,275,277,278,279,280,282,283,284,287,288,289,290,292,293,294,295,298,299,300]].
[[13,25,29,70,99,103,122,128,145,167,178,189,190,206,211,213,214,226,245,247,259,267,276,281,286,291,296,297],[1,5,6,7,8,9,10,11,12,14,15,16,17,19,20,21,22,23,24,26,27,28,30,31,32,33,34,35,36,37,38,39,41,42,43,44,45,47,48,49,50,51,52,53,54,55,56,57,58,59,60,61,62,65,66,67,68,69,71,72,73,75,76,77,78,79,80,81,82,83,84,85,87,89,91,92,93,94,95,96,97,98,100,101,102,104,105,106,107,108,109,110,111,113,114,115,116,117,118,119,120,121,123,124,125,126,127,129,130,131,132,133,134,135,136,137,139,140,141,142,143,144,146,147,148,149,152,153,154,156,157,158,161,162,163,164,166,168,169,170,172,173,174,176,177,179,180,181,182,183,184,185,186,187,188,191,192,193,195,196,197,200,201,202,203,204,205,207,208,209,210,212,215,216,217,218,219,220,221,222,223,224,225,227,228,229,230,231,232,233,234,235,236,237,238,239,240,242,243,244,246,248,249,250,251,252,254,255,256,257,258,260,261,263,264,266,268,269,270,271,272,273,274,275,277,278,279,280,282,283,284,287,288,289,290,292,293,294,295,298,299,300],[86,88]].
[[2,3,4,18,40,46,63,64,74,90,112,138,150,151,155,159,160,165,171,175,194,198,199,241,253,262,265,285],[86,88],[1,5,6,7,8,9,10,11,12,14,15,16,17,19,20,21,22,23,24,26,27,28,30,31,32,33,34,35,36,37,38,39,41,42,43,44,45,47,48,49,50,51,52,53,54,55,56,57,58,59,60,61,62,65,66,67,68,69,71,72,73,75,76,77,78,79,80,81,82,83,84,85,87,89,91,92,93,94,95,96,97,98,100,101,102,104,105,106,107,108,109,110,111,113,114,115,116,117,118,119,120,121,123,124,125,126,127,129,130,131,132,133,134,135,136,137,139,140,141,142,143,144,146,147,148,149,152,153,154,156,157,158,161,162,163,164,166,168,169,170,172,173,174,176,177,179,180,181,182,183,184,185,186,187,188,191,192,193,195,196,197,200,201,202,203,204,205,207,208,209,210,212,215,216,217,218,219,220,221,222,223,224,225,227,228,229,230,231,232,233,234,235,236,237,238,239,240,242,243,244,246,248,249,250,251,252,254,255,256,257,258,260,261,263,264,266,268,269,270,271,272,273,274,275,277,278,279,280,282,283,284,287,288,289,290,292,293,294,295,298,299,300]].
[[1,5,6,7,8,9,10,11,12,14,15,16,17,19,20,21,22,23,24,26,27,28,30,31,32,33,34,35,36,37,38,39,41,42,43,44,45,47,48,49,50,51,52,53,54,55,56,57,58,59,60,61,62,65,66,67,68,69,71,72,73,75,76,77,78,79,80,81,82,83,84,85,87,89,91,92,93,94,95,96,97,98,100,101,102,104,105,106,107,108,109,110,111,113,114,115,116,117,118,119,120,121,123,124,125,126,127,129,130,131,132,133,134,135,136,137,139,140,141,142,143,144,146,147,148,149,152,153,154,156,157,158,161,162,163,164,166,168,169,170,172,173,174,176,177,179,180,181,182,183,184,185,186,187,188,191,192,193,195,196,197,200,201,202,203,204,205,207,208,209,210,212,215,216,217,218,219,220,221,222,223,224,225,227,228,229,230,231,232,233,234,235,236,237,238,239,240,242,243,244,246,248,249,250,251,252,254,255,256,257,258,260,261,263,264,266,268,269,270,271,272,273,274,275,277,278,279,280,282,283,284,287,288,289,290,292,293,294,295,298,299,300],[13,25,29,70,99,103,122,128,145,167,178,189,190,206,211,213,214,226,245,247,259,267,276,281,286,291,296,297],[2,3,4,18,40,46,63,64,74,90,112,138,150,151,155,159,160,165,171,175,194,198,199,241,253,262,265,285]].
[[86,88],[2,3,4,18,40,46,63,64,74,90,112,138,150,151,155,159,160,165,171,175,194,198,199,241,253,262,265,285],[13,25,29,70,99,103,122,128,145,167,178,189,190,206,211,213,214,226,245,247,259,267,276,281,286,291,296,297]].
[[2,3,4,18,40,46,63,64,74,90,112,138,150,151,155,159,160,165,171,175,194,198,199,241,253,262,265,285],[86,88],[1,5,6,7,8,9,10,11,12,14,15,16,17,19,20,21,22,23,24,26,27,28,30,31,32,33,34,35,36,37,38,39,41,42,43,44,45,47,48,49,50,51,52,53,54,55,56,57,58,59,60,61,62,65,66,67,68,69,71,72,73,75,76,77,78,79,80,81,82,83,84,85,87,89,91,92,93,94,95,96,97,98,100,101,102,104,105,106,107,108,109,110,111,113,114,115,116,117,118,119,120,121,123,124,125,126,127,129,130,131,132,133,134,135,136,137,139,140,141,142,143,144,146,147,148,149,152,153,154,156,157,158,161,162,163,164,166,168,169,170,172,173,174,176,177,179,180,181,182,183,184,185,186,187,188,191,192,193,195,196,197,200,201,202,203,204,205,207,208,209,210,212,215,216,217,218,219,220,221,222,223,224,225,227,228,229,230,231,232,233,234,235,236,237,238,239,240,242,243,244,246,248,249,250,251,252,254,255,256,257,258,260,261,263,264,266,268,269,270,271,272,273,274,275,277,278,279,280,282,283,284,287,288,289,290,292,293,294,295,298,299,300]].
[[2,3,4,18,40,46,63,64,74,90,112,138,150,151,155,159,160,165,171,175,194,198,199,241,253,262,265,285],[86,88],[1,5,6,7,8,9,10,11,12,14,15,16,17,19,20,21,22,23,24,26,27,28,30,31,32,33,34,35,36,37,38,39,41,42,43,44,45,47,48,49,50,51,52,53,54,55,56,57,58,59,60,61,62,65,66,67,68,69,71,72,73,75,76,77,78,79,80,81,82,83,84,85,87,89,91,92,93,94,95,96,97,98,100,101,102,104,105,106,107,108,109,110,111,113,114,115,116,117,118,119,120,121,123,124,125,126,127,129,130,131,132,133,134,135,136,137,139,140,141,142,143,144,146,147,148,149,152,153,154,156,157,158,161,162,163,164,166,168,169,170,172,173,174,176,177,179,180,181,182,183,184,185,186,187,188,191,192,193,195,196,197,200,201,202,203,204,205,207,208,209,210,212,215,216,217,218,219,220,221,222,223,224,225,227,228,229,230,231,232,233,234,235,236,237,238,239,240,242,243,244,246,248,249,250,251,252,254,255,256,257,258,260,261,263,264,266,268,269,270,271,272,273,274,275,277,278,279,280,282,283,284,287,288,289,290,292,293,294,295,298,299,300]].
