[[2,6,7,9,12,13,15,16,17,19,20,23,24,25,26,33,35,36,38,42,43,45,46,53,55,56,
  57,63,65,70,79,80,82,83,88,89,90,93,94,95,99,101,102,105,107,108,109,111,
  112,116,118,119,121,122,126,127,128,129,130,132,133,135,136,137,142,143,144,
  146,147,148,149,152,153,156,161,162,163,164,165,167,169,172,173,174,177,179,
  180,186,187,188,190,191,192,195,197,198,200,203,204,205,207,208,210,212,213,
  214,216,227,229,232,235,237,239,242,243,244,245,247,249,250,253,254,256,259,
  260,261,265,268,269,272,274,275,276,277,279,282,284,285,287,289,291,295,296,
  297,298,299,300],
 [1,3,8,18,28,29,30,31,34,37,39,41,47,49,58,60,61,64,67,68,69,72,73,87,92,96,
  98,100,113,120,125,134,139,140,145,150,158,178,181,182,183,193,196,199,206,
  217,219,220,222,224,225,228,230,238,246,248,258,266,267,270,281,283,294],
 [10,14,22,27,32,40,44,48,51,52,54,59,71,74,77,78,84,86,91,103,106,114,115,
  117,123,124,131,141,151,154,155,157,159,160,166,170,175,176,184,194,201,211,
  215,221,223,226,234,236,241,251,255,257,262,263,264,271,273,278,280,286,288,
  292,293]].
[[1,3,8,18,28,29,30,31,34,37,39,41,47,49,58,60,61,64,67,68,69,72,73,87,92,96,
  98,100,113,120,125,134,139,140,145,150,158,178,181,182,183,193,196,199,206,
  217,219,220,222,224,225,228,230,238,246,248,258,266,267,270,281,283,294],
 [2,6,7,9,12,13,15,16,17,19,20,23,24,25,26,33,35,36,38,42,43,45,46,53,55,56,
  57,63,65,70,79,80,82,83,88,89,90,93,94,95,99,101,102,105,107,108,109,111,
  112,116,118,119,121,122,126,127,128,129,130,132,133,135,136,137,142,143,144,
  146,147,148,149,152,153,156,161,162,163,164,165,167,169,172,173,174,177,179,
  180,186,187,188,190,191,192,195,197,198,200,203,204,205,207,208,210,212,213,
  214,216,227,229,232,235,237,239,242,243,244,245,247,249,250,253,254,256,259,
  260,261,265,268,269,272,274,275,276,277,279,282,284,285,287,289,291,295,296,
  297,298,299,300],
 [4,5,11,21,50,62,66,75,76,81,85,97,104,110,138,168,171,185,189,202,209,218,
  231,233,240,252,290]].
[[2,6,7,9,12,13,15,16,17,19,20,23,24,25,26,33,35,36,38,42,43,45,46,53,55,56,
  57,63,65,70,79,80,82,83,88,89,90,93,94,95,99,101,102,105,107,108,109,111,
  112,116,118,119,121,122,126,127,128,129,130,132,133,135,136,137,142,143,144,
  146,147,148,149,152,153,156,161,162,163,164,165,167,169,172,173,174,177,179,
  180,186,187,188,190,191,192,195,197,198,200,203,204,205,207,208,210,212,213,
  214,216,227,229,232,235,237,239,242,243,244,245,247,249,250,253,254,256,259,
  260,261,265,268,269,272,274,275,276,277,279,282,284,285,287,289,291,295,296,
  297,298,299,300],
 [1,3,8,18,28,29,30,31,34,37,39,41,47,49,58,60,61,64,67,68,69,72,73,87,92,96,
  98,100,113,120,125,134,139,140,145,150,158,178,181,182,183,193,196,199,206,
  217,219,220,222,224,225,228,230,238,246,248,258,266,267,270,281,283,294],
 [10,14,22,27,32,40,44,48,51,52,54,59,71,74,77,78,84,86,91,103,106,114,115,
  117,123,124,131,141,151,154,155,157,159,160,166,170,175,176,184,194,201,211,
  215,221,223,226,234,236,241,251,255,257,262,263,264,271,273,278,280,286,288,
  292,293]].
[[4,5,11,21,50,62,66,75,76,81,85,97,104,110,138,168,171,185,189,202,209,218,
  231,233,240,252,290],
 [10,14,22,27,32,40,44,48,51,52,54,59,71,74,77,78,84,86,91,103,106,114,115,
  117,123,124,131,141,151,154,155,157,159,160,166,170,175,176,184,194,201,211,
  215,221,223,226,234,236,241,251,255,257,262,263,264,271,273,278,280,286,288,
  292,293],
 [1,3,8,18,28,29,30,31,34,37,39,41,47,49,58,60,61,64,67,68,69,72,73,87,92,96,
  98,100,113,120,125,134,139,140,145,150,158,178,181,182,183,193,196,199,206,
  217,219,220,222,224,225,228,230,238,246,248,258,266,267,270,281,283,294]].
[[2,6,7,9,12,13,15,16,17,19,20,23,24,25,26,33,35,36,38,42,43,45,46,53,55,56,
  57,63,65,70,79,80,82,83,88,89,90,93,94,95,99,101,102,105,107,108,109,111,
  112,116,118,119,121,122,126,127,128,129,130,132,133,135,136,137,142,143,144,
  146,147,148,149,152,153,156,161,162,163,164,165,167,169,172,173,174,177,179,
  180,186,187,188,190,191,192,195,197,198,200,203,204,205,207,208,210,212,213,
  214,216,227,229,232,235,237,239,242,243,244,245,247,249,250,253,254,256,259,
  260,261,265,268,269,272,274,275,276,277,279,282,284,285,287,289,291,295,296,
  297,298,299,300],
 [1,3,8,18,28,29,30,31,34,37,39,41,47,49,58,60,61,64,67,68,69,72,73,87,92,96,
  98,100,113,120,125,134,139,140,145,150,158,178,181,182,183,193,196,199,206,
  217,219,220,222,224,225,228,230,238,246,248,258,266,267,270,281,283,294],
 [10,14,22,27,32,40,44,48,51,52,54,59,71,74,77,78,84,86,91,103,106,114,115,
  117,123,124,131,141,151,154,155,157,159,160,166,170,175,176,184,194,201,211,
  215,221,223,226,234,236,241,251,255,257,262,263,264,271,273,278,280,286,288,
  292,293]].
[[4,5,11,21,50,62,66,75,76,81,85,97,104,110,138,168,171,185,189,202,209,218,
  231,233,240,252,290],
 [10,14,22,27,32,40,44,48,51,52,54,59,71,74,77,78,84,86,91,103,106,114,115,
  117,123,124,131,141,151,154,155,157,159,160,166,170,175,176,184,194,201,211,
  215,221,223,226,234,236,241,251,255,257,262,263,264,271,273,278,280,286,288,
  292,293],
 [1,3,8,18,28,29,30,31,34,37,39,41,47,49,58,60,61,64,67,68,69,72,73,87,92,96,
  98,100,113,120,125,134,139,140,145,150,158,178,181,182,183,193,196,199,206,
  217,219,220,222,224,225,228,230,238,246,248,258,266,267,270,281,283,294]].
[[1,3,8,18,28,29,30,31,34,37,39,41,47,49,58,60,61,64,67,68,69,72,73,87,92,96,
  98,100,113,120,125,134,139,140,145,150,158,178,181,182,183,193,196,199,206,
  217,219,220,222,224,225,228,230,238,246,248,258,266,267,270,281,283,294],
 [2,6,7,9,12,13,15,16,17,19,20,23,24,25,26,33,35,36,38,42,43,45,46,53,55,56,
  57,63,65,70,79,80,82,83,88,89,90,93,94,95,99,101,102,105,107,108,109,111,
  112,116,118,119,121,122,126,127,128,129,130,132,133,135,136,137,142,143,144,
  146,147,148,149,152,153,156,161,162,163,164,165,167,169,172,173,174,177,179,
  180,186,187,188,190,191,192,195,197,198,200,203,204,205,207,208,210,212,213,
  214,216,227,229,232,235,237,239,242,243,244,245,247,249,250,253,254,256,259,
  260,261,265,268,269,272,274,275,276,277,279,282,284,285,287,289,291,295,296,
  297,298,299,300],
 [4,5,11,21,50,62,66,75,76,81,85,97,104,110,138,168,171,185,189,202,209,218,
  231,233,240,252,290]].
[[2,6,7,9,12,13,15,16,17,19,20,23,24,25,26,33,35,36,38,42,43,45,46,53,55,56,
  57,63,65,70,79,80,82,83,88,89,90,93,94,95,99,101,102,105,107,108,109,111,
  112,116,118,119,121,122,126,127,128,129,130,132,133,135,136,137,142,143,144,
  146,147,148,149,152,153,156,161,162,163,164,165,167,169,172,173,174,177,179,
  180,186,187,188,190,191,192,195,197,198,200,203,204,205,207,208,210,212,213,
  214,216,227,229,232,235,237,239,242,243,244,245,247,249,250,253,254,256,259,
  260,261,265,268,269,272,274,275,276,277,279,282,284,285,287,289,291,295,296,
  297,298,299,300],
 [1,3,8,18,28,29,30,31,34,37,39,41,47,49,58,60,61,64,67,68,69,72,73,87,92,96,
  98,100,113,120,125,134,139,140,145,150,158,178,181,182,183,193,196,199,206,
  217,219,220,222,224,225,228,230,238,246,248,258,266,267,270,281,283,294],
 [10,14,22,27,32,40,44,48,51,52,54,59,71,74,77,78,84,86,91,103,106,114,115,
  117,123,124,131,141,151,154,155,157,159,160,166,170,175,176,184,194,201,211,
  215,221,223,226,234,236,241,251,255,257,262,263,264,271,273,278,280,286,288,
  292,293]].
[[10,14,22,27,32,40,44,48,51,52,54,59,71,74,77,78,84,86,91,103,106,114,115,
  117,123,124,131,141,151,154,155,157,159,160,166,170,175,176,184,194,201,211,
  215,221,223,226,234,236,241,251,255,257,262,263,264,271,273,278,280,286,288,
  292,293],
 [4,5,11,21,50,62,66,75,76,81,85,97,104,110,138,168,171,185,189,202,209,218,
  231,233,240,252,290],
 [2,6,7,9,12,13,15,16,17,19,20,23,24,25,26,33,35,36,38,42,43,45,46,53,55,56,
  57,63,65,70,79,80,82,83,88,89,90,93,94,95,99,101,102,105,107,108,109,111,
  112,116,118,119,121,122,126,127,128,129,130,132,133,135,136,137,142,143,144,
  146,147,148,149,152,153,156,161,162,163,164,165,167,169,172,173,174,177,179,
  180,186,187,188,190,191,192,195,197,198,200,203,204,205,207,208,210,212,213,
  214,216,227,229,232,235,237,239,242,243,244,245,247,249,250,253,254,256,259,
  260,261,265,268,269,272,274,275,276,277,279,282,284,285,287,289,291,295,296,
  297,298,299,300]].
[[1,3,8,18,28,29,30,31,34,37,39,41,47,49,58,60,61,64,67,68,69,72,73,87,92,96,
  98,100,113,120,125,134,139,140,145,150,158,178,181,182,183,193,196,199,206,
  217,219,220,222,224,225,228,230,238,246,248,258,266,267,270,281,283,294],
 [2,6,7,9,12,13,15,16,17,19,20,23,24,25,26,33,35,36,38,42,43,45,46,53,55,56,
  57,63,65,70,79,80,82,83,88,89,90,93,94,95,99,101,102,105,107,108,109,111,
  112,116,118,119,121,122,126,127,128,129,130,132,133,135,136,137,142,143,144,
  146,147,148,149,152,153,156,161,162,163,164,165,167,169,172,173,174,177,179,
  180,186,187,188,190,191,192,195,197,198,200,203,204,205,207,208,210,212,213,
  214,216,227,229,232,235,237,239,242,243,244,245,247,249,250,253,254,256,259,
  260,261,265,268,269,272,274,275,276,277,279,282,284,285,287,289,291,295,296,
  297,298,299,300],
 [4,5,11,21,50,62,66,75,76,81,85,97,104,110,138,168,171,185,189,202,209,218,
  231,233,240,252,290]].
[[2,6,7,9,12,13,15,16,17,19,20,23,24,25,26,33,35,36,38,42,43,45,46,53,55,56,
  57,63,65,70,79,80,82,83,88,89,90,93,94,95,99,101,102,105,107,108,109,111,
  112,116,118,119,121,122,126,127,128,129,130,132,133,135,136,137,142,143,144,
  146,147,148,149,152,153,156,161,162,163,164,165,167,169,172,173,174,177,179,
  180,186,187,188,190,191,192,195,197,198,200,203,204,205,207,208,210,212,213,
  214,216,227,229,232,235,237,239,242,243,244,245,247,249,250,253,254,256,259,
  260,261,265,268,269,272,274,275,276,277,279,282,284,285,287,289,291,295,296,
  297,298,299,300],
 [1,3,8,18,28,29,30,31,34,37,39,41,47,49,58,60,61,64,67,68,69,72,73,87,92,96,
  98,100,113,120,125,134,139,140,145,150,158,178,181,182,183,193,196,199,206,
  217,219,220,222,224,225,228,230,238,246,248,258,266,267,270,281,283,294],
 [10,14,22,27,32,40,44,48,51,52,54,59,71,74,77,78,84,86,91,103,106,114,115,
  117,123,124,131,141,151,154,155,157,159,160,166,170,175,176,184,194,201,211,
  215,221,223,226,234,236,241,251,255,257,262,263,264,271,273,278,280,286,288,
  292,293]].
[[2,6,7,9,12,13,15,16,17,19,20,23,24,25,26,33,35,36,38,42,43,45,46,53,55,56,
  57,63,65,70,79,80,82,83,88,89,90,93,94,95,99,101,102,105,107,108,109,111,
  112,116,118,119,121,122,126,127,128,129,130,132,133,135,136,137,142,143,144,
  146,147,148,149,152,153,156,161,162,163,164,165,167,169,172,173,174,177,179,
  180,186,187,188,190,191,192,195,197,198,200,203,204,205,207,208,210,212,213,
  214,216,227,229,232,235,237,239,242,243,244,245,247,249,250,253,254,256,259,
  260,261,265,268,269,272,274,275,276,277,279,282,284,285,287,289,291,295,296,
  297,298,299,300],
 [1,3,8,18,28,29,30,31,34,37,39,41,47,49,58,60,61,64,67,68,69,72,73,87,92,96,
  98,100,113,120,125,134,139,140,145,150,158,178,181,182,183,193,196,199,206,
  217,219,220,222,224,225,228,230,238,246,248,258,266,267,270,281,283,294],
 [10,14,22,27,32,40,44,48,51,52,54,59,71,74,77,78,84,86,91,103,106,114,115,
  117,123,124,131,141,151,154,155,157,159,160,166,170,175,176,184,194,201,211,
  215,221,223,226,234,236,241,251,255,257,262,263,264,271,273,278,280,286,288,
  292,293]].
[[2,6,7,9,12,13,15,16,17,19,20,23,24,25,26,33,35,36,38,42,43,45,46,53,55,56,
  57,63,65,70,79,80,82,83,88,89,90,93,94,95,99,101,102,105,107,108,109,111,
  112,116,118,119,121,122,126,127,128,129,130,132,133,135,136,137,142,143,144,
  146,147,148,149,152,153,156,161,162,163,164,165,167,169,172,173,174,177,179,
  180,186,187,188,190,191,192,195,197,198,200,203,204,205,207,208,210,212,213,
  214,216,227,229,232,235,237,239,242,243,244,245,247,249,250,253,254,256,259,
  260,261,265,268,269,272,274,275,276,277,279,282,284,285,287,289,291,295,296,
  297,298,299,300],
 [1,3,8,18,28,29,30,31,34,37,39,41,47,49,58,60,61,64,67,68,69,72,73,87,92,96,
  98,100,113,120,125,134,139,140,145,150,158,178,181,182,183,193,196,199,206,
  217,219,220,222,224,225,228,230,238,246,248,258,266,267,270,281,283,294],
 [10,14,22,27,32,40,44,48,51,52,54,59,71,74,77,78,84,86,91,103,106,114,115,
  117,123,124,131,141,151,154,155,157,159,160,166,170,175,176,184,194,201,211,
  215,221,223,226,234,236,241,251,255,257,262,263,264,271,273,278,280,286,288,
  292,293]].
[[10,14,22,27,32,40,44,48,51,52,54,59,71,74,77,78,84,86,91,103,106,114,115,
  117,123,124,131,141,151,154,155,157,159,160,166,170,175,176,184,194,201,211,
  215,221,223,226,234,236,241,251,255,257,262,263,264,271,273,278,280,286,288,
  292,293],
 [4,5,11,21,50,62,66,75,76,81,85,97,104,110,138,168,171,185,189,202,209,218,
  231,233,240,252,290],
 [2,6,7,9,12,13,15,16,17,19,20,23,24,25,26,33,35,36,38,42,43,45,46,53,55,56,
  57,63,65,70,79,80,82,83,88,89,90,93,94,95,99,101,102,105,107,108,109,111,
  112,116,118,119,121,122,126,127,128,129,130,132,133,135,136,137,142,143,144,
  146,147,148,149,152,153,156,161,162,163,164,165,167,169,172,173,174,177,179,
  180,186,187,188,190,191,192,195,197,198,200,203,204,205,207,208,210,212,213,
  214,216,227,229,232,235,237,239,242,243,244,245,247,249,250,253,254,256,259,
  260,261,265,268,269,272,274,275,276,277,279,282,284,285,287,289,291,295,296,
  297,298,299,300]].
[[1,3,8,18,28,29,30,31,34,37,39,41,47,49,58,60,61,64,67,68,69,72,73,87,92,96,
  98,100,113,120,125,134,139,140,145,150,158,178,181,182,183,193,196,199,206,
  217,219,220,222,224,225,228,230,238,246,248,258,266,267,270,281,283,294],
 [2,6,7,9,12,13,15,16,17,19,20,23,24,25,26,33,35,36,38,42,43,45,46,53,55,56,
  57,63,65,70,79,80,82,83,88,89,90,93,94,95,99,101,102,105,107,108,109,111,
  112,116,118,119,121,122,126,127,128,129,130,132,133,135,136,137,142,143,144,
  146,147,148,149,152,153,156,161,162,163,164,165,167,169,172,173,174,177,179,
  180,186,187,188,190,191,192,195,197,198,200,203,204,205,207,208,210,212,213,
  214,216,227,229,232,235,237,239,242,243,244,245,247,249,250,253,254,256,259,
  260,261,265,268,269,272,274,275,276,277,279,282,284,285,287,289,291,295,296,
  297,298,299,300],
 [4,5,11,21,50,62,66,75,76,81,85,97,104,110,138,168,171,185,189,202,209,218,
  231,233,240,252,290]].
[[2,6,7,9,12,13,15,16,17,19,20,23,24,25,26,33,35,36,38,42,43,45,46,53,55,56,
  57,63,65,70,79,80,82,83,88,89,90,93,94,95,99,101,102,105,107,108,109,111,
  112,116,118,119,121,122,126,127,128,129,130,132,133,135,136,137,142,143,144,
  146,147,148,149,152,153,156,161,162,163,164,165,167,169,172,173,174,177,179,
  180,186,187,188,190,191,192,195,197,198,200,203,204,205,207,208,210,212,213,
  214,216,227,229,232,235,237,239,242,243,244,245,247,249,250,253,254,256,259,
  260,261,265,268,269,272,274,275,276,277,279,282,284,285,287,289,291,295,296,
  297,298,299,300],
 [1,3,8,18,28,29,30,31,34,37,39,41,47,49,58,60,61,64,67,68,69,72,73,87,92,96,
  98,100,113,120,125,134,139,140,145,150,158,178,181,182,183,193,196,199,206,
  217,219,220,222,224,225,228,230,238,246,248,258,266,267,270,281,283,294],
 [10,14,22,27,32,40,44,48,51,52,54,59,71,74,77,78,84,86,91,103,106,114,115,
  117,123,124,131,141,151,154,155,157,159,160,166,170,175,176,184,194,201,211,
  215,221,223,226,234,236,241,251,255,257,262,263,264,271,273,278,280,286,288,
  292,293]].
[[10,14,22,27,32,40,44,48,51,52,54,59,71,74,77,78,84,86,91,103,106,114,115,
  117,123,124,131,141,151,154,155,157,159,160,166,170,175,176,184,194,201,211,
  215,221,223,226,234,236,241,251,255,257,262,263,264,271,273,278,280,286,288,
  292,293],
 [4,5,11,21,50,62,66,75,76,81,85,97,104,110,138,168,171,185,189,202,209,218,
  231,233,240,252,290],
 [2,6,7,9,12,13,15,16,17,19,20,23,24,25,26,33,35,36,38,42,43,45,46,53,55,56,
  57,63,65,70,79,80,82,83,88,89,90,93,94,95,99,101,102,105,107,108,109,111,
  112,116,118,119,121,122,126,127,128,129,130,132,133,135,136,137,142,143,144,
  146,147,148,149,152,153,156,161,162,163,164,165,167,169,172,173,174,177,179,
  180,186,187,188,190,191,192,195,197,198,200,203,204,205,207,208,210,212,213,
  214,216,227,229,232,235,237,239,242,243,244,245,247,249,250,253,254,256,259,
  260,261,265,268,269,272,274,275,276,277,279,282,284,285,287,289,291,295,296,
  297,298,299,300]].
[[10,14,22,27,32,40,44,48,51,52,54,59,71,74,77,78,84,86,91,103,106,114,115,
  117,123,124,131,141,151,154,155,157,159,160,166,170,175,176,184,194,201,211,
  215,221,223,226,234,236,241,251,255,257,262,263,264,271,273,278,280,286,288,
  292,293],
 [4,5,11,21,50,62,66,75,76,81,85,97,104,110,138,168,171,185,189,202,209,218,
  231,233,240,252,290],
 [2,6,7,9,12,13,15,16,17,19,20,23,24,25,26,33,35,36,38,42,43,45,46,53,55,56,
  57,63,65,70,79,80,82,83,88,89,90,93,94,95,99,101,102,105,107,108,109,111,
  112,116,118,119,121,122,126,127,128,129,130,132,133,135,136,137,142,143,144,
  146,147,148,149,152,153,156,161,162,163,164,165,167,169,172,173,174,177,179,
  180,186,187,188,190,191,192,195,197,198,200,203,204,205,207,208,210,212,213,
  214,216,227,229,232,235,237,239,242,243,244,245,247,249,250,253,254,256,259,
  260,261,265,268,269,272,274,275,276,277,279,282,284,285,287,289,291,295,296,
  297,298,299,300]].
[[1,3,8,18,28,29,30,31,34,37,39,41,47,49,58,60,61,64,67,68,69,72,73,87,92,96,
  98,100,113,120,125,134,139,140,145,150,158,178,181,182,183,193,196,199,206,
  217,219,220,222,224,225,228,230,238,246,248,258,266,267,270,281,283,294],
 [2,6,7,9,12,13,15,16,17,19,20,23,24,25,26,33,35,36,38,42,43,45,46,53,55,56,
  57,63,65,70,79,80,82,83,88,89,90,93,94,95,99,101,102,105,107,108,109,111,
  112,116,118,119,121,122,126,127,128,129,130,132,133,135,136,137,142,143,144,
  146,147,148,149,152,153,156,161,162,163,164,165,167,169,172,173,174,177,179,
  180,186,187,188,190,191,192,195,197,198,200,203,204,205,207,208,210,212,213,
  214,216,227,229,232,235,237,239,242,243,244,245,247,249,250,253,254,256,259,
  260,261,265,268,269,272,274,275,276,277,279,282,284,285,287,289,291,295,296,
  297,298,299,300],
 [4,5,11,21,50,62,66,75,76,81,85,97,104,110,138,168,171,185,189,202,209,218,
  231,233,240,252,290]].
[[2,6,7,9,12,13,15,16,17,19,20,23,24,25,26,33,35,36,38,42,43,45,46,53,55,56,
  57,63,65,70,79,80,82,83,88,89,90,93,94,95,99,101,102,105,107,108,109,111,
  112,116,118,119,121,122,126,127,128,129,130,132,133,135,136,137,142,143,144,
  146,147,148,149,152,153,156,161,162,163,164,165,167,169,172,173,174,177,179,
  180,186,187,188,190,191,192,195,197,198,200,203,204,205,207,208,210,212,213,
  214,216,227,229,232,235,237,239,242,243,244,245,247,249,250,253,254,256,259,
  260,261,265,268,269,272,274,275,276,277,279,282,284,285,287,289,291,295,296,
  297,298,299,300],
 [1,3,8,18,28,29,30,31,34,37,39,41,47,49,58,60,61,64,67,68,69,72,73,87,92,96,
  98,100,113,120,125,134,139,140,145,150,158,178,181,182,183,193,196,199,206,
  217,219,220,222,224,225,228,230,238,246,248,258,266,267,270,281,283,294],
 [10,14,22,27,32,40,44,48,51,52,54,59,71,74,77,78,84,86,91,103,106,114,115,
  117,123,124,131,141,151,154,155,157,159,160,166,170,175,176,184,194,201,211,
  215,221,223,226,234,236,241,251,255,257,262,263,264,271,273,278,280,286,288,
  292,293]].
[[2,6,7,9,12,13,15,16,17,19,20,23,24,25,26,33,35,36,38,42,43,45,46,53,55,56,
  57,63,65,70,79,80,82,83,88,89,90,93,94,95,99,101,102,105,107,108,109,111,
  112,116,118,119,121,122,126,127,128,129,130,132,133,135,136,137,142,143,144,
  146,147,148,149,152,153,156,161,162,163,164,165,167,169,172,173,174,177,179,
  180,186,187,188,190,191,192,195,197,198,200,203,204,205,207,208,210,212,213,
  214,216,227,229,232,235,237,239,242,243,244,245,247,249,250,253,254,256,259,
  260,261,265,268,269,272,274,275,276,277,279,282,284,285,287,289,291,295,296,
  297,298,299,300],
 [1,3,8,18,28,29,30,31,34,37,39,41,47,49,58,60,61,64,67,68,69,72,73,87,92,96,
  98,100,113,120,125,134,139,140,145,150,158,178,181,182,183,193,196,199,206,
  217,219,220,222,224,225,228,230,238,246,248,258,266,267,270,281,283,294],
 [10,14,22,27,32,40,44,48,51,52,54,59,71,74,77,78,84,86,91,103,106,114,115,
  117,123,124,131,141,151,154,155,157,159,160,166,170,175,176,184,194,201,211,
  215,221,223,226,234,236,241,251,255,257,262,263,264,271,273,278,280,286,288,
  292,293]].
[[2,6,7,9,12,13,15,16,17,19,20,23,24,25,26,33,35,36,38,42,43,45,46,53,55,56,
  57,63,65,70,79,80,82,83,88,89,90,93,94,95,99,101,102,105,107,108,109,111,
  112,116,118,119,121,122,126,127,128,129,130,132,133,135,136,137,142,143,144,
  146,147,148,149,152,153,156,161,162,163,164,165,167,169,172,173,174,177,179,
  180,186,187,188,190,191,192,195,197,198,200,203,204,205,207,208,210,212,213,
  214,216,227,229,232,235,237,239,242,243,244,245,247,249,250,253,254,256,259,
  260,261,265,268,269,272,274,275,276,277,279,282,284,285,287,289,291,295,296,
  297,298,299,300],
 [1,3,8,18,28,29,30,31,34,37,39,41,47,49,58,60,61,64,67,68,69,72,73,87,92,96,
  98,100,113,120,125,134,139,140,145,150,158,178,181,182,183,193,196,199,206,
  217,219,220,222,224,225,228,230,238,246,248,258,266,267,270,281,283,294],
 [10,14,22,27,32,40,44,48,51,52,54,59,71,74,77,78,84,86,91,103,106,114,115,
  117,123,124,131,141,151,154,155,157,159,160,166,170,175,176,184,194,201,211,
  215,221,223,226,234,236,241,251,255,257,262,263,264,271,273,278,280,286,288,
  292,293]].
[[2,6,7,9,12,13,15,16,17,19,20,23,24,25,26,33,35,36,38,42,43,45,46,53,55,56,
  57,63,65,70,79,80,82,83,88,89,90,93,94,95,99,101,102,105,107,108,109,111,
  112,116,118,119,121,122,126,127,128,129,130,132,133,135,136,137,142,143,144,
  146,147,148,149,152,153,156,161,162,163,164,165,167,169,172,173,174,177,179,
  180,186,187,188,190,191,192,195,197,198,200,203,204,205,207,208,210,212,213,
  214,216,227,229,232,235,237,239,242,243,244,245,247,249,250,253,254,256,259,
  260,261,265,268,269,272,274,275,276,277,279,282,284,285,287,289,291,295,296,
  297,298,299,300],
 [1,3,8,18,28,29,30,31,34,37,39,41,47,49,58,60,61,64,67,68,69,72,73,87,92,96,
  98,100,113,120,125,134,139,140,145,150,158,178,181,182,183,193,196,199,206,
  217,219,220,222,224,225,228,230,238,246,248,258,266,267,270,281,283,294],
 [10,14,22,27,32,40,44,48,51,52,54,59,71,74,77,78,84,86,91,103,106,114,115,
  117,123,124,131,141,151,154,155,157,159,160,166,170,175,176,184,194,201,211,
  215,221,223,226,234,236,241,251,255,257,262,263,264,271,273,278,280,286,288,
  292,293]].
[[1,3,8,18,28,29,30,31,34,37,39,41,47,49,58,60,61,64,67,68,69,72,73,87,92,96,
  98,100,113,120,125,134,139,140,145,150,158,178,181,182,183,193,196,199,206,
  217,219,220,222,224,225,228,230,238,246,248,258,266,267,270,281,283,294],
 [2,6,7,9,12,13,15,16,17,19,20,23,24,25,26,33,35,36,38,42,43,45,46,53,55,56,
  57,63,65,70,79,80,82,83,88,89,90,93,94,95,99,101,102,105,107,108,109,111,
  112,116,118,119,121,122,126,127,128,129,130,132,133,135,136,137,142,143,144,
  146,147,148,149,152,153,156,161,162,163,164,165,167,169,172,173,174,177,179,
  180,186,187,188,190,191,192,195,197,198,200,203,204,205,207,208,210,212,213,
  214,216,227,229,232,235,237,239,242,243,244,245,247,249,250,253,254,256,259,
  260,261,265,268,269,272,274,275,276,277,279,282,284,285,287,289,291,295,296,
  297,298,299,300],
 [4,5,11,21,50,62,66,75,76,81,85,97,104,110,138,168,171,185,189,202,209,218,
  231,233,240,252,290]].
[[2,6,7,9,12,13,15,16,17,19,20,23,24,25,26,33,35,36,38,42,43,45,46,53,55,56,
  57,63,65,70,79,80,82,83,88,89,90,93,94,95,99,101,102,105,107,108,109,111,
  112,116,118,119,121,122,126,127,128,129,130,132,133,135,136,137,142,143,144,
  146,147,148,149,152,153,156,161,162,163,164,165,167,169,172,173,174,177,179,
  180,186,187,188,190,191,192,195,197,198,200,203,204,205,207,208,210,212,213,
  214,216,227,229,232,235,237,239,242,243,244,245,247,249,250,253,254,256,259,
  260,261,265,268,269,272,274,275,276,277,279,282,284,285,287,289,291,295,296,
  297,298,299,300],
 [1,3,8,18,28,29,30,31,34,37,39,41,47,49,58,60,61,64,67,68,69,72,73,87,92,96,
  98,100,113,120,125,134,139,140,145,150,158,178,181,182,183,193,196,199,206,
  217,219,220,222,224,225,228,230,238,246,248,258,266,267,270,281,283,294],
 [10,14,22,27,32,40,44,48,51,52,54,59,71,74,77,78,84,86,91,103,106,114,115,
  117,123,124,131,141,151,154,155,157,159,160,166,170,175,176,184,194,201,211,
  215,221,223,226,234,236,241,251,255,257,262,263,264,271,273,278,280,286,288,
  292,293]].
[[2,6,7,9,12,13,15,16,17,19,20,23,24,25,26,33,35,36,38,42,43,45,46,53,55,56,
  57,63,65,70,79,80,82,83,88,89,90,93,94,95,99,101,102,105,107,108,109,111,
  112,116,118,119,121,122,126,127,128,129,130,132,133,135,136,137,142,143,144,
  146,147,148,149,152,153,156,161,162,163,164,165,167,169,172,173,174,177,179,
  180,186,187,188,190,191,192,195,197,198,200,203,204,205,207,208,210,212,213,
  214,216,227,229,232,235,237,239,242,243,244,245,247,249,250,253,254,256,259,
  260,261,265,268,269,272,274,275,276,277,279,282,284,285,287,289,291,295,296,
  297,298,299,300],
 [1,3,8,18,28,29,30,31,34,37,39,41,47,49,58,60,61,64,67,68,69,72,73,87,92,96,
  98,100,113,120,125,134,139,140,145,150,158,178,181,182,183,193,196,199,206,
  217,219,220,222,224,225,228,230,238,246,248,258,266,267,270,281,283,294],
 [10,14,22,27,32,40,44,48,51,52,54,59,71,74,77,78,84,86,91,103,106,114,115,
  117,123,124,131,141,151,154,155,157,159,160,166,170,175,176,184,194,201,211,
  215,221,223,226,234,236,241,251,255,257,262,263,264,271,273,278,280,286,288,
  292,293]].
[[2,6,7,9,12,13,15,16,17,19,20,23,24,25,26,33,35,36,38,42,43,45,46,53,55,56,
  57,63,65,70,79,80,82,83,88,89,90,93,94,95,99,101,102,105,107,108,109,111,
  112,116,118,119,121,122,126,127,128,129,130,132,133,135,136,137,142,143,144,
  146,147,148,149,152,153,156,161,162,163,164,165,167,169,172,173,174,177,179,
  180,186,187,188,190,191,192,195,197,198,200,203,204,205,207,208,210,212,213,
  214,216,227,229,232,235,237,239,242,243,244,245,247,249,250,253,254,256,259,
  260,261,265,268,269,272,274,275,276,277,279,282,284,285,287,289,291,295,296,
  297,298,299,300],
 [1,3,8,18,28,29,30,31,34,37,39,41,47,49,58,60,61,64,67,68,69,72,73,87,92,96,
  98,100,113,120,125,134,139,140,145,150,158,178,181,182,183,193,196,199,206,
  217,219,220,222,224,225,228,230,238,246,248,258,266,267,270,281,283,294],
 [10,14,22,27,32,40,44,48,51,52,54,59,71,74,77,78,84,86,91,103,106,114,115,
  117,123,124,131,141,151,154,155,157,159,160,166,170,175,176,184,194,201,211,
  215,221,223,226,234,236,241,251,255,257,262,263,264,271,273,278,280,286,288,
  292,293]].
[[1,3,8,18,28,29,30,31,34,37,39,41,47,49,58,60,61,64,67,68,69,72,73,87,92,96,
  98,100,113,120,125,134,139,140,145,150,158,178,181,182,183,193,196,199,206,
  217,219,220,222,224,225,228,230,238,246,248,258,266,267,270,281,283,294],
 [2,6,7,9,12,13,15,16,17,19,20,23,24,25,26,33,35,36,38,42,43,45,46,53,55,56,
  57,63,65,70,79,80,82,83,88,89,90,93,94,95,99,101,102,105,107,108,109,111,
  112,116,118,119,121,122,126,127,128,129,130,132,133,135,136,137,142,143,144,
  146,147,148,149,152,153,156,161,162,163,164,165,167,169,172,173,174,177,179,
  180,186,187,188,190,191,192,195,197,198,200,203,204,205,207,208,210,212,213,
  214,216,227,229,232,235,237,239,242,243,244,245,247,249,250,253,254,256,259,
  260,261,265,268,269,272,274,275,276,277,279,282,284,285,287,289,291,295,296,
  297,298,299,300],
 [4,5,11,21,50,62,66,75,76,81,85,97,104,110,138,168,171,185,189,202,209,218,
  231,233,240,252,290]].
[[4,5,11,21,50,62,66,75,76,81,85,97,104,110,138,168,171,185,189,202,209,218,
  231,233,240,252,290],
 [10,14,22,27,32,40,44,48,51,52,54,59,71,74,77,78,84,86,91,103,106,114,115,
  117,123,124,131,141,151,154,155,157,159,160,166,170,175,176,184,194,201,211,
  215,221,223,226,234,236,241,251,255,257,262,263,264,271,273,278,280,286,288,
  292,293],
 [1,3,8,18,28,29,30,31,34,37,39,41,47,49,58,60,61,64,67,68,69,72,73,87,92,96,
  98,100,113,120,125,134,139,140,145,150,158,178,181,182,183,193,196,199,206,
  217,219,220,222,224,225,228,230,238,246,248,258,266,267,270,281,283,294]].
[[1,3,8,18,28,29,30,31,34,37,39,41,47,49,58,60,61,64,67,68,69,72,73,87,92,96,
  98,100,113,120,125,134,139,140,145,150,158,178,181,182,183,193,196,199,206,
  217,219,220,222,224,225,228,230,238,246,248,258,266,267,270,281,283,294],
 [2,6,7,9,12,13,15,16,17,19,20,23,24,25,26,33,35,36,38,42,43,45,46,53,55,56,
  57,63,65,70,79,80,82,83,88,89,90,93,94,95,99,101,102,105,107,108,109,111,
  112,116,118,119,121,122,126,127,128,129,130,132,133,135,136,137,142,143,144,
  146,147,148,149,152,153,156,161,162,163,164,165,167,169,172,173,174,177,179,
  180,186,187,188,190,191,192,195,197,198,200,203,204,205,207,208,210,212,213,
  214,216,227,229,232,235,237,239,242,243,244,245,247,249,250,253,254,256,259,
  260,261,265,268,269,272,274,275,276,277,279,282,284,285,287,289,291,295,296,
  297,298,299,300],
 [4,5,11,21,50,62,66,75,76,81,85,97,104,110,138,168,171,185,189,202,209,218,
  231,233,240,252,290]].
[[10,14,22,27,32,40,44,48,51,52,54,59,71,74,77,78,84,86,91,103,106,114,115,
  117,123,124,131,141,151,154,155,157,159,160,166,170,175,176,184,194,201,211,
  215,221,223,226,234,236,241,251,255,257,262,263,264,271,273,278,280,286,288,
  292,293],
 [4,5,11,21,50,62,66,75,76,81,85,97,104,110,138,168,171,185,189,202,209,218,
  231,233,240,252,290],
 [2,6,7,9,12,13,15,16,17,19,20,23,24,25,26,33,35,36,38,42,43,45,46,53,55,56,
  57,63,65,70,79,80,82,83,88,89,90,93,94,95,99,101,102,105,107,108,109,111,
  112,116,118,119,121,122,126,127,128,129,130,132,133,135,136,137,142,143,144,
  146,147,148,149,152,153,156,161,162,163,164,165,167,169,172,173,174,177,179,
  180,186,187,188,190,191,192,195,197,198,200,203,204,205,207,208,210,212,213,
  214,216,227,229,232,235,237,239,242,243,244,245,247,249,250,253,254,256,259,
  260,261,265,268,269,272,274,275,276,277,279,282,284,285,287,289,291,295,296,
  297,298,299,300]].
[[2,6,7,9,12,13,15,16,17,19,20,23,24,25,26,33,35,36,38,42,43,45,46,53,55,56,
  57,63,65,70,79,80,82,83,88,89,90,93,94,95,99,101,102,105,107,108,109,111,
  112,116,118,119,121,122,126,127,128,129,130,132,133,135,136,137,142,143,144,
  146,147,148,149,152,153,156,161,162,163,164,165,167,169,172,173,174,177,179,
  180,186,187,188,190,191,192,195,197,198,200,203,204,205,207,208,210,212,213,
  214,216,227,229,232,235,237,239,242,243,244,245,247,249,250,253,254,256,259,
  260,261,265,268,269,272,274,275,276,277,279,282,284,285,287,289,291,295,296,
  297,298,299,300],
 [1,3,8,18,28,29,30,31,34,37,39,41,47,49,58,60,61,64,67,68,69,72,73,87,92,96,
  98,100,113,120,125,134,139,140,145,150,158,178,181,182,183,193,196,199,206,
  217,219,220,222,224,225,228,230,238,246,248,258,266,267,270,281,283,294],
 [10,14,22,27,32,40,44,48,51,52,54,59,71,74,77,78,84,86,91,103,106,114,115,
  117,123,124,131,141,151,154,155,157,159,160,166,170,175,176,184,194,201,211,
  215,221,223,226,234,236,241,251,255,257,262,263,264,271,273,278,280,286,288,
  292,293]].
[[2,6,7,9,12,13,15,16,17,19,20,23,24,25,26,33,35,36,38,42,43,45,46,53,55,56,
  57,63,65,70,79,80,82,83,88,89,90,93,94,95,99,101,102,105,107,108,109,111,
  112,116,118,119,121,122,126,127,128,129,130,132,133,135,136,137,142,143,144,
  146,147,148,149,152,153,156,161,162,163,164,165,167,169,172,173,174,177,179,
  180,186,187,188,190,191,192,195,197,198,200,203,204,205,207,208,210,212,213,
  214,216,227,229,232,235,237,239,242,243,244,245,247,249,250,253,254,256,259,
  260,261,265,268,269,272,274,275,276,277,279,282,284,285,287,289,291,295,296,
  297,298,299,300],
 [1,3,8,18,28,29,30,31,34,37,39,41,47,49,58,60,61,64,67,68,69,72,73,87,92,96,
  98,100,113,120,125,134,139,140,145,150,158,178,181,182,183,193,196,199,206,
  217,219,220,222,224,225,228,230,238,246,248,258,266,267,270,281,283,294],
 [10,14,22,27,32,40,44,48,51,52,54,59,71,74,77,78,84,86,91,103,106,114,115,
  117,123,124,131,141,151,154,155,157,159,160,166,170,175,176,184,194,201,211,
  215,221,223,226,234,236,241,251,255,257,262,263,264,271,273,278,280,286,288,
  292,293]].
[[10,14,22,27,32,40,44,48,51,52,54,59,71,74,77,78,84,86,91,103,106,114,115,
  117,123,124,131,141,151,154,155,157,159,160,166,170,175,176,184,194,201,211,
  215,221,223,226,234,236,241,251,255,257,262,263,264,271,273,278,280,286,288,
  292,293],
 [4,5,11,21,50,62,66,75,76,81,85,97,104,110,138,168,171,185,189,202,209,218,
  231,233,240,252,290],
 [2,6,7,9,12,13,15,16,17,19,20,23,24,25,26,33,35,36,38,42,43,45,46,53,55,56,
  57,63,65,70,79,80,82,83,88,89,90,93,94,95,99,101,102,105,107,108,109,111,
  112,116,118,119,121,122,126,127,128,129,130,132,133,135,136,137,142,143,144,
  146,147,148,149,152,153,156,161,162,163,164,165,167,169,172,173,174,177,179,
  180,186,187,188,190,191,192,195,197,198,200,203,204,205,207,208,210,212,213,
  214,216,227,229,232,235,237,239,242,243,244,245,247,249,250,253,254,256,259,
  260,261,265,268,269,272,274,275,276,277,279,282,284,285,287,289,291,295,296,
  297,298,299,300]].
[[2,6,7,9,12,13,15,16,17,19,20,23,24,25,26,33,35,36,38,42,43,45,46,53,55,56,
  57,63,65,70,79,80,82,83,88,89,90,93,94,95,99,101,102,105,107,108,109,111,
  112,116,118,119,121,122,126,127,128,129,130,132,133,135,136,137,142,143,144,
  146,147,148,149,152,153,156,161,162,163,164,165,167,169,172,173,174,177,179,
  180,186,187,188,190,191,192,195,197,198,200,203,204,205,207,208,210,212,213,
  214,216,227,229,232,235,237,239,242,243,244,245,247,249,250,253,254,256,259,
  260,261,265,268,269,272,274,275,276,277,279,282,284,285,287,289,291,295,296,
  297,298,299,300],
 [1,3,8,18,28,29,30,31,34,37,39,41,47,49,58,60,61,64,67,68,69,72,73,87,92,96,
  98,100,113,120,125,134,139,140,145,150,158,178,181,182,183,193,196,199,206,
  217,219,220,222,224,225,228,230,238,246,248,258,266,267,270,281,283,294],
 [10,14,22,27,32,40,44,48,51,52,54,59,71,74,77,78,84,86,91,103,106,114,115,
  117,123,124,131,141,151,154,155,157,159,160,166,170,175,176,184,194,201,211,
  215,221,223,226,234,236,241,251,255,257,262,263,264,271,273,278,280,286,288,
  292,293]].
[[10,14,22,27,32,40,44,48,51,52,54,59,71,74,77,78,84,86,91,103,106,114,115,
  117,123,124,131,141,151,154,155,157,159,160,166,170,175,176,184,194,201,211,
  215,221,223,226,234,236,241,251,255,257,262,263,264,271,273,278,280,286,288,
  292,293],
 [4,5,11,21,50,62,66,75,76,81,85,97,104,110,138,168,171,185,189,202,209,218,
  231,233,240,252,290],
 [2,6,7,9,12,13,15,16,17,19,20,23,24,25,26,33,35,36,38,42,43,45,46,53,55,56,
  57,63,65,70,79,80,82,83,88,89,90,93,94,95,99,101,102,105,107,108,109,111,
  112,116,118,119,121,122,126,127,128,129,130,132,133,135,136,137,142,143,144,
  146,147,148,149,152,153,156,161,162,163,164,165,167,169,172,173,174,177,179,
  180,186,187,188,190,191,192,195,197,198,200,203,204,205,207,208,210,212,213,
  214,216,227,229,232,235,237,239,242,243,244,245,247,249,250,253,254,256,259,
  260,261,265,268,269,272,274,275,276,277,279,282,284,285,287,289,291,295,296,
  297,298,299,300]].
[[10,14,22,27,32,40,44,48,51,52,54,59,71,74,77,78,84,86,91,103,106,114,115,
  117,123,124,131,141,151,154,155,157,159,160,166,170,175,176,184,194,201,211,
  215,221,223,226,234,236,241,251,255,257,262,263,264,271,273,278,280,286,288,
  292,293],
 [4,5,11,21,50,62,66,75,76,81,85,97,104,110,138,168,171,185,189,202,209,218,
  231,233,240,252,290],
 [2,6,7,9,12,13,15,16,17,19,20,23,24,25,26,33,35,36,38,42,43,45,46,53,55,56,
  57,63,65,70,79,80,82,83,88,89,90,93,94,95,99,101,102,105,107,108,109,111,
  112,116,118,119,121,122,126,127,128,129,130,132,133,135,136,137,142,143,144,
  146,147,148,149,152,153,156,161,162,163,164,165,167,169,172,173,174,177,179,
  180,186,187,188,190,191,192,195,197,198,200,203,204,205,207,208,210,212,213,
  214,216,227,229,232,235,237,239,242,243,244,245,247,249,250,253,254,256,259,
  260,261,265,268,269,272,274,275,276,277,279,282,284,285,287,289,291,295,296,
  297,298,299,300]].
[[2,6,7,9,12,13,15,16,17,19,20,23,24,25,26,33,35,36,38,42,43,45,46,53,55,56,
  57,63,65,70,79,80,82,83,88,89,90,93,94,95,99,101,102,105,107,108,109,111,
  112,116,118,119,121,122,126,127,128,129,130,132,133,135,136,137,142,143,144,
  146,147,148,149,152,153,156,161,162,163,164,165,167,169,172,173,174,177,179,
  180,186,187,188,190,191,192,195,197,198,200,203,204,205,207,208,210,212,213,
  214,216,227,229,232,235,237,239,242,243,244,245,247,249,250,253,254,256,259,
  260,261,265,268,269,272,274,275,276,277,279,282,284,285,287,289,291,295,296,
  297,298,299,300],
 [1,3,8,18,28,29,30,31,34,37,39,41,47,49,58,60,61,64,67,68,69,72,73,87,92,96,
  98,100,113,120,125,134,139,140,145,150,158,178,181,182,183,193,196,199,206,
  217,219,220,222,224,225,228,230,238,246,248,258,266,267,270,281,283,294],
 [10,14,22,27,32,40,44,48,51,52,54,59,71,74,77,78,84,86,91,103,106,114,115,
  117,123,124,131,141,151,154,155,157,159,160,166,170,175,176,184,194,201,211,
  215,221,223,226,234,236,241,251,255,257,262,263,264,271,273,278,280,286,288,
  292,293]].
[[10,14,22,27,32,40,44,48,51,52,54,59,71,74,77,78,84,86,91,103,106,114,115,
  117,123,124,131,141,151,154,155,157,159,160,166,170,175,176,184,194,201,211,
  215,221,223,226,234,236,241,251,255,257,262,263,264,271,273,278,280,286,288,
  292,293],
 [4,5,11,21,50,62,66,75,76,81,85,97,104,110,138,168,171,185,189,202,209,218,
  231,233,240,252,290],
 [2,6,7,9,12,13,15,16,17,19,20,23,24,25,26,33,35,36,38,42,43,45,46,53,55,56,
  57,63,65,70,79,80,82,83,88,89,90,93,94,95,99,101,102,105,107,108,109,111,
  112,116,118,119,121,122,126,127,128,129,130,132,133,135,136,137,142,143,144,
  146,147,148,149,152,153,156,161,162,163,164,165,167,169,172,173,174,177,179,
  180,186,187,188,190,191,192,195,197,198,200,203,204,205,207,208,210,212,213,
  214,216,227,229,232,235,237,239,242,243,244,245,247,249,250,253,254,256,259,
  260,261,265,268,269,272,274,275,276,277,279,282,284,285,287,289,291,295,296,
  297,298,299,300]].
[[1,3,8,18,28,29,30,31,34,37,39,41,47,49,58,60,61,64,67,68,69,72,73,87,92,96,
  98,100,113,120,125,134,139,140,145,150,158,178,181,182,183,193,196,199,206,
  217,219,220,222,224,225,228,230,238,246,248,258,266,267,270,281,283,294],
 [2,6,7,9,12,13,15,16,17,19,20,23,24,25,26,33,35,36,38,42,43,45,46,53,55,56,
  57,63,65,70,79,80,82,83,88,89,90,93,94,95,99,101,102,105,107,108,109,111,
  112,116,118,119,121,122,126,127,128,129,130,132,133,135,136,137,142,143,144,
  146,147,148,149,152,153,156,161,162,163,164,165,167,169,172,173,174,177,179,
  180,186,187,188,190,191,192,195,197,198,200,203,204,205,207,208,210,212,213,
  214,216,227,229,232,235,237,239,242,243,244,245,247,249,250,253,254,256,259,
  260,261,265,268,269,272,274,275,276,277,279,282,284,285,287,289,291,295,296,
  297,298,299,300],
 [4,5,11,21,50,62,66,75,76,81,85,97,104,110,138,168,171,185,189,202,209,218,
  231,233,240,252,290]].
[[4,5,11,21,50,62,66,75,76,81,85,97,104,110,138,168,171,185,189,202,209,218,
  231,233,240,252,290],
 [10,14,22,27,32,40,44,48,51,52,54,59,71,74,77,78,84,86,91,103,106,114,115,
  117,123,124,131,141,151,154,155,157,159,160,166,170,175,176,184,194,201,211,
  215,221,223,226,234,236,241,251,255,257,262,263,264,271,273,278,280,286,288,
  292,293],
 [1,3,8,18,28,29,30,31,34,37,39,41,47,49,58,60,61,64,67,68,69,72,73,87,92,96,
  98,100,113,120,125,134,139,140,145,150,158,178,181,182,183,193,196,199,206,
  217,219,220,222,224,225,228,230,238,246,248,258,266,267,270,281,283,294]].
[[10,14,22,27,32,40,44,48,51,52,54,59,71,74,77,78,84,86,91,103,106,114,115,
  117,123,124,131,141,151,154,155,157,159,160,166,170,175,176,184,194,201,211,
  215,221,223,226,234,236,241,251,255,257,262,263,264,271,273,278,280,286,288,
  292,293],
 [4,5,11,21,50,62,66,75,76,81,85,97,104,110,138,168,171,185,189,202,209,218,
  231,233,240,252,290],
 [2,6,7,9,12,13,15,16,17,19,20,23,24,25,26,33,35,36,38,42,43,45,46,53,55,56,
  57,63,65,70,79,80,82,83,88,89,90,93,94,95,99,101,102,105,107,108,109,111,
  112,116,118,119,121,122,126,127,128,129,130,132,133,135,136,137,142,143,144,
  146,147,148,149,152,153,156,161,162,163,164,165,167,169,172,173,174,177,179,
  180,186,187,188,190,191,192,195,197,198,200,203,204,205,207,208,210,212,213,
  214,216,227,229,232,235,237,239,242,243,244,245,247,249,250,253,254,256,259,
  260,261,265,268,269,272,274,275,276,277,279,282,284,285,287,289,291,295,296,
  297,298,299,300]].
[[4,5,11,21,50,62,66,75,76,81,85,97,104,110,138,168,171,185,189,202,209,218,
  231,233,240,252,290],
 [10,14,22,27,32,40,44,48,51,52,54,59,71,74,77,78,84,86,91,103,106,114,115,
  117,123,124,131,141,151,154,155,157,159,160,166,170,175,176,184,194,201,211,
  215,221,223,226,234,236,241,251,255,257,262,263,264,271,273,278,280,286,288,
  292,293],
 [1,3,8,18,28,29,30,31,34,37,39,41,47,49,58,60,61,64,67,68,69,72,73,87,92,96,
  98,100,113,120,125,134,139,140,145,150,158,178,181,182,183,193,196,199,206,
