[[1,3,4,9,16,22,23,29,34,37,43,46,53,54,57,58,59,61,66,70,75,83,84,100,110,
  111,115,116,117,118,123,140,149,153,159,163,169,178,197,200,202,217,218,228,
  229,239,240,245,246,247,248,253,258,260,263,266,268,271,283,292,294,298],
 [5,8,10,11,12,14,17,19,20,21,24,26,27,28,33,35,36,39,41,44,48,49,51,52,55,56,
  60,63,65,68,71,72,74,76,77,78,79,80,81,82,85,88,89,90,93,94,95,96,97,98,102,
  103,106,107,108,109,113,119,121,122,126,127,128,130,131,134,135,141,142,145,
  146,148,150,154,157,158,160,164,165,167,168,170,172,173,174,175,177,181,183,
  184,186,188,189,191,192,193,194,195,199,203,204,205,207,208,209,210,214,215,
  219,222,224,225,226,227,230,231,232,233,235,236,237,243,244,249,250,254,255,
  257,261,262,264,269,275,276,277,278,279,280,281,282,286,287,289,290,295,296,
  297,300],
 [2,7,15,25,30,32,38,45,62,67,87,129,156,162,180,182,190,196,201,216,221,223,
  259,267,272,288,293,299]].
[[5,8,10,11,12,14,17,19,20,21,24,26,27,28,33,35,36,39,41,44,48,49,51,52,55,56,
  60,63,65,68,71,72,74,76,77,78,79,80,81,82,85,88,89,90,93,94,95,96,97,98,102,
  103,106,107,108,109,113,119,121,122,126,127,128,130,131,134,135,141,142,145,
  146,148,150,154,157,158,160,164,165,167,168,170,172,173,174,175,177,181,183,
  184,186,188,189,191,192,193,194,195,199,203,204,205,207,208,209,210,214,215,
  219,222,224,225,226,227,230,231,232,233,235,236,237,243,244,249,250,254,255,
  257,261,262,264,269,275,276,277,278,279,280,281,282,286,287,289,290,295,296,
  297,300],
 [1,3,4,9,16,22,23,29,34,37,43,46,53,54,57,58,59,61,66,70,75,83,84,100,110,
  111,115,116,117,118,123,140,149,153,159,163,169,178,197,200,202,217,218,228,
  229,239,240,245,246,247,248,253,258,260,263,266,268,271,283,292,294,298],
 [6,13,18,31,40,42,47,50,64,69,73,86,91,92,99,101,104,105,112,114,120,124,125,
  132,133,136,137,138,139,143,144,147,151,152,155,161,166,171,176,179,185,187,
  198,206,211,212,213,220,234,238,241,242,251,252,256,265,270,273,274,284,285,
  291]].
[[5,8,10,11,12,14,17,19,20,21,24,26,27,28,33,35,36,39,41,44,48,49,51,52,55,56,
  60,63,65,68,71,72,74,76,77,78,79,80,81,82,85,88,89,90,93,94,95,96,97,98,102,
  103,106,107,108,109,113,119,121,122,126,127,128,130,131,134,135,141,142,145,
  146,148,150,154,157,158,160,164,165,167,168,170,172,173,174,175,177,181,183,
  184,186,188,189,191,192,193,194,195,199,203,204,205,207,208,209,210,214,215,
  219,222,224,225,226,227,230,231,232,233,235,236,237,243,244,249,250,254,255,
  257,261,262,264,269,275,276,277,278,279,280,281,282,286,287,289,290,295,296,
  297,300],
 [1,3,4,9,16,22,23,29,34,37,43,46,53,54,57,58,59,61,66,70,75,83,84,100,110,
  111,115,116,117,118,123,140,149,153,159,163,169,178,197,200,202,217,218,228,
  229,239,240,245,246,247,248,253,258,260,263,266,268,271,283,292,294,298],
 [6,13,18,31,40,42,47,50,64,69,73,86,91,92,99,101,104,105,112,114,120,124,125,
  132,133,136,137,138,139,143,144,147,151,152,155,161,166,171,176,179,185,187,
  198,206,211,212,213,220,234,238,241,242,251,252,256,265,270,273,274,284,285,
  291]].
[[5,8,10,11,12,14,17,19,20,21,24,26,27,28,33,35,36,39,41,44,48,49,51,52,55,56,
  60,63,65,68,71,72,74,76,77,78,79,80,81,82,85,88,89,90,93,94,95,96,97,98,102,
  103,106,107,108,109,113,119,121,122,126,127,128,130,131,134,135,141,142,145,
  146,148,150,154,157,158,160,164,165,167,168,170,172,173,174,175,177,181,183,
  184,186,188,189,191,192,193,194,195,199,203,204,205,207,208,209,210,214,215,
  219,222,224,225,226,227,230,231,232,233,235,236,237,243,244,249,250,254,255,
  257,261,262,264,269,275,276,277,278,279,280,281,282,286,287,289,290,295,296,
  297,300],
 [1,3,4,9,16,22,23,29,34,37,43,46,53,54,57,58,59,61,66,70,75,83,84,100,110,
  111,115,116,117,118,123,140,149,153,159,163,169,178,197,200,202,217,218,228,
  229,239,240,245,246,247,248,253,258,260,263,266,268,271,283,292,294,298],
 [6,13,18,31,40,42,47,50,64,69,73,86,91,92,99,101,104,105,112,114,120,124,125,
  132,133,136,137,138,139,143,144,147,151,152,155,161,166,171,176,179,185,187,
  198,206,211,212,213,220,234,238,241,242,251,252,256,265,270,273,274,284,285,
  291]].
[[2,7,15,25,30,32,38,45,62,67,87,129,156,162,180,182,190,196,201,216,221,223,
  259,267,272,288,293,299],
 [6,13,18,31,40,42,47,50,64,69,73,86,91,92,99,101,104,105,112,114,120,124,125,
  132,133,136,137,138,139,143,144,147,151,152,155,161,166,171,176,179,185,187,
  198,206,211,212,213,220,234,238,241,242,251,252,256,265,270,273,274,284,285,
  291],
 [1,3,4,9,16,22,23,29,34,37,43,46,53,54,57,58,59,61,66,70,75,83,84,100,110,
  111,115,116,117,118,123,140,149,153,159,163,169,178,197,200,202,217,218,228,
  229,239,240,245,246,247,248,253,258,260,263,266,268,271,283,292,294,298]].
[[1,3,4,9,16,22,23,29,34,37,43,46,53,54,57,58,59,61,66,70,75,83,84,100,110,
  111,115,116,117,118,123,140,149,153,159,163,169,178,197,200,202,217,218,228,
  229,239,240,245,246,247,248,253,258,260,263,266,268,271,283,292,294,298],
 [5,8,10,11,12,14,17,19,20,21,24,26,27,28,33,35,36,39,41,44,48,49,51,52,55,56,
  60,63,65,68,71,72,74,76,77,78,79,80,81,82,85,88,89,90,93,94,95,96,97,98,102,
  103,106,107,108,109,113,119,121,122,126,127,128,130,131,134,135,141,142,145,
  146,148,150,154,157,158,160,164,165,167,168,170,172,173,174,175,177,181,183,
  184,186,188,189,191,192,193,194,195,199,203,204,205,207,208,209,210,214,215,
  219,222,224,225,226,227,230,231,232,233,235,236,237,243,244,249,250,254,255,
  257,261,262,264,269,275,276,277,278,279,280,281,282,286,287,289,290,295,296,
  297,300],
 [2,7,15,25,30,32,38,45,62,67,87,129,156,162,180,182,190,196,201,216,221,223,
  259,267,272,288,293,299]].
[[2,7,15,25,30,32,38,45,62,67,87,129,156,162,180,182,190,196,201,216,221,223,
  259,267,272,288,293,299],
 [6,13,18,31,40,42,47,50,64,69,73,86,91,92,99,101,104,105,112,114,120,124,125,
  132,133,136,137,138,139,143,144,147,151,152,155,161,166,171,176,179,185,187,
  198,206,211,212,213,220,234,238,241,242,251,252,256,265,270,273,274,284,285,
  291],
 [1,3,4,9,16,22,23,29,34,37,43,46,53,54,57,58,59,61,66,70,75,83,84,100,110,
  111,115,116,117,118,123,140,149,153,159,163,169,178,197,200,202,217,218,228,
  229,239,240,245,246,247,248,253,258,260,263,266,268,271,283,292,294,298]].
[[1,3,4,9,16,22,23,29,34,37,43,46,53,54,57,58,59,61,66,70,75,83,84,100,110,
  111,115,116,117,118,123,140,149,153,159,163,169,178,197,200,202,217,218,228,
  229,239,240,245,246,247,248,253,258,260,263,266,268,271,283,292,294,298],
 [5,8,10,11,12,14,17,19,20,21,24,26,27,28,33,35,36,39,41,44,48,49,51,52,55,56,
  60,63,65,68,71,72,74,76,77,78,79,80,81,82,85,88,89,90,93,94,95,96,97,98,102,
  103,106,107,108,109,113,119,121,122,126,127,128,130,131,134,135,141,142,145,
  146,148,150,154,157,158,160,164,165,167,168,170,172,173,174,175,177,181,183,
  184,186,188,189,191,192,193,194,195,199,203,204,205,207,208,209,210,214,215,
  219,222,224,225,226,227,230,231,232,233,235,236,237,243,244,249,250,254,255,
  257,261,262,264,269,275,276,277,278,279,280,281,282,286,287,289,290,295,296,
  297,300],
 [2,7,15,25,30,32,38,45,62,67,87,129,156,162,180,182,190,196,201,216,221,223,
  259,267,272,288,293,299]].
[[5,8,10,11,12,14,17,19,20,21,24,26,27,28,33,35,36,39,41,44,48,49,51,52,55,56,
  60,63,65,68,71,72,74,76,77,78,79,80,81,82,85,88,89,90,93,94,95,96,97,98,102,
  103,106,107,108,109,113,119,121,122,126,127,128,130,131,134,135,141,142,145,
  146,148,150,154,157,158,160,164,165,167,168,170,172,173,174,175,177,181,183,
  184,186,188,189,191,192,193,194,195,199,203,204,205,207,208,209,210,214,215,
  219,222,224,225,226,227,230,231,232,233,235,236,237,243,244,249,250,254,255,
  257,261,262,264,269,275,276,277,278,279,280,281,282,286,287,289,290,295,296,
  297,300],
 [1,3,4,9,16,22,23,29,34,37,43,46,53,54,57,58,59,61,66,70,75,83,84,100,110,
  111,115,116,117,118,123,140,149,153,159,163,169,178,197,200,202,217,218,228,
  229,239,240,245,246,247,248,253,258,260,263,266,268,271,283,292,294,298],
 [6,13,18,31,40,42,47,50,64,69,73,86,91,92,99,101,104,105,112,114,120,124,125,
  132,133,136,137,138,139,143,144,147,151,152,155,161,166,171,176,179,185,187,
  198,206,211,212,213,220,234,238,241,242,251,252,256,265,270,273,274,284,285,
  291]].
[[5,8,10,11,12,14,17,19,20,21,24,26,27,28,33,35,36,39,41,44,48,49,51,52,55,56,
  60,63,65,68,71,72,74,76,77,78,79,80,81,82,85,88,89,90,93,94,95,96,97,98,102,
  103,106,107,108,109,113,119,121,122,126,127,128,130,131,134,135,141,142,145,
  146,148,150,154,157,158,160,164,165,167,168,170,172,173,174,175,177,181,183,
  184,186,188,189,191,192,193,194,195,199,203,204,205,207,208,209,210,214,215,
  219,222,224,225,226,227,230,231,232,233,235,236,237,243,244,249,250,254,255,
  257,261,262,264,269,275,276,277,278,279,280,281,282,286,287,289,290,295,296,
  297,300],
 [1,3,4,9,16,22,23,29,34,37,43,46,53,54,57,58,59,61,66,70,75,83,84,100,110,
  111,115,116,117,118,123,140,149,153,159,163,169,178,197,200,202,217,218,228,
  229,239,240,245,246,247,248,253,258,260,263,266,268,271,283,292,294,298],
 [6,13,18,31,40,42,47,50,64,69,73,86,91,92,99,101,104,105,112,114,120,124,125,
  132,133,136,137,138,139,143,144,147,151,152,155,161,166,171,176,179,185,187,
  198,206,211,212,213,220,234,238,241,242,251,252,256,265,270,273,274,284,285,
  291]].
[[1,3,4,9,16,22,23,29,34,37,43,46,53,54,57,58,59,61,66,70,75,83,84,100,110,
  111,115,116,117,118,123,140,149,153,159,163,169,178,197,200,202,217,218,228,
  229,239,240,245,246,247,248,253,258,260,263,266,268,271,283,292,294,298],
 [5,8,10,11,12,14,17,19,20,21,24,26,27,28,33,35,36,39,41,44,48,49,51,52,55,56,
  60,63,65,68,71,72,74,76,77,78,79,80,81,82,85,88,89,90,93,94,95,96,97,98,102,
  103,106,107,108,109,113,119,121,122,126,127,128,130,131,134,135,141,142,145,
  146,148,150,154,157,158,160,164,165,167,168,170,172,173,174,175,177,181,183,
  184,186,188,189,191,192,193,194,195,199,203,204,205,207,208,209,210,214,215,
  219,222,224,225,226,227,230,231,232,233,235,236,237,243,244,249,250,254,255,
  257,261,262,264,269,275,276,277,278,279,280,281,282,286,287,289,290,295,296,
  297,300],
 [2,7,15,25,30,32,38,45,62,67,87,129,156,162,180,182,190,196,201,216,221,223,
  259,267,272,288,293,299]].
[[1,3,4,9,16,22,23,29,34,37,43,46,53,54,57,58,59,61,66,70,75,83,84,100,110,
  111,115,116,117,118,123,140,149,153,159,163,169,178,197,200,202,217,218,228,
  229,239,240,245,246,247,248,253,258,260,263,266,268,271,283,292,294,298],
 [5,8,10,11,12,14,17,19,20,21,24,26,27,28,33,35,36,39,41,44,48,49,51,52,55,56,
  60,63,65,68,71,72,74,76,77,78,79,80,81,82,85,88,89,90,93,94,95,96,97,98,102,
  103,106,107,108,109,113,119,121,122,126,127,128,130,131,134,135,141,142,145,
  146,148,150,154,157,158,160,164,165,167,168,170,172,173,174,175,177,181,183,
  184,186,188,189,191,192,193,194,195,199,203,204,205,207,208,209,210,214,215,
  219,222,224,225,226,227,230,231,232,233,235,236,237,243,244,249,250,254,255,
  257,261,262,264,269,275,276,277,278,279,280,281,282,286,287,289,290,295,296,
  297,300],
 [2,7,15,25,30,32,38,45,62,67,87,129,156,162,180,182,190,196,201,216,221,223,
  259,267,272,288,293,299]].
[[5,8,10,11,12,14,17,19,20,21,24,26,27,28,33,35,36,39,41,44,48,49,51,52,55,56,
  60,63,65,68,71,72,74,76,77,78,79,80,81,82,85,88,89,90,93,94,95,96,97,98,102,
  103,106,107,108,109,113,119,121,122,126,127,128,130,131,134,135,141,142,145,
  146,148,150,154,157,158,160,164,165,167,168,170,172,173,174,175,177,181,183,
  184,186,188,189,191,192,193,194,195,199,203,204,205,207,208,209,210,214,215,
  219,222,224,225,226,227,230,231,232,233,235,236,237,243,244,249,250,254,255,
  257,261,262,264,269,275,276,277,278,279,280,281,282,286,287,289,290,295,296,
  297,300],
 [1,3,4,9,16,22,23,29,34,37,43,46,53,54,57,58,59,61,66,70,75,83,84,100,110,
  111,115,116,117,118,123,140,149,153,159,163,169,178,197,200,202,217,218,228,
  229,239,240,245,246,247,248,253,258,260,263,266,268,271,283,292,294,298],
 [6,13,18,31,40,42,47,50,64,69,73,86,91,92,99,101,104,105,112,114,120,124,125,
  132,133,136,137,138,139,143,144,147,151,152,155,161,166,171,176,179,185,187,
  198,206,211,212,213,220,234,238,241,242,251,252,256,265,270,273,274,284,285,
  291]].
[[6,13,18,31,40,42,47,50,64,69,73,86,91,92,99,101,104,105,112,114,120,124,125,
  132,133,136,137,138,139,143,144,147,151,152,155,161,166,171,176,179,185,187,
  198,206,211,212,213,220,234,238,241,242,251,252,256,265,270,273,274,284,285,
  291],
 [2,7,15,25,30,32,38,45,62,67,87,129,156,162,180,182,190,196,201,216,221,223,
  259,267,272,288,293,299],
 [5,8,10,11,12,14,17,19,20,21,24,26,27,28,33,35,36,39,41,44,48,49,51,52,55,56,
  60,63,65,68,71,72,74,76,77,78,79,80,81,82,85,88,89,90,93,94,95,96,97,98,102,
  103,106,107,108,109,113,119,121,122,126,127,128,130,131,134,135,141,142,145,
  146,148,150,154,157,158,160,164,165,167,168,170,172,173,174,175,177,181,183,
  184,186,188,189,191,192,193,194,195,199,203,204,205,207,208,209,210,214,215,
  219,222,224,225,226,227,230,231,232,233,235,236,237,243,244,249,250,254,255,
  257,261,262,264,269,275,276,277,278,279,280,281,282,286,287,289,290,295,296,
  297,300]].
[[2,7,15,25,30,32,38,45,62,67,87,129,156,162,180,182,190,196,201,216,221,223,
  259,267,272,288,293,299],
 [6,13,18,31,40,42,47,50,64,69,73,86,91,92,99,101,104,105,112,114,120,124,125,
  132,133,136,137,138,139,143,144,147,151,152,155,161,166,171,176,179,185,187,
  198,206,211,212,213,220,234,238,241,242,251,252,256,265,270,273,274,284,285,
  291],
 [1,3,4,9,16,22,23,29,34,37,43,46,53,54,57,58,59,61,66,70,75,83,84,100,110,
  111,115,116,117,118,123,140,149,153,159,163,169,178,197,200,202,217,218,228,
  229,239,240,245,246,247,248,253,258,260,263,266,268,271,283,292,294,298]].
[[6,13,18,31,40,42,47,50,64,69,73,86,91,92,99,101,104,105,112,114,120,124,125,
  132,133,136,137,138,139,143,144,147,151,152,155,161,166,171,176,179,185,187,
  198,206,211,212,213,220,234,238,241,242,251,252,256,265,270,273,274,284,285,
  291],
 [2,7,15,25,30,32,38,45,62,67,87,129,156,162,180,182,190,196,201,216,221,223,
  259,267,272,288,293,299],
 [5,8,10,11,12,14,17,19,20,21,24,26,27,28,33,35,36,39,41,44,48,49,51,52,55,56,
  60,63,65,68,71,72,74,76,77,78,79,80,81,82,85,88,89,90,93,94,95,96,97,98,102,
  103,106,107,108,109,113,119,121,122,126,127,128,130,131,134,135,141,142,145,
  146,148,150,154,157,158,160,164,165,167,168,170,172,173,174,175,177,181,183,
  184,186,188,189,191,192,193,194,195,199,203,204,205,207,208,209,210,214,215,
  219,222,224,225,226,227,230,231,232,233,235,236,237,243,244,249,250,254,255,
  257,261,262,264,269,275,276,277,278,279,280,281,282,286,287,289,290,295,296,
  297,300]].
[[2,7,15,25,30,32,38,45,62,67,87,129,156,162,180,182,190,196,201,216,221,223,
  259,267,272,288,293,299],
 [6,13,18,31,40,42,47,50,64,69,73,86,91,92,99,101,104,105,112,114,120,124,125,
  132,133,136,137,138,139,143,144,147,151,152,155,161,166,171,176,179,185,187,
  198,206,211,212,213,220,234,238,241,242,251,252,256,265,270,273,274,284,285,
  291],
 [1,3,4,9,16,22,23,29,34,37,43,46,53,54,57,58,59,61,66,70,75,83,84,100,110,
  111,115,116,117,118,123,140,149,153,159,163,169,178,197,200,202,217,218,228,
  229,239,240,245,246,247,248,253,258,260,263,266,268,271,283,292,294,298]].
[[1,3,4,9,16,22,23,29,34,37,43,46,53,54,57,58,59,61,66,70,75,83,84,100,110,
  111,115,116,117,118,123,140,149,153,159,163,169,178,197,200,202,217,218,228,
  229,239,240,245,246,247,248,253,258,260,263,266,268,271,283,292,294,298],
 [5,8,10,11,12,14,17,19,20,21,24,26,27,28,33,35,36,39,41,44,48,49,51,52,55,56,
  60,63,65,68,71,72,74,76,77,78,79,80,81,82,85,88,89,90,93,94,95,96,97,98,102,
  103,106,107,108,109,113,119,121,122,126,127,128,130,131,134,135,141,142,145,
  146,148,150,154,157,158,160,164,165,167,168,170,172,173,174,175,177,181,183,
  184,186,188,189,191,192,193,194,195,199,203,204,205,207,208,209,210,214,215,
  219,222,224,225,226,227,230,231,232,233,235,236,237,243,244,249,250,254,255,
  257,261,262,264,269,275,276,277,278,279,280,281,282,286,287,289,290,295,296,
  297,300],
 [2,7,15,25,30,32,38,45,62,67,87,129,156,162,180,182,190,196,201,216,221,223,
  259,267,272,288,293,299]].
[[1,3,4,9,16,22,23,29,34,37,43,46,53,54,57,58,59,61,66,70,75,83,84,100,110,
  111,115,116,117,118,123,140,149,153,159,163,169,178,197,200,202,217,218,228,
  229,239,240,245,246,247,248,253,258,260,263,266,268,271,283,292,294,298],
 [5,8,10,11,12,14,17,19,20,21,24,26,27,28,33,35,36,39,41,44,48,49,51,52,55,56,
  60,63,65,68,71,72,74,76,77,78,79,80,81,82,85,88,89,90,93,94,95,96,97,98,102,
  103,106,107,108,109,113,119,121,122,126,127,128,130,131,134,135,141,142,145,
  146,148,150,154,157,158,160,164,165,167,168,170,172,173,174,175,177,181,183,
  184,186,188,189,191,192,193,194,195,199,203,204,205,207,208,209,210,214,215,
  219,222,224,225,226,227,230,231,232,233,235,236,237,243,244,249,250,254,255,
  257,261,262,264,269,275,276,277,278,279,280,281,282,286,287,289,290,295,296,
  297,300],
 [2,7,15,25,30,32,38,45,62,67,87,129,156,162,180,182,190,196,201,216,221,223,
  259,267,272,288,293,299]].
[[1,3,4,9,16,22,23,29,34,37,43,46,53,54,57,58,59,61,66,70,75,83,84,100,110,
  111,115,116,117,118,123,140,149,153,159,163,169,178,197,200,202,217,218,228,
  229,239,240,245,246,247,248,253,258,260,263,266,268,271,283,292,294,298],
 [5,8,10,11,12,14,17,19,20,21,24,26,27,28,33,35,36,39,41,44,48,49,51,52,55,56,
  60,63,65,68,71,72,74,76,77,78,79,80,81,82,85,88,89,90,93,94,95,96,97,98,102,
  103,106,107,108,109,113,119,121,122,126,127,128,130,131,134,135,141,142,145,
  146,148,150,154,157,158,160,164,165,167,168,170,172,173,174,175,177,181,183,
  184,186,188,189,191,192,193,194,195,199,203,204,205,207,208,209,210,214,215,
  219,222,224,225,226,227,230,231,232,233,235,236,237,243,244,249,250,254,255,
  257,261,262,264,269,275,276,277,278,279,280,281,282,286,287,289,290,295,296,
  297,300],
 [2,7,15,25,30,32,38,45,62,67,87,129,156,162,180,182,190,196,201,216,221,223,
  259,267,272,288,293,299]].
[[5,8,10,11,12,14,17,19,20,21,24,26,27,28,33,35,36,39,41,44,48,49,51,52,55,56,
  60,63,65,68,71,72,74,76,77,78,79,80,81,82,85,88,89,90,93,94,95,96,97,98,102,
  103,106,107,108,109,113,119,121,122,126,127,128,130,131,134,135,141,142,145,
  146,148,150,154,157,158,160,164,165,167,168,170,172,173,174,175,177,181,183,
  184,186,188,189,191,192,193,194,195,199,203,204,205,207,208,209,210,214,215,
  219,222,224,225,226,227,230,231,232,233,235,236,237,243,244,249,250,254,255,
  257,261,262,264,269,275,276,277,278,279,280,281,282,286,287,289,290,295,296,
  297,300],
 [1,3,4,9,16,22,23,29,34,37,43,46,53,54,57,58,59,61,66,70,75,83,84,100,110,
  111,115,116,117,118,123,140,149,153,159,163,169,178,197,200,202,217,218,228,
  229,239,240,245,246,247,248,253,258,260,263,266,268,271,283,292,294,298],
 [6,13,18,31,40,42,47,50,64,69,73,86,91,92,99,101,104,105,112,114,120,124,125,
  132,133,136,137,138,139,143,144,147,151,152,155,161,166,171,176,179,185,187,
  198,206,211,212,213,220,234,238,241,242,251,252,256,265,270,273,274,284,285,
  291]].
[[6,13,18,31,40,42,47,50,64,69,73,86,91,92,99,101,104,105,112,114,120,124,125,
  132,133,136,137,138,139,143,144,147,151,152,155,161,166,171,176,179,185,187,
  198,206,211,212,213,220,234,238,241,242,251,252,256,265,270,273,274,284,285,
  291],
 [2,7,15,25,30,32,38,45,62,67,87,129,156,162,180,182,190,196,201,216,221,223,
  259,267,272,288,293,299],
 [5,8,10,11,12,14,17,19,20,21,24,26,27,28,33,35,36,39,41,44,48,49,51,52,55,56,
  60,63,65,68,71,72,74,76,77,78,79,80,81,82,85,88,89,90,93,94,95,96,97,98,102,
  103,106,107,108,109,113,119,121,122,126,127,128,130,131,134,135,141,142,145,
  146,148,150,154,157,158,160,164,165,167,168,170,172,173,174,175,177,181,183,
  184,186,188,189,191,192,193,194,195,199,203,204,205,207,208,209,210,214,215,
  219,222,224,225,226,227,230,231,232,233,235,236,237,243,244,249,250,254,255,
  257,261,262,264,269,275,276,277,278,279,280,281,282,286,287,289,290,295,296,
  297,300]].
[[5,8,10,11,12,14,17,19,20,21,24,26,27,28,33,35,36,39,41,44,48,49,51,52,55,56,
  60,63,65,68,71,72,74,76,77,78,79,80,81,82,85,88,89,90,93,94,95,96,97,98,102,
  103,106,107,108,109,113,119,121,122,126,127,128,130,131,134,135,141,142,145,
  146,148,150,154,157,158,160,164,165,167,168,170,172,173,174,175,177,181,183,
  184,186,188,189,191,192,193,194,195,199,203,204,205,207,208,209,210,214,215,
  219,222,224,225,226,227,230,231,232,233,235,236,237,243,244,249,250,254,255,
  257,261,262,264,269,275,276,277,278,279,280,281,282,286,287,289,290,295,296,
  297,300],
 [1,3,4,9,16,22,23,29,34,37,43,46,53,54,57,58,59,61,66,70,75,83,84,100,110,
  111,115,116,117,118,123,140,149,153,159,163,169,178,197,200,202,217,218,228,
  229,239,240,245,246,247,248,253,258,260,263,266,268,271,283,292,294,298],
 [6,13,18,31,40,42,47,50,64,69,73,86,91,92,99,101,104,105,112,114,120,124,125,
  132,133,136,137,138,139,143,144,147,151,152,155,161,166,171,176,179,185,187,
  198,206,211,212,213,220,234,238,241,242,251,252,256,265,270,273,274,284,285,
  291]].
[[6,13,18,31,40,42,47,50,64,69,73,86,91,92,99,101,104,105,112,114,120,124,125,
  132,133,136,137,138,139,143,144,147,151,152,155,161,166,171,176,179,185,187,
  198,206,211,212,213,220,234,238,241,242,251,252,256,265,270,273,274,284,285,
  291],
 [2,7,15,25,30,32,38,45,62,67,87,129,156,162,180,182,190,196,201,216,221,223,
  259,267,272,288,293,299],
 [5,8,10,11,12,14,17,19,20,21,24,26,27,28,33,35,36,39,41,44,48,49,51,52,55,56,
  60,63,65,68,71,72,74,76,77,78,79,80,81,82,85,88,89,90,93,94,95,96,97,98,102,
  103,106,107,108,109,113,119,121,122,126,127,128,130,131,134,135,141,142,145,
  146,148,150,154,157,158,160,164,165,167,168,170,172,173,174,175,177,181,183,
  184,186,188,189,191,192,193,194,195,199,203,204,205,207,208,209,210,214,215,
  219,222,224,225,226,227,230,231,232,233,235,236,237,243,244,249,250,254,255,
  257,261,262,264,269,275,276,277,278,279,280,281,282,286,287,289,290,295,296,
  297,300]].
[[2,7,15,25,30,32,38,45,62,67,87,129,156,162,180,182,190,196,201,216,221,223,
  259,267,272,288,293,299],
 [6,13,18,31,40,42,47,50,64,69,73,86,91,92,99,101,104,105,112,114,120,124,125,
  132,133,136,137,138,139,143,144,147,151,152,155,161,166,171,176,179,185,187,
  198,206,211,212,213,220,234,238,241,242,251,252,256,265,270,273,274,284,285,
  291],
 [1,3,4,9,16,22,23,29,34,37,43,46,53,54,57,58,59,61,66,70,75,83,84,100,110,
  111,115,116,117,118,123,140,149,153,159,163,169,178,197,200,202,217,218,228,
  229,239,240,245,246,247,248,253,258,260,263,266,268,271,283,292,294,298]].
[[6,13,18,31,40,42,47,50,64,69,73,86,91,92,99,101,104,105,112,114,120,124,125,
  132,133,136,137,138,139,143,144,147,151,152,155,161,166,171,176,179,185,187,
  198,206,211,212,213,220,234,238,241,242,251,252,256,265,270,273,274,284,285,
  291],
 [2,7,15,25,30,32,38,45,62,67,87,129,156,162,180,182,190,196,201,216,221,223,
  259,267,272,288,293,299],
 [5,8,10,11,12,14,17,19,20,21,24,26,27,28,33,35,36,39,41,44,48,49,51,52,55,56,
  60,63,65,68,71,72,74,76,77,78,79,80,81,82,85,88,89,90,93,94,95,96,97,98,102,
  103,106,107,108,109,113,119,121,122,126,127,128,130,131,134,135,141,142,145,
  146,148,150,154,157,158,160,164,165,167,168,170,172,173,174,175,177,181,183,
  184,186,188,189,191,192,193,194,195,199,203,204,205,207,208,209,210,214,215,
  219,222,224,225,226,227,230,231,232,233,235,236,237,243,244,249,250,254,255,
  257,261,262,264,269,275,276,277,278,279,280,281,282,286,287,289,290,295,296,
  297,300]].
[[5,8,10,11,12,14,17,19,20,21,24,26,27,28,33,35,36,39,41,44,48,49,51,52,55,56,
  60,63,65,68,71,72,74,76,77,78,79,80,81,82,85,88,89,90,93,94,95,96,97,98,102,
  103,106,107,108,109,113,119,121,122,126,127,128,130,131,134,135,141,142,145,
  146,148,150,154,157,158,160,164,165,167,168,170,172,173,174,175,177,181,183,
  184,186,188,189,191,192,193,194,195,199,203,204,205,207,208,209,210,214,215,
  219,222,224,225,226,227,230,231,232,233,235,236,237,243,244,249,250,254,255,
  257,261,262,264,269,275,276,277,278,279,280,281,282,286,287,289,290,295,296,
  297,300],
 [1,3,4,9,16,22,23,29,34,37,43,46,53,54,57,58,59,61,66,70,75,83,84,100,110,
  111,115,116,117,118,123,140,149,153,159,163,169,178,197,200,202,217,218,228,
  229,239,240,245,246,247,248,253,258,260,263,266,268,271,283,292,294,298],
 [6,13,18,31,40,42,47,50,64,69,73,86,91,92,99,101,104,105,112,114,120,124,125,
  132,133,136,137,138,139,143,144,147,151,152,155,161,166,171,176,179,185,187,
  198,206,211,212,213,220,234,238,241,242,251,252,256,265,270,273,274,284,285,
  291]].
[[1,3,4,9,16,22,23,29,34,37,43,46,53,54,57,58,59,61,66,70,75,83,84,100,110,
  111,115,116,117,118,123,140,149,153,159,163,169,178,197,200,202,217,218,228,
  229,239,240,245,246,247,248,253,258,260,263,266,268,271,283,292,294,298],
 [5,8,10,11,12,14,17,19,20,21,24,26,27,28,33,35,36,39,41,44,48,49,51,52,55,56,
  60,63,65,68,71,72,74,76,77,78,79,80,81,82,85,88,89,90,93,94,95,96,97,98,102,
  103,106,107,108,109,113,119,121,122,126,127,128,130,131,134,135,141,142,145,
  146,148,150,154,157,158,160,164,165,167,168,170,172,173,174,175,177,181,183,
  184,186,188,189,191,192,193,194,195,199,203,204,205,207,208,209,210,214,215,
  219,222,224,225,226,227,230,231,232,233,235,236,237,243,244,249,250,254,255,
  257,261,262,264,269,275,276,277,278,279,280,281,282,286,287,289,290,295,296,
  297,300],
 [2,7,15,25,30,32,38,45,62,67,87,129,156,162,180,182,190,196,201,216,221,223,
  259,267,272,288,293,299]].
[[5,8,10,11,12,14,17,19,20,21,24,26,27,28,33,35,36,39,41,44,48,49,51,52,55,56,
  60,63,65,68,71,72,74,76,77,78,79,80,81,82,85,88,89,90,93,94,95,96,97,98,102,
  103,106,107,108,109,113,119,121,122,126,127,128,130,131,134,135,141,142,145,
  146,148,150,154,157,158,160,164,165,167,168,170,172,173,174,175,177,181,183,
  184,186,188,189,191,192,193,194,195,199,203,204,205,207,208,209,210,214,215,
  219,222,224,225,226,227,230,231,232,233,235,236,237,243,244,249,250,254,255,
  257,261,262,264,269,275,276,277,278,279,280,281,282,286,287,289,290,295,296,
  297,300],
 [1,3,4,9,16,22,23,29,34,37,43,46,53,54,57,58,59,61,66,70,75,83,84,100,110,
  111,115,116,117,118,123,140,149,153,159,163,169,178,197,200,202,217,218,228,
  229,239,240,245,246,247,248,253,258,260,263,266,268,271,283,292,294,298],
 [6,13,18,31,40,42,47,50,64,69,73,86,91,92,99,101,104,105,112,114,120,124,125,
  132,133,136,137,138,139,143,144,147,151,152,155,161,166,171,176,179,185,187,
  198,206,211,212,213,220,234,238,241,242,251,252,256,265,270,273,274,284,285,
  291]].
[[5,8,10,11,12,14,17,19,20,21,24,26,27,28,33,35,36,39,41,44,48,49,51,52,55,56,
  60,63,65,68,71,72,74,76,77,78,79,80,81,82,85,88,89,90,93,94,95,96,97,98,102,
  103,106,107,108,109,113,119,121,122,126,127,128,130,131,134,135,141,142,145,
  146,148,150,154,157,158,160,164,165,167,168,170,172,173,174,175,177,181,183,
  184,186,188,189,191,192,193,194,195,199,203,204,205,207,208,209,210,214,215,
  219,222,224,225,226,227,230,231,232,233,235,236,237,243,244,249,250,254,255,
  257,261,262,264,269,275,276,277,278,279,280,281,282,286,287,289,290,295,296,
  297,300],
 [1,3,4,9,16,22,23,29,34,37,43,46,53,54,57,58,59,61,66,70,75,83,84,100,110,
  111,115,116,117,118,123,140,149,153,159,163,169,178,197,200,202,217,218,228,
  229,239,240,245,246,247,248,253,258,260,263,266,268,271,283,292,294,298],
 [6,13,18,31,40,42,47,50,64,69,73,86,91,92,99,101,104,105,112,114,120,124,125,
  132,133,136,137,138,139,143,144,147,151,152,155,161,166,171,176,179,185,187,
  198,206,211,212,213,220,234,238,241,242,251,252,256,265,270,273,274,284,285,
  291]].
[[5,8,10,11,12,14,17,19,20,21,24,26,27,28,33,35,36,39,41,44,48,49,51,52,55,56,
  60,63,65,68,71,72,74,76,77,78,79,80,81,82,85,88,89,90,93,94,95,96,97,98,102,
  103,106,107,108,109,113,119,121,122,126,127,128,130,131,134,135,141,142,145,
  146,148,150,154,157,158,160,164,165,167,168,170,172,173,174,175,177,181,183,
  184,186,188,189,191,192,193,194,195,199,203,204,205,207,208,209,210,214,215,
  219,222,224,225,226,227,230,231,232,233,235,236,237,243,244,249,250,254,255,
  257,261,262,264,269,275,276,277,278,279,280,281,282,286,287,289,290,295,296,
  297,300],
 [1,3,4,9,16,22,23,29,34,37,43,46,53,54,57,58,59,61,66,70,75,83,84,100,110,
  111,115,116,117,118,123,140,149,153,159,163,169,178,197,200,202,217,218,228,
  229,239,240,245,246,247,248,253,258,260,263,266,268,271,283,292,294,298],
 [6,13,18,31,40,42,47,50,64,69,73,86,91,92,99,101,104,105,112,114,120,124,125,
  132,133,136,137,138,139,143,144,147,151,152,155,161,166,171,176,179,185,187,
  198,206,211,212,213,220,234,238,241,242,251,252,256,265,270,273,274,284,285,
  291]].
[[2,7,15,25,30,32,38,45,62,67,87,129,156,162,180,182,190,196,201,216,221,223,
  259,267,272,288,293,299],
 [6,13,18,31,40,42,47,50,64,69,73,86,91,92,99,101,104,105,112,114,120,124,125,
  132,133,136,137,138,139,143,144,147,151,152,155,161,166,171,176,179,185,187,
  198,206,211,212,213,220,234,238,241,242,251,252,256,265,270,273,274,284,285,
  291],
 [1,3,4,9,16,22,23,29,34,37,43,46,53,54,57,58,59,61,66,70,75,83,84,100,110,
  111,115,116,117,118,123,140,149,153,159,163,169,178,197,200,202,217,218,228,
  229,239,240,245,246,247,248,253,258,260,263,266,268,271,283,292,294,298]].
[[6,13,18,31,40,42,47,50,64,69,73,86,91,92,99,101,104,105,112,114,120,124,125,
  132,133,136,137,138,139,143,144,147,151,152,155,161,166,171,176,179,185,187,
  198,206,211,212,213,220,234,238,241,242,251,252,256,265,270,273,274,284,285,
  291],
 [2,7,15,25,30,32,38,45,62,67,87,129,156,162,180,182,190,196,201,216,221,223,
  259,267,272,288,293,299],
 [5,8,10,11,12,14,17,19,20,21,24,26,27,28,33,35,36,39,41,44,48,49,51,52,55,56,
  60,63,65,68,71,72,74,76,77,78,79,80,81,82,85,88,89,90,93,94,95,96,97,98,102,
  103,106,107,108,109,113,119,121,122,126,127,128,130,131,134,135,141,142,145,
  146,148,150,154,157,158,160,164,165,167,168,170,172,173,174,175,177,181,183,
  184,186,188,189,191,192,193,194,195,199,203,204,205,207,208,209,210,214,215,
  219,222,224,225,226,227,230,231,232,233,235,236,237,243,244,249,250,254,255,
  257,261,262,264,269,275,276,277,278,279,280,281,282,286,287,289,290,295,296,
  297,300]].
[[5,8,10,11,12,14,17,19,20,21,24,26,27,28,33,35,36,39,41,44,48,49,51,52,55,56,
  60,63,65,68,71,72,74,76,77,78,79,80,81,82,85,88,89,90,93,94,95,96,97,98,102,
  103,106,107,108,109,113,119,121,122,126,127,128,130,131,134,135,141,142,145,
  146,148,150,154,157,158,160,164,165,167,168,170,172,173,174,175,177,181,183,
  184,186,188,189,191,192,193,194,195,199,203,204,205,207,208,209,210,214,215,
  219,222,224,225,226,227,230,231,232,233,235,236,237,243,244,249,250,254,255,
  257,261,262,264,269,275,276,277,278,279,280,281,282,286,287,289,290,295,296,
  297,300],
 [1,3,4,9,16,22,23,29,34,37,43,46,53,54,57,58,59,61,66,70,75,83,84,100,110,
  111,115,116,117,118,123,140,149,153,159,163,169,178,197,200,202,217,218,228,
  229,239,240,245,246,247,248,253,258,260,263,266,268,271,283,292,294,298],
 [6,13,18,31,40,42,47,50,64,69,73,86,91,92,99,101,104,105,112,114,120,124,125,
  132,133,136,137,138,139,143,144,147,151,152,155,161,166,171,176,179,185,187,
  198,206,211,212,213,220,234,238,241,242,251,252,256,265,270,273,274,284,285,
  291]].
[[5,8,10,11,12,14,17,19,20,21,24,26,27,28,33,35,36,39,41,44,48,49,51,52,55,56,
  60,63,65,68,71,72,74,76,77,78,79,80,81,82,85,88,89,90,93,94,95,96,97,98,102,
  103,106,107,108,109,113,119,121,122,126,127,128,130,131,134,135,141,142,145,
  146,148,150,154,157,158,160,164,165,167,168,170,172,173,174,175,177,181,183,
  184,186,188,189,191,192,193,194,195,199,203,204,205,207,208,209,210,214,215,
  219,222,224,225,226,227,230,231,232,233,235,236,237,243,244,249,250,254,255,
  257,261,262,264,269,275,276,277,278,279,280,281,282,286,287,289,290,295,296,
  297,300],
 [1,3,4,9,16,22,23,29,34,37,43,46,53,54,57,58,59,61,66,70,75,83,84,100,110,
  111,115,116,117,118,123,140,149,153,159,163,169,178,197,200,202,217,218,228,
  229,239,240,245,246,247,248,253,258,260,263,266,268,271,283,292,294,298],
 [6,13,18,31,40,42,47,50,64,69,73,86,91,92,99,101,104,105,112,114,120,124,125,
  132,133,136,137,138,139,143,144,147,151,152,155,161,166,171,176,179,185,187,
  198,206,211,212,213,220,234,238,241,242,251,252,256,265,270,273,274,284,285,
  291]].
[[1,3,4,9,16,22,23,29,34,37,43,46,53,54,57,58,59,61,66,70,75,83,84,100,110,
  111,115,116,117,118,123,140,149,153,159,163,169,178,197,200,202,217,218,228,
  229,239,240,245,246,247,248,253,258,260,263,266,268,271,283,292,294,298],
 [5,8,10,11,12,14,17,19,20,21,24,26,27,28,33,35,36,39,41,44,48,49,51,52,55,56,
  60,63,65,68,71,72,74,76,77,78,79,80,81,82,85,88,89,90,93,94,95,96,97,98,102,
  103,106,107,108,109,113,119,121,122,126,127,128,130,131,134,135,141,142,145,
  146,148,150,154,157,158,160,164,165,167,168,170,172,173,174,175,177,181,183,
  184,186,188,189,191,192,193,194,195,199,203,204,205,207,208,209,210,214,215,
  219,222,224,225,226,227,230,231,232,233,235,236,237,243,244,249,250,254,255,
  257,261,262,264,269,275,276,277,278,279,280,281,282,286,287,289,290,295,296,
  297,300],
 [2,7,15,25,30,32,38,45,62,67,87,129,156,162,180,182,190,196,201,216,221,223,
  259,267,272,288,293,299]].
[[6,13,18,31,40,42,47,50,64,69,73,86,91,92,99,101,104,105,112,114,120,124,125,
  132,133,136,137,138,139,143,144,147,151,152,155,161,166,171,176,179,185,187,
  198,206,211,212,213,220,234,238,241,242,251,252,256,265,270,273,274,284,285,
  291],
 [2,7,15,25,30,32,38,45,62,67,87,129,156,162,180,182,190,196,201,216,221,223,
  259,267,272,288,293,299],
 [5,8,10,11,12,14,17,19,20,21,24,26,27,28,33,35,36,39,41,44,48,49,51,52,55,56,
  60,63,65,68,71,72,74,76,77,78,79,80,81,82,85,88,89,90,93,94,95,96,97,98,102,
  103,106,107,108,109,113,119,121,122,126,127,128,130,131,134,135,141,142,145,
  146,148,150,154,157,158,160,164,165,167,168,170,172,173,174,175,177,181,183,
  184,186,188,189,191,192,193,194,195,199,203,204,205,207,208,209,210,214,215,
  219,222,224,225,226,227,230,231,232,233,235,236,237,243,244,249,250,254,255,
  257,261,262,264,269,275,276,277,278,279,280,281,282,286,287,289,290,295,296,
  297,300]].
[[1,3,4,9,16,22,23,29,34,37,43,46,53,54,57,58,59,61,66,70,75,83,84,100,110,
  111,115,116,117,118,123,140,149,153,159,163,169,178,197,200,202,217,218,228,
  229,239,240,245,246,247,248,253,258,260,263,266,268,271,283,292,294,298],
 [5,8,10,11,12,14,17,19,20,21,24,26,27,28,33,35,36,39,41,44,48,49,51,52,55,56,
  60,63,65,68,71,72,74,76,77,78,79,80,81,82,85,88,89,90,93,94,95,96,97,98,102,
  103,106,107,108,109,113,119,121,122,126,127,128,130,131,134,135,141,142,145,
  146,148,150,154,157,158,160,164,165,167,168,170,172,173,174,175,177,181,183,
  184,186,188,189,191,192,193,194,195,199,203,204,205,207,208,209,210,214,215,
  219,222,224,225,226,227,230,231,232,233,235,236,237,243,244,249,250,254,255,
  257,261,262,264,269,275,276,277,278,279,280,281,282,286,287,289,290,295,296,
  297,300],
 [2,7,15,25,30,32,38,45,62,67,87,129,156,162,180,182,190,196,201,216,221,223,
  259,267,272,288,293,299]].
[[5,8,10,11,12,14,17,19,20,21,24,26,27,28,33,35,36,39,41,44,48,49,51,52,55,56,
  60,63,65,68,71,72,74,76,77,78,79,80,81,82,85,88,89,90,93,94,95,96,97,98,102,
  103,106,107,108,109,113,119,121,122,126,127,128,130,131,134,135,141,142,145,
  146,148,150,154,157,158,160,164,165,167,168,170,172,173,174,175,177,181,183,
  184,186,188,189,191,192,193,194,195,199,203,204,205,207,208,209,210,214,215,
  219,222,224,225,226,227,230,231,232,233,235,236,237,243,244,249,250,254,255,
  257,261,262,264,269,275,276,277,278,279,280,281,282,286,287,289,290,295,296,
  297,300],
 [1,3,4,9,16,22,23,29,34,37,43,46,53,54,57,58,59,61,66,70,75,83,84,100,110,
  111,115,116,117,118,123,140,149,153,159,163,169,178,197,200,202,217,218,228,
  229,239,240,245,246,247,248,253,258,260,263,266,268,271,283,292,294,298],
 [6,13,18,31,40,42,47,50,64,69,73,86,91,92,99,101,104,105,112,114,120,124,125,
  132,133,136,137,138,139,143,144,147,151,152,155,161,166,171,176,179,185,187,
  198,206,211,212,213,220,234,238,241,242,251,252,256,265,270,273,274,284,285,
  291]].
[[1,3,4,9,16,22,23,29,34,37,43,46,53,54,57,58,59,61,66,70,75,83,84,100,110,
  111,115,116,117,118,123,140,149,153,159,163,169,178,197,200,202,217,218,228,
  229,239,240,245,246,247,248,253,258,260,263,266,268,271,283,292,294,298],
 [5,8,10,11,12,14,17,19,20,21,24,26,27,28,33,35,36,39,41,44,48,49,51,52,55,56,
  60,63,65,68,71,72,74,76,77,78,79,80,81,82,85,88,89,90,93,94,95,96,97,98,102,
  103,106,107,108,109,113,119,121,122,126,127,128,130,131,134,135,141,142,145,
  146,148,150,154,157,158,160,164,165,167,168,170,172,173,174,175,177,181,183,
  184,186,188,189,191,192,193,194,195,199,203,204,205,207,208,209,210,214,215,
  219,222,224,225,226,227,230,231,232,233,235,236,237,243,244,249,250,254,255,
  257,261,262,264,269,275,276,277,278,279,280,281,282,286,287,289,290,295,296,
  297,300],
 [2,7,15,25,30,32,38,45,62,67,87,129,156,162,180,182,190,196,201,216,221,223,
  259,267,272,288,293,299]].
[[1,3,4,9,16,22,23,29,34,37,43,46,53,54,57,58,59,61,66,70,75,83,84,100,110,
  111,115,116,117,118,123,140,149,153,159,163,169,178,197,200,202,217,218,228,
  229,239,240,245,246,247,248,253,258,260,263,266,268,271,283,292,294,298],
 [5,8,10,11,12,14,17,19,20,21,24,26,27,28,33,35,36,39,41,44,48,49,51,52,55,56,
  60,63,65,68,71,72,74,76,77,78,79,80,81,82,85,88,89,90,93,94,95,96,97,98,102,
  103,106,107,108,109,113,119,121,122,126,127,128,130,131,134,135,141,142,145,
  146,148,150,154,157,158,160,164,165,167,168,170,172,173,174,175,177,181,183,
  184,186,188,189,191,192,193,194,195,199,203,204,205,207,208,209,210,214,215,
  219,222,224,225,226,227,230,231,232,233,235,236,237,243,244,249,250,254,255,
  257,261,262,264,269,275,276,277,278,279,280,281,282,286,287,289,290,295,296,
  297,300],
 [2,7,15,25,30,32,38,45,62,67,87,129,156,162,180,182,190,196,201,216,221,223,
  259,267,272,288,293,299]].
[[6,13,18,31,40,42,47,50,64,69,73,86,91,92,99,101,104,105,112,114,120,124,125,
  132,133,136,137,138,139,143,144,147,151,152,155,161,166,171,176,179,185,187,
  198,206,211,212,213,220,234,238,241,242,251,252,256,265,270,273,274,284,285,
  291],
 [2,7,15,25,30,32,38,45,62,67,87,129,156,162,180,182,190,196,201,216,221,223,
  259,267,272,288,293,299],
 [5,8,10,11,12,14,17,19,20,21,24,26,27,28,33,35,36,39,41,44,48,49,51,52,55,56,
  60,63,65,68,71,72,74,76,77,78,79,80,81,82,85,88,89,90,93,94,95,96,97,98,102,
  103,106,107,108,109,113,119,121,122,126,127,128,130,131,134,135,141,142,145,
  146,148,150,154,157,158,160,164,165,167,168,170,172,173,174,175,177,181,183,
  184,186,188,189,191,192,193,194,195,199,203,204,205,207,208,209,210,214,215,
  219,222,224,225,226,227,230,231,232,233,235,236,237,243,244,249,250,254,255,
  257,261,262,264,269,275,276,277,278,279,280,281,282,286,287,289,290,295,296,
  297,300]].
[[5,8,10,11,12,14,17,19,20,21,24,26,27,28,33,35,36,39,41,44,48,49,51,52,55,56,
  60,63,65,68,71,72,74,76,77,78,79,80,81,82,85,88,89,90,93,94,95,96,97,98,102,
  103,106,107,108,109,113,119,121,122,126,127,128,130,131,134,135,141,142,145,
  146,148,150,154,157,158,160,164,165,167,168,170,172,173,174,175,177,181,183,
  184,186,188,189,191,192,193,194,195,199,203,204,205,207,208,209,210,214,215,
  219,222,224,225,226,227,230,231,232,233,235,236,237,243,244,249,250,254,255,
  257,261,262,264,269,275,276,277,278,279,280,281,282,286,287,289,290,295,296,
  297,300],
 [1,3,4,9,16,22,23,29,34,37,43,46,53,54,57,58,59,61,66,70,75,83,84,100,110,
  111,115,116,117,118,123,140,149,153,159,163,169,178,197,200,202,217,218,228,
  229,239,240,245,246,247,248,253,258,260,263,266,268,271,283,292,294,298],
 [6,13,18,31,40,42,47,50,64,69,73,86,91,92,99,101,104,105,112,114,120,124,125,
  132,133,136,137,138,139,143,144,147,151,152,155,161,166,171,176,179,185,187,
  198,206,211,212,213,220,234,238,241,242,251,252,256,265,270,273,274,284,285,
  291]].
[[1,3,4,9,16,22,23,29,34,37,43,46,53,54,57,58,59,61,66,70,75,83,84,100,110,
  111,115,116,117,118,123,140,149,153,159,163,169,178,197,200,202,217,218,228,
  229,239,240,245,246,247,248,253,258,260,263,266,268,271,283,292,294,298],
 [5,8,10,11,12,14,17,19,20,21,24,26,27,28,33,35,36,39,41,44,48,49,51,52,55,56,
  60,63,65,68,71,72,74,76,77,78,79,80,81,82,85,88,89,90,93,94,95,96,97,98,102,
  103,106,107,108,109,113,119,121,122,126,127,128,130,131,134,135,141,142,145,
  146,148,150,154,157,158,160,164,165,167,168,170,172,173,174,175,177,181,183,
  184,186,188,189,191,192,193,194,195,199,203,204,205,207,208,209,210,214,215,
  219,222,224,225,226,227,230,231,232,233,235,236,237,243,244,249,250,254,255,
