[[1,2,5,9,16,27,35,36,38,45,49,50,54,67,69,77,78,79,92,93,95,114,116,117,118,121,123,130,135,136,140,148,149,152,160,164,166,172,173,174,186,199,201,202,203,210,213,215,218,221,222,225,228,229,230,231,233,236,237,238,246,247,250,255,256,257,260,263,264,267,268,269,270,272,278,283,286,290,296],[13,17,20,21,25,26,33,34,37,39,41,43,44,47,51,52,53,55,56,57,58,62,68,70,72,80,89,91,105,107,109,111,112,115,126,129,134,138,143,150,154,157,161,168,170,178,179,184,185,187,190,193,194,197,205,208,226,244,254,258,261,266,273,279,280,282,284,285,288,293,300],[7,8,10,11,14,15,18,23,24,28,29,30,31,32,46,59,64,65,66,71,73,75,82,84,85,87,88,98,106,108,113,120,124,128,131,133,147,151,153,155,158,162,167,169,176,177,195,196,204,209,211,216,217,219,220,223,232,234,239,243,248,251,259,265,271,276,277,291,292,295,298]].
[[7,8,10,11,14,15,18,23,24,28,29,30,31,32,46,59,64,65,66,71,73,75,82,84,85,87,88,98,106,108,113,120,124,128,131,133,147,151,153,155,158,162,167,169,176,177,195,196,204,209,211,216,217,219,220,223,232,234,239,243,248,251,259,265,271,276,277,291,292,295,298],[3,4,6,12,19,22,40,42,48,60,61,63,74,76,81,83,86,90,94,96,97,99,100,101,102,103,104,110,119,122,125,127,132,137,139,141,142,144,145,146,156,159,163,165,171,175,180,181,182,183,188,189,191,192,198,200,206,207,212,214,224,227,235,240,241,242,245,249,252,253,262,274,275,281,287,289,294,297,299],[1,2,5,9,16,27,35,36,38,45,49,50,54,67,69,77,78,79,92,93,95,114,116,117,118,121,123,130,135,136,140,148,149,152,160,164,166,172,173,174,186,199,201,202,203,210,213,215,218,221,222,225,228,229,230,231,233,236,237,238,246,247,250,255,256,257,260,263,264,267,268,269,270,272,278,283,286,290,296]].
[[1,2,5,9,16,27,35,36,38,45,49,50,54,67,69,77,78,79,92,93,95,114,116,117,118,121,123,130,135,136,140,148,149,152,160,164,166,172,173,174,186,199,201,202,203,210,213,215,218,221,222,225,228,229,230,231,233,236,237,238,246,247,250,255,256,257,260,263,264,267,268,269,270,272,278,283,286,290,296],[13,17,20,21,25,26,33,34,37,39,41,43,44,47,51,52,53,55,56,57,58,62,68,70,72,80,89,91,105,107,109,111,112,115,126,129,134,138,143,150,154,157,161,168,170,178,179,184,185,187,190,193,194,197,205,208,226,244,254,258,261,266,273,279,280,282,284,285,288,293,300],[7,8,10,11,14,15,18,23,24,28,29,30,31,32,46,59,64,65,66,71,73,75,82,84,85,87,88,98,106,108,113,120,124,128,131,133,147,151,153,155,158,162,167,169,176,177,195,196,204,209,211,216,217,219,220,223,232,234,239,243,248,251,259,265,271,276,277,291,292,295,298]].
[[7,8,10,11,14,15,18,23,24,28,29,30,31,32,46,59,64,65,66,71,73,75,82,84,85,87,88,98,106,108,113,120,124,128,131,133,147,151,153,155,158,162,167,169,176,177,195,196,204,209,211,216,217,219,220,223,232,234,239,243,248,251,259,265,271,276,277,291,292,295,298],[3,4,6,12,19,22,40,42,48,60,61,63,74,76,81,83,86,90,94,96,97,99,100,101,102,103,104,110,119,122,125,127,132,137,139,141,142,144,145,146,156,159,163,165,171,175,180,181,182,183,188,189,191,192,198,200,206,207,212,214,224,227,235,240,241,242,245,249,252,253,262,274,275,281,287,289,294,297,299],[1,2,5,9,16,27,35,36,38,45,49,50,54,67,69,77,78,79,92,93,95,114,116,117,118,121,123,130,135,136,140,148,149,152,160,164,166,172,173,174,186,199,201,202,203,210,213,215,218,221,222,225,228,229,230,231,233,236,237,238,246,247,250,255,256,257,260,263,264,267,268,269,270,272,278,283,286,290,296]].
[[3,4,6,12,19,22,40,42,48,60,61,63,74,76,81,83,86,90,94,96,97,99,100,101,102,103,104,110,119,122,125,127,132,137,139,141,142,144,145,146,156,159,163,165,171,175,180,181,182,183,188,189,191,192,198,200,206,207,212,214,224,227,235,240,241,242,245,249,252,253,262,274,275,281,287,289,294,297,299],[7,8,10,11,14,15,18,23,24,28,29,30,31,32,46,59,64,65,66,71,73,75,82,84,85,87,88,98,106,108,113,120,124,128,131,133,147,151,153,155,158,162,167,169,176,177,195,196,204,209,211,216,217,219,220,223,232,234,239,243,248,251,259,265,271,276,277,291,292,295,298],[13,17,20,21,25,26,33,34,37,39,41,43,44,47,51,52,53,55,56,57,58,62,68,70,72,80,89,91,105,107,109,111,112,115,126,129,134,138,143,150,154,157,161,168,170,178,179,184,185,187,190,193,194,197,205,208,226,244,254,258,261,266,273,279,280,282,284,285,288,293,300]].
[[3,4,6,12,19,22,40,42,48,60,61,63,74,76,81,83,86,90,94,96,97,99,100,101,102,103,104,110,119,122,125,127,132,137,139,141,142,144,145,146,156,159,163,165,171,175,180,181,182,183,188,189,191,192,198,200,206,207,212,214,224,227,235,240,241,242,245,249,252,253,262,274,275,281,287,289,294,297,299],[7,8,10,11,14,15,18,23,24,28,29,30,31,32,46,59,64,65,66,71,73,75,82,84,85,87,88,98,106,108,113,120,124,128,131,133,147,151,153,155,158,162,167,169,176,177,195,196,204,209,211,216,217,219,220,223,232,234,239,243,248,251,259,265,271,276,277,291,292,295,298],[13,17,20,21,25,26,33,34,37,39,41,43,44,47,51,52,53,55,56,57,58,62,68,70,72,80,89,91,105,107,109,111,112,115,126,129,134,138,143,150,154,157,161,168,170,178,179,184,185,187,190,193,194,197,205,208,226,244,254,258,261,266,273,279,280,282,284,285,288,293,300]].
[[1,2,5,9,16,27,35,36,38,45,49,50,54,67,69,77,78,79,92,93,95,114,116,117,118,121,123,130,135,136,140,148,149,152,160,164,166,172,173,174,186,199,201,202,203,210,213,215,218,221,222,225,228,229,230,231,233,236,237,238,246,247,250,255,256,257,260,263,264,267,268,269,270,272,278,283,286,290,296],[13,17,20,21,25,26,33,34,37,39,41,43,44,47,51,52,53,55,56,57,58,62,68,70,72,80,89,91,105,107,109,111,112,115,126,129,134,138,143,150,154,157,161,168,170,178,179,184,185,187,190,193,194,197,205,208,226,244,254,258,261,266,273,279,280,282,284,285,288,293,300],[7,8,10,11,14,15,18,23,24,28,29,30,31,32,46,59,64,65,66,71,73,75,82,84,85,87,88,98,106,108,113,120,124,128,131,133,147,151,153,155,158,162,167,169,176,177,195,196,204,209,211,216,217,219,220,223,232,234,239,243,248,251,259,265,271,276,277,291,292,295,298]].
[[7,8,10,11,14,15,18,23,24,28,29,30,31,32,46,59,64,65,66,71,73,75,82,84,85,87,88,98,106,108,113,120,124,128,131,133,147,151,153,155,158,162,167,169,176,177,195,196,204,209,211,216,217,219,220,223,232,234,239,243,248,251,259,265,271,276,277,291,292,295,298],[3,4,6,12,19,22,40,42,48,60,61,63,74,76,81,83,86,90,94,96,97,99,100,101,102,103,104,110,119,122,125,127,132,137,139,141,142,144,145,146,156,159,163,165,171,175,180,181,182,183,188,189,191,192,198,200,206,207,212,214,224,227,235,240,241,242,245,249,252,253,262,274,275,281,287,289,294,297,299],[1,2,5,9,16,27,35,36,38,45,49,50,54,67,69,77,78,79,92,93,95,114,116,117,118,121,123,130,135,136,140,148,149,152,160,164,166,172,173,174,186,199,201,202,203,210,213,215,218,221,222,225,228,229,230,231,233,236,237,238,246,247,250,255,256,257,260,263,264,267,268,269,270,272,278,283,286,290,296]].
[[7,8,10,11,14,15,18,23,24,28,29,30,31,32,46,59,64,65,66,71,73,75,82,84,85,87,88,98,106,108,113,120,124,128,131,133,147,151,153,155,158,162,167,169,176,177,195,196,204,209,211,216,217,219,220,223,232,234,239,243,248,251,259,265,271,276,277,291,292,295,298],[3,4,6,12,19,22,40,42,48,60,61,63,74,76,81,83,86,90,94,96,97,99,100,101,102,103,104,110,119,122,125,127,132,137,139,141,142,144,145,146,156,159,163,165,171,175,180,181,182,183,188,189,191,192,198,200,206,207,212,214,224,227,235,240,241,242,245,249,252,253,262,274,275,281,287,289,294,297,299],[1,2,5,9,16,27,35,36,38,45,49,50,54,67,69,77,78,79,92,93,95,114,116,117,118,121,123,130,135,136,140,148,149,152,160,164,166,172,173,174,186,199,201,202,203,210,213,215,218,221,222,225,228,229,230,231,233,236,237,238,246,247,250,255,256,257,260,263,264,267,268,269,270,272,278,283,286,290,296]].
[[13,17,20,21,25,26,33,34,37,39,41,43,44,47,51,52,53,55,56,57,58,62,68,70,72,80,89,91,105,107,109,111,112,115,126,129,134,138,143,150,154,157,161,168,170,178,179,184,185,187,190,193,194,197,205,208,226,244,254,258,261,266,273,279,280,282,284,285,288,293,300],[1,2,5,9,16,27,35,36,38,45,49,50,54,67,69,77,78,79,92,93,95,114,116,117,118,121,123,130,135,136,140,148,149,152,160,164,166,172,173,174,186,199,201,202,203,210,213,215,218,221,222,225,228,229,230,231,233,236,237,238,246,247,250,255,256,257,260,263,264,267,268,269,270,272,278,283,286,290,296],[3,4,6,12,19,22,40,42,48,60,61,63,74,76,81,83,86,90,94,96,97,99,100,101,102,103,104,110,119,122,125,127,132,137,139,141,142,144,145,146,156,159,163,165,171,175,180,181,182,183,188,189,191,192,198,200,206,207,212,214,224,227,235,240,241,242,245,249,252,253,262,274,275,281,287,289,294,297,299]].
[[3,4,6,12,19,22,40,42,48,60,61,63,74,76,81,83,86,90,94,96,97,99,100,101,102,103,104,110,119,122,125,127,132,137,139,141,142,144,145,146,156,159,163,165,171,175,180,181,182,183,188,189,191,192,198,200,206,207,212,214,224,227,235,240,241,242,245,249,252,253,262,274,275,281,287,289,294,297,299],[7,8,10,11,14,15,18,23,24,28,29,30,31,32,46,59,64,65,66,71,73,75,82,84,85,87,88,98,106,108,113,120,124,128,131,133,147,151,153,155,158,162,167,169,176,177,195,196,204,209,211,216,217,219,220,223,232,234,239,243,248,251,259,265,271,276,277,291,292,295,298],[13,17,20,21,25,26,33,34,37,39,41,43,44,47,51,52,53,55,56,57,58,62,68,70,72,80,89,91,105,107,109,111,112,115,126,129,134,138,143,150,154,157,161,168,170,178,179,184,185,187,190,193,194,197,205,208,226,244,254,258,261,266,273,279,280,282,284,285,288,293,300]].
[[13,17,20,21,25,26,33,34,37,39,41,43,44,47,51,52,53,55,56,57,58,62,68,70,72,80,89,91,105,107,109,111,112,115,126,129,134,138,143,150,154,157,161,168,170,178,179,184,185,187,190,193,194,197,205,208,226,244,254,258,261,266,273,279,280,282,284,285,288,293,300],[1,2,5,9,16,27,35,36,38,45,49,50,54,67,69,77,78,79,92,93,95,114,116,117,118,121,123,130,135,136,140,148,149,152,160,164,166,172,173,174,186,199,201,202,203,210,213,215,218,221,222,225,228,229,230,231,233,236,237,238,246,247,250,255,256,257,260,263,264,267,268,269,270,272,278,283,286,290,296],[3,4,6,12,19,22,40,42,48,60,61,63,74,76,81,83,86,90,94,96,97,99,100,101,102,103,104,110,119,122,125,127,132,137,139,141,142,144,145,146,156,159,163,165,171,175,180,181,182,183,188,189,191,192,198,200,206,207,212,214,224,227,235,240,241,242,245,249,252,253,262,274,275,281,287,289,294,297,299]].
[[3,4,6,12,19,22,40,42,48,60,61,63,74,76,81,83,86,90,94,96,97,99,100,101,102,103,104,110,119,122,125,127,132,137,139,141,142,144,145,146,156,159,163,165,171,175,180,181,182,183,188,189,191,192,198,200,206,207,212,214,224,227,235,240,241,242,245,249,252,253,262,274,275,281,287,289,294,297,299],[7,8,10,11,14,15,18,23,24,28,29,30,31,32,46,59,64,65,66,71,73,75,82,84,85,87,88,98,106,108,113,120,124,128,131,133,147,151,153,155,158,162,167,169,176,177,195,196,204,209,211,216,217,219,220,223,232,234,239,243,248,251,259,265,271,276,277,291,292,295,298],[13,17,20,21,25,26,33,34,37,39,41,43,44,47,51,52,53,55,56,57,58,62,68,70,72,80,89,91,105,107,109,111,112,115,126,129,134,138,143,150,154,157,161,168,170,178,179,184,185,187,190,193,194,197,205,208,226,244,254,258,261,266,273,279,280,282,284,285,288,293,300]].
[[3,4,6,12,19,22,40,42,48,60,61,63,74,76,81,83,86,90,94,96,97,99,100,101,102,103,104,110,119,122,125,127,132,137,139,141,142,144,145,146,156,159,163,165,171,175,180,181,182,183,188,189,191,192,198,200,206,207,212,214,224,227,235,240,241,242,245,249,252,253,262,274,275,281,287,289,294,297,299],[7,8,10,11,14,15,18,23,24,28,29,30,31,32,46,59,64,65,66,71,73,75,82,84,85,87,88,98,106,108,113,120,124,128,131,133,147,151,153,155,158,162,167,169,176,177,195,196,204,209,211,216,217,219,220,223,232,234,239,243,248,251,259,265,271,276,277,291,292,295,298],[13,17,20,21,25,26,33,34,37,39,41,43,44,47,51,52,53,55,56,57,58,62,68,70,72,80,89,91,105,107,109,111,112,115,126,129,134,138,143,150,154,157,161,168,170,178,179,184,185,187,190,193,194,197,205,208,226,244,254,258,261,266,273,279,280,282,284,285,288,293,300]].
[[13,17,20,21,25,26,33,34,37,39,41,43,44,47,51,52,53,55,56,57,58,62,68,70,72,80,89,91,105,107,109,111,112,115,126,129,134,138,143,150,154,157,161,168,170,178,179,184,185,187,190,193,194,197,205,208,226,244,254,258,261,266,273,279,280,282,284,285,288,293,300],[1,2,5,9,16,27,35,36,38,45,49,50,54,67,69,77,78,79,92,93,95,114,116,117,118,121,123,130,135,136,140,148,149,152,160,164,166,172,173,174,186,199,201,202,203,210,213,215,218,221,222,225,228,229,230,231,233,236,237,238,246,247,250,255,256,257,260,263,264,267,268,269,270,272,278,283,286,290,296],[3,4,6,12,19,22,40,42,48,60,61,63,74,76,81,83,86,90,94,96,97,99,100,101,102,103,104,110,119,122,125,127,132,137,139,141,142,144,145,146,156,159,163,165,171,175,180,181,182,183,188,189,191,192,198,200,206,207,212,214,224,227,235,240,241,242,245,249,252,253,262,274,275,281,287,289,294,297,299]].
[[7,8,10,11,14,15,18,23,24,28,29,30,31,32,46,59,64,65,66,71,73,75,82,84,85,87,88,98,106,108,113,120,124,128,131,133,147,151,153,155,158,162,167,169,176,177,195,196,204,209,211,216,217,219,220,223,232,234,239,243,248,251,259,265,271,276,277,291,292,295,298],[3,4,6,12,19,22,40,42,48,60,61,63,74,76,81,83,86,90,94,96,97,99,100,101,102,103,104,110,119,122,125,127,132,137,139,141,142,144,145,146,156,159,163,165,171,175,180,181,182,183,188,189,191,192,198,200,206,207,212,214,224,227,235,240,241,242,245,249,252,253,262,274,275,281,287,289,294,297,299],[1,2,5,9,16,27,35,36,38,45,49,50,54,67,69,77,78,79,92,93,95,114,116,117,118,121,123,130,135,136,140,148,149,152,160,164,166,172,173,174,186,199,201,202,203,210,213,215,218,221,222,225,228,229,230,231,233,236,237,238,246,247,250,255,256,257,260,263,264,267,268,269,270,272,278,283,286,290,296]].
[[1,2,5,9,16,27,35,36,38,45,49,50,54,67,69,77,78,79,92,93,95,114,116,117,118,121,123,130,135,136,140,148,149,152,160,164,166,172,173,174,186,199,201,202,203,210,213,215,218,221,222,225,228,229,230,231,233,236,237,238,246,247,250,255,256,257,260,263,264,267,268,269,270,272,278,283,286,290,296],[13,17,20,21,25,26,33,34,37,39,41,43,44,47,51,52,53,55,56,57,58,62,68,70,72,80,89,91,105,107,109,111,112,115,126,129,134,138,143,150,154,157,161,168,170,178,179,184,185,187,190,193,194,197,205,208,226,244,254,258,261,266,273,279,280,282,284,285,288,293,300],[7,8,10,11,14,15,18,23,24,28,29,30,31,32,46,59,64,65,66,71,73,75,82,84,85,87,88,98,106,108,113,120,124,128,131,133,147,151,153,155,158,162,167,169,176,177,195,196,204,209,211,216,217,219,220,223,232,234,239,243,248,251,259,265,271,276,277,291,292,295,298]].
[[7,8,10,11,14,15,18,23,24,28,29,30,31,32,46,59,64,65,66,71,73,75,82,84,85,87,88,98,106,108,113,120,124,128,131,133,147,151,153,155,158,162,167,169,176,177,195,196,204,209,211,216,217,219,220,223,232,234,239,243,248,251,259,265,271,276,277,291,292,295,298],[3,4,6,12,19,22,40,42,48,60,61,63,74,76,81,83,86,90,94,96,97,99,100,101,102,103,104,110,119,122,125,127,132,137,139,141,142,144,145,146,156,159,163,165,171,175,180,181,182,183,188,189,191,192,198,200,206,207,212,214,224,227,235,240,241,242,245,249,252,253,262,274,275,281,287,289,294,297,299],[1,2,5,9,16,27,35,36,38,45,49,50,54,67,69,77,78,79,92,93,95,114,116,117,118,121,123,130,135,136,140,148,149,152,160,164,166,172,173,174,186,199,201,202,203,210,213,215,218,221,222,225,228,229,230,231,233,236,237,238,246,247,250,255,256,257,260,263,264,267,268,269,270,272,278,283,286,290,296]].
[[13,17,20,21,25,26,33,34,37,39,41,43,44,47,51,52,53,55,56,57,58,62,68,70,72,80,89,91,105,107,109,111,112,115,126,129,134,138,143,150,154,157,161,168,170,178,179,184,185,187,190,193,194,197,205,208,226,244,254,258,261,266,273,279,280,282,284,285,288,293,300],[1,2,5,9,16,27,35,36,38,45,49,50,54,67,69,77,78,79,92,93,95,114,116,117,118,121,123,130,135,136,140,148,149,152,160,164,166,172,173,174,186,199,201,202,203,210,213,215,218,221,222,225,228,229,230,231,233,236,237,238,246,247,250,255,256,257,260,263,264,267,268,269,270,272,278,283,286,290,296],[3,4,6,12,19,22,40,42,48,60,61,63,74,76,81,83,86,90,94,96,97,99,100,101,102,103,104,110,119,122,125,127,132,137,139,141,142,144,145,146,156,159,163,165,171,175,180,181,182,183,188,189,191,192,198,200,206,207,212,214,224,227,235,240,241,242,245,249,252,253,262,274,275,281,287,289,294,297,299]].
[[7,8,10,11,14,15,18,23,24,28,29,30,31,32,46,59,64,65,66,71,73,75,82,84,85,87,88,98,106,108,113,120,124,128,131,133,147,151,153,155,158,162,167,169,176,177,195,196,204,209,211,216,217,219,220,223,232,234,239,243,248,251,259,265,271,276,277,291,292,295,298],[3,4,6,12,19,22,40,42,48,60,61,63,74,76,81,83,86,90,94,96,97,99,100,101,102,103,104,110,119,122,125,127,132,137,139,141,142,144,145,146,156,159,163,165,171,175,180,181,182,183,188,189,191,192,198,200,206,207,212,214,224,227,235,240,241,242,245,249,252,253,262,274,275,281,287,289,294,297,299],[1,2,5,9,16,27,35,36,38,45,49,50,54,67,69,77,78,79,92,93,95,114,116,117,118,121,123,130,135,136,140,148,149,152,160,164,166,172,173,174,186,199,201,202,203,210,213,215,218,221,222,225,228,229,230,231,233,236,237,238,246,247,250,255,256,257,260,263,264,267,268,269,270,272,278,283,286,290,296]].
[[3,4,6,12,19,22,40,42,48,60,61,63,74,76,81,83,86,90,94,96,97,99,100,101,102,103,104,110,119,122,125,127,132,137,139,141,142,144,145,146,156,159,163,165,171,175,180,181,182,183,188,189,191,192,198,200,206,207,212,214,224,227,235,240,241,242,245,249,252,253,262,274,275,281,287,289,294,297,299],[7,8,10,11,14,15,18,23,24,28,29,30,31,32,46,59,64,65,66,71,73,75,82,84,85,87,88,98,106,108,113,120,124,128,131,133,147,151,153,155,158,162,167,169,176,177,195,196,204,209,211,216,217,219,220,223,232,234,239,243,248,251,259,265,271,276,277,291,292,295,298],[13,17,20,21,25,26,33,34,37,39,41,43,44,47,51,52,53,55,56,57,58,62,68,70,72,80,89,91,105,107,109,111,112,115,126,129,134,138,143,150,154,157,161,168,170,178,179,184,185,187,190,193,194,197,205,208,226,244,254,258,261,266,273,279,280,282,284,285,288,293,300]].
[[7,8,10,11,14,15,18,23,24,28,29,30,31,32,46,59,64,65,66,71,73,75,82,84,85,87,88,98,106,108,113,120,124,128,131,133,147,151,153,155,158,162,167,169,176,177,195,196,204,209,211,216,217,219,220,223,232,234,239,243,248,251,259,265,271,276,277,291,292,295,298],[3,4,6,12,19,22,40,42,48,60,61,63,74,76,81,83,86,90,94,96,97,99,100,101,102,103,104,110,119,122,125,127,132,137,139,141,142,144,145,146,156,159,163,165,171,175,180,181,182,183,188,189,191,192,198,200,206,207,212,214,224,227,235,240,241,242,245,249,252,253,262,274,275,281,287,289,294,297,299],[1,2,5,9,16,27,35,36,38,45,49,50,54,67,69,77,78,79,92,93,95,114,116,117,118,121,123,130,135,136,140,148,149,152,160,164,166,172,173,174,186,199,201,202,203,210,213,215,218,221,222,225,228,229,230,231,233,236,237,238,246,247,250,255,256,257,260,263,264,267,268,269,270,272,278,283,286,290,296]].
[[7,8,10,11,14,15,18,23,24,28,29,30,31,32,46,59,64,65,66,71,73,75,82,84,85,87,88,98,106,108,113,120,124,128,131,133,147,151,153,155,158,162,167,169,176,177,195,196,204,209,211,216,217,219,220,223,232,234,239,243,248,251,259,265,271,276,277,291,292,295,298],[3,4,6,12,19,22,40,42,48,60,61,63,74,76,81,83,86,90,94,96,97,99,100,101,102,103,104,110,119,122,125,127,132,137,139,141,142,144,145,146,156,159,163,165,171,175,180,181,182,183,188,189,191,192,198,200,206,207,212,214,224,227,235,240,241,242,245,249,252,253,262,274,275,281,287,289,294,297,299],[1,2,5,9,16,27,35,36,38,45,49,50,54,67,69,77,78,79,92,93,95,114,116,117,118,121,123,130,135,136,140,148,149,152,160,164,166,172,173,174,186,199,201,202,203,210,213,215,218,221,222,225,228,229,230,231,233,236,237,238,246,247,250,255,256,257,260,263,264,267,268,269,270,272,278,283,286,290,296]].
[[1,2,5,9,16,27,35,36,38,45,49,50,54,67,69,77,78,79,92,93,95,114,116,117,118,121,123,130,135,136,140,148,149,152,160,164,166,172,173,174,186,199,201,202,203,210,213,215,218,221,222,225,228,229,230,231,233,236,237,238,246,247,250,255,256,257,260,263,264,267,268,269,270,272,278,283,286,290,296],[13,17,20,21,25,26,33,34,37,39,41,43,44,47,51,52,53,55,56,57,58,62,68,70,72,80,89,91,105,107,109,111,112,115,126,129,134,138,143,150,154,157,161,168,170,178,179,184,185,187,190,193,194,197,205,208,226,244,254,258,261,266,273,279,280,282,284,285,288,293,300],[7,8,10,11,14,15,18,23,24,28,29,30,31,32,46,59,64,65,66,71,73,75,82,84,85,87,88,98,106,108,113,120,124,128,131,133,147,151,153,155,158,162,167,169,176,177,195,196,204,209,211,216,217,219,220,223,232,234,239,243,248,251,259,265,271,276,277,291,292,295,298]].
[[7,8,10,11,14,15,18,23,24,28,29,30,31,32,46,59,64,65,66,71,73,75,82,84,85,87,88,98,106,108,113,120,124,128,131,133,147,151,153,155,158,162,167,169,176,177,195,196,204,209,211,216,217,219,220,223,232,234,239,243,248,251,259,265,271,276,277,291,292,295,298],[3,4,6,12,19,22,40,42,48,60,61,63,74,76,81,83,86,90,94,96,97,99,100,101,102,103,104,110,119,122,125,127,132,137,139,141,142,144,145,146,156,159,163,165,171,175,180,181,182,183,188,189,191,192,198,200,206,207,212,214,224,227,235,240,241,242,245,249,252,253,262,274,275,281,287,289,294,297,299],[1,2,5,9,16,27,35,36,38,45,49,50,54,67,69,77,78,79,92,93,95,114,116,117,118,121,123,130,135,136,140,148,149,152,160,164,166,172,173,174,186,199,201,202,203,210,213,215,218,221,222,225,228,229,230,231,233,236,237,238,246,247,250,255,256,257,260,263,264,267,268,269,270,272,278,283,286,290,296]].
[[1,2,5,9,16,27,35,36,38,45,49,50,54,67,69,77,78,79,92,93,95,114,116,117,118,121,123,130,135,136,140,148,149,152,160,164,166,172,173,174,186,199,201,202,203,210,213,215,218,221,222,225,228,229,230,231,233,236,237,238,246,247,250,255,256,257,260,263,264,267,268,269,270,272,278,283,286,290,296],[13,17,20,21,25,26,33,34,37,39,41,43,44,47,51,52,53,55,56,57,58,62,68,70,72,80,89,91,105,107,109,111,112,115,126,129,134,138,143,150,154,157,161,168,170,178,179,184,185,187,190,193,194,197,205,208,226,244,254,258,261,266,273,279,280,282,284,285,288,293,300],[7,8,10,11,14,15,18,23,24,28,29,30,31,32,46,59,64,65,66,71,73,75,82,84,85,87,88,98,106,108,113,120,124,128,131,133,147,151,153,155,158,162,167,169,176,177,195,196,204,209,211,216,217,219,220,223,232,234,239,243,248,251,259,265,271,276,277,291,292,295,298]].
[[13,17,20,21,25,26,33,34,37,39,41,43,44,47,51,52,53,55,56,57,58,62,68,70,72,80,89,91,105,107,109,111,112,115,126,129,134,138,143,150,154,157,161,168,170,178,179,184,185,187,190,193,194,197,205,208,226,244,254,258,261,266,273,279,280,282,284,285,288,293,300],[1,2,5,9,16,27,35,36,38,45,49,50,54,67,69,77,78,79,92,93,95,114,116,117,118,121,123,130,135,136,140,148,149,152,160,164,166,172,173,174,186,199,201,202,203,210,213,215,218,221,222,225,228,229,230,231,233,236,237,238,246,247,250,255,256,257,260,263,264,267,268,269,270,272,278,283,286,290,296],[3,4,6,12,19,22,40,42,48,60,61,63,74,76,81,83,86,90,94,96,97,99,100,101,102,103,104,110,119,122,125,127,132,137,139,141,142,144,145,146,156,159,163,165,171,175,180,181,182,183,188,189,191,192,198,200,206,207,212,214,224,227,235,240,241,242,245,249,252,253,262,274,275,281,287,289,294,297,299]].
[[3,4,6,12,19,22,40,42,48,60,61,63,74,76,81,83,86,90,94,96,97,99,100,101,102,103,104,110,119,122,125,127,132,137,139,141,142,144,145,146,156,159,163,165,171,175,180,181,182,183,188,189,191,192,198,200,206,207,212,214,224,227,235,240,241,242,245,249,252,253,262,274,275,281,287,289,294,297,299],[7,8,10,11,14,15,18,23,24,28,29,30,31,32,46,59,64,65,66,71,73,75,82,84,85,87,88,98,106,108,113,120,124,128,131,133,147,151,153,155,158,162,167,169,176,177,195,196,204,209,211,216,217,219,220,223,232,234,239,243,248,251,259,265,271,276,277,291,292,295,298],[13,17,20,21,25,26,33,34,37,39,41,43,44,47,51,52,53,55,56,57,58,62,68,70,72,80,89,91,105,107,109,111,112,115,126,129,134,138,143,150,154,157,161,168,170,178,179,184,185,187,190,193,194,197,205,208,226,244,254,258,261,266,273,279,280,282,284,285,288,293,300]].
[[1,2,5,9,16,27,35,36,38,45,49,50,54,67,69,77,78,79,92,93,95,114,116,117,118,121,123,130,135,136,140,148,149,152,160,164,166,172,173,174,186,199,201,202,203,210,213,215,218,221,222,225,228,229,230,231,233,236,237,238,246,247,250,255,256,257,260,263,264,267,268,269,270,272,278,283,286,290,296],[13,17,20,21,25,26,33,34,37,39,41,43,44,47,51,52,53,55,56,57,58,62,68,70,72,80,89,91,105,107,109,111,112,115,126,129,134,138,143,150,154,157,161,168,170,178,179,184,185,187,190,193,194,197,205,208,226,244,254,258,261,266,273,279,280,282,284,285,288,293,300],[7,8,10,11,14,15,18,23,24,28,29,30,31,32,46,59,64,65,66,71,73,75,82,84,85,87,88,98,106,108,113,120,124,128,131,133,147,151,153,155,158,162,167,169,176,177,195,196,204,209,211,216,217,219,220,223,232,234,239,243,248,251,259,265,271,276,277,291,292,295,298]].
[[1,2,5,9,16,27,35,36,38,45,49,50,54,67,69,77,78,79,92,93,95,114,116,117,118,121,123,130,135,136,140,148,149,152,160,164,166,172,173,174,186,199,201,202,203,210,213,215,218,221,222,225,228,229,230,231,233,236,237,238,246,247,250,255,256,257,260,263,264,267,268,269,270,272,278,283,286,290,296],[13,17,20,21,25,26,33,34,37,39,41,43,44,47,51,52,53,55,56,57,58,62,68,70,72,80,89,91,105,107,109,111,112,115,126,129,134,138,143,150,154,157,161,168,170,178,179,184,185,187,190,193,194,197,205,208,226,244,254,258,261,266,273,279,280,282,284,285,288,293,300],[7,8,10,11,14,15,18,23,24,28,29,30,31,32,46,59,64,65,66,71,73,75,82,84,85,87,88,98,106,108,113,120,124,128,131,133,147,151,153,155,158,162,167,169,176,177,195,196,204,209,211,216,217,219,220,223,232,234,239,243,248,251,259,265,271,276,277,291,292,295,298]].
[[7,8,10,11,14,15,18,23,24,28,29,30,31,32,46,59,64,65,66,71,73,75,82,84,85,87,88,98,106,108,113,120,124,128,131,133,147,151,153,155,158,162,167,169,176,177,195,196,204,209,211,216,217,219,220,223,232,234,239,243,248,251,259,265,271,276,277,291,292,295,298],[3,4,6,12,19,22,40,42,48,60,61,63,74,76,81,83,86,90,94,96,97,99,100,101,102,103,104,110,119,122,125,127,132,137,139,141,142,144,145,146,156,159,163,165,171,175,180,181,182,183,188,189,191,192,198,200,206,207,212,214,224,227,235,240,241,242,245,249,252,253,262,274,275,281,287,289,294,297,299],[1,2,5,9,16,27,35,36,38,45,49,50,54,67,69,77,78,79,92,93,95,114,116,117,118,121,123,130,135,136,140,148,149,152,160,164,166,172,173,174,186,199,201,202,203,210,213,215,218,221,222,225,228,229,230,231,233,236,237,238,246,247,250,255,256,257,260,263,264,267,268,269,270,272,278,283,286,290,296]].
[[7,8,10,11,14,15,18,23,24,28,29,30,31,32,46,59,64,65,66,71,73,75,82,84,85,87,88,98,106,108,113,120,124,128,131,133,147,151,153,155,158,162,167,169,176,177,195,196,204,209,211,216,217,219,220,223,232,234,239,243,248,251,259,265,271,276,277,291,292,295,298],[3,4,6,12,19,22,40,42,48,60,61,63,74,76,81,83,86,90,94,96,97,99,100,101,102,103,104,110,119,122,125,127,132,137,139,141,142,144,145,146,156,159,163,165,171,175,180,181,182,183,188,189,191,192,198,200,206,207,212,214,224,227,235,240,241,242,245,249,252,253,262,274,275,281,287,289,294,297,299],[1,2,5,9,16,27,35,36,38,45,49,50,54,67,69,77,78,79,92,93,95,114,116,117,118,121,123,130,135,136,140,148,149,152,160,164,166,172,173,174,186,199,201,202,203,210,213,215,218,221,222,225,228,229,230,231,233,236,237,238,246,247,250,255,256,257,260,263,264,267,268,269,270,272,278,283,286,290,296]].
[[3,4,6,12,19,22,40,42,48,60,61,63,74,76,81,83,86,90,94,96,97,99,100,101,102,103,104,110,119,122,125,127,132,137,139,141,142,144,145,146,156,159,163,165,171,175,180,181,182,183,188,189,191,192,198,200,206,207,212,214,224,227,235,240,241,242,245,249,252,253,262,274,275,281,287,289,294,297,299],[7,8,10,11,14,15,18,23,24,28,29,30,31,32,46,59,64,65,66,71,73,75,82,84,85,87,88,98,106,108,113,120,124,128,131,133,147,151,153,155,158,162,167,169,176,177,195,196,204,209,211,216,217,219,220,223,232,234,239,243,248,251,259,265,271,276,277,291,292,295,298],[13,17,20,21,25,26,33,34,37,39,41,43,44,47,51,52,53,55,56,57,58,62,68,70,72,80,89,91,105,107,109,111,112,115,126,129,134,138,143,150,154,157,161,168,170,178,179,184,185,187,190,193,194,197,205,208,226,244,254,258,261,266,273,279,280,282,284,285,288,293,300]].
[[1,2,5,9,16,27,35,36,38,45,49,50,54,67,69,77,78,79,92,93,95,114,116,117,118,121,123,130,135,136,140,148,149,152,160,164,166,172,173,174,186,199,201,202,203,210,213,215,218,221,222,225,228,229,230,231,233,236,237,238,246,247,250,255,256,257,260,263,264,267,268,269,270,272,278,283,286,290,296],[13,17,20,21,25,26,33,34,37,39,41,43,44,47,51,52,53,55,56,57,58,62,68,70,72,80,89,91,105,107,109,111,112,115,126,129,134,138,143,150,154,157,161,168,170,178,179,184,185,187,190,193,194,197,205,208,226,244,254,258,261,266,273,279,280,282,284,285,288,293,300],[7,8,10,11,14,15,18,23,24,28,29,30,31,32,46,59,64,65,66,71,73,75,82,84,85,87,88,98,106,108,113,120,124,128,131,133,147,151,153,155,158,162,167,169,176,177,195,196,204,209,211,216,217,219,220,223,232,234,239,243,248,251,259,265,271,276,277,291,292,295,298]].
[[7,8,10,11,14,15,18,23,24,28,29,30,31,32,46,59,64,65,66,71,73,75,82,84,85,87,88,98,106,108,113,120,124,128,131,133,147,151,153,155,158,162,167,169,176,177,195,196,204,209,211,216,217,219,220,223,232,234,239,243,248,251,259,265,271,276,277,291,292,295,298],[3,4,6,12,19,22,40,42,48,60,61,63,74,76,81,83,86,90,94,96,97,99,100,101,102,103,104,110,119,122,125,127,132,137,139,141,142,144,145,146,156,159,163,165,171,175,180,181,182,183,188,189,191,192,198,200,206,207,212,214,224,227,235,240,241,242,245,249,252,253,262,274,275,281,287,289,294,297,299],[1,2,5,9,16,27,35,36,38,45,49,50,54,67,69,77,78,79,92,93,95,114,116,117,118,121,123,130,135,136,140,148,149,152,160,164,166,172,173,174,186,199,201,202,203,210,213,215,218,221,222,225,228,229,230,231,233,236,237,238,246,247,250,255,256,257,260,263,264,267,268,269,270,272,278,283,286,290,296]].
[[7,8,10,11,14,15,18,23,24,28,29,30,31,32,46,59,64,65,66,71,73,75,82,84,85,87,88,98,106,108,113,120,124,128,131,133,147,151,153,155,158,162,167,169,176,177,195,196,204,209,211,216,217,219,220,223,232,234,239,243,248,251,259,265,271,276,277,291,292,295,298],[3,4,6,12,19,22,40,42,48,60,61,63,74,76,81,83,86,90,94,96,97,99,100,101,102,103,104,110,119,122,125,127,132,137,139,141,142,144,145,146,156,159,163,165,171,175,180,181,182,183,188,189,191,192,198,200,206,207,212,214,224,227,235,240,241,242,245,249,252,253,262,274,275,281,287,289,294,297,299],[1,2,5,9,16,27,35,36,38,45,49,50,54,67,69,77,78,79,92,93,95,114,116,117,118,121,123,130,135,136,140,148,149,152,160,164,166,172,173,174,186,199,201,202,203,210,213,215,218,221,222,225,228,229,230,231,233,236,237,238,246,247,250,255,256,257,260,263,264,267,268,269,270,272,278,283,286,290,296]].
[[13,17,20,21,25,26,33,34,37,39,41,43,44,47,51,52,53,55,56,57,58,62,68,70,72,80,89,91,105,107,109,111,112,115,126,129,134,138,143,150,154,157,161,168,170,178,179,184,185,187,190,193,194,197,205,208,226,244,254,258,261,266,273,279,280,282,284,285,288,293,300],[1,2,5,9,16,27,35,36,38,45,49,50,54,67,69,77,78,79,92,93,95,114,116,117,118,121,123,130,135,136,140,148,149,152,160,164,166,172,173,174,186,199,201,202,203,210,213,215,218,221,222,225,228,229,230,231,233,236,237,238,246,247,250,255,256,257,260,263,264,267,268,269,270,272,278,283,286,290,296],[3,4,6,12,19,22,40,42,48,60,61,63,74,76,81,83,86,90,94,96,97,99,100,101,102,103,104,110,119,122,125,127,132,137,139,141,142,144,145,146,156,159,163,165,171,175,180,181,182,183,188,189,191,192,198,200,206,207,212,214,224,227,235,240,241,242,245,249,252,253,262,274,275,281,287,289,294,297,299]].
[[1,2,5,9,16,27,35,36,38,45,49,50,54,67,69,77,78,79,92,93,95,114,116,117,118,121,123,130,135,136,140,148,149,152,160,164,166,172,173,174,186,199,201,202,203,210,213,215,218,221,222,225,228,229,230,231,233,236,237,238,246,247,250,255,256,257,260,263,264,267,268,269,270,272,278,283,286,290,296],[13,17,20,21,25,26,33,34,37,39,41,43,44,47,51,52,53,55,56,57,58,62,68,70,72,80,89,91,105,107,109,111,112,115,126,129,134,138,143,150,154,157,161,168,170,178,179,184,185,187,190,193,194,197,205,208,226,244,254,258,261,266,273,279,280,282,284,285,288,293,300],[7,8,10,11,14,15,18,23,24,28,29,30,31,32,46,59,64,65,66,71,73,75,82,84,85,87,88,98,106,108,113,120,124,128,131,133,147,151,153,155,158,162,167,169,176,177,195,196,204,209,211,216,217,219,220,223,232,234,239,243,248,251,259,265,271,276,277,291,292,295,298]].
[[3,4,6,12,19,22,40,42,48,60,61,63,74,76,81,83,86,90,94,96,97,99,100,101,102,103,104,110,119,122,125,127,132,137,139,141,142,144,145,146,156,159,163,165,171,175,180,181,182,183,188,189,191,192,198,200,206,207,212,214,224,227,235,240,241,242,245,249,252,253,262,274,275,281,287,289,294,297,299],[7,8,10,11,14,15,18,23,24,28,29,30,31,32,46,59,64,65,66,71,73,75,82,84,85,87,88,98,106,108,113,120,124,128,131,133,147,151,153,155,158,162,167,169,176,177,195,196,204,209,211,216,217,219,220,223,232,234,239,243,248,251,259,265,271,276,277,291,292,295,298],[13,17,20,21,25,26,33,34,37,39,41,43,44,47,51,52,53,55,56,57,58,62,68,70,72,80,89,91,105,107,109,111,112,115,126,129,134,138,143,150,154,157,161,168,170,178,179,184,185,187,190,193,194,197,205,208,226,244,254,258,261,266,273,279,280,282,284,285,288,293,300]].
[[7,8,10,11,14,15,18,23,24,28,29,30,31,32,46,59,64,65,66,71,73,75,82,84,85,87,88,98,106,108,113,120,124,128,131,133,147,151,153,155,158,162,167,169,176,177,195,196,204,209,211,216,217,219,220,223,232,234,239,243,248,251,259,265,271,276,277,291,292,295,298],[3,4,6,12,19,22,40,42,48,60,61,63,74,76,81,83,86,90,94,96,97,99,100,101,102,103,104,110,119,122,125,127,132,137,139,141,142,144,145,146,156,159,163,165,171,175,180,181,182,183,188,189,191,192,198,200,206,207,212,214,224,227,235,240,241,242,245,249,252,253,262,274,275,281,287,289,294,297,299],[1,2,5,9,16,27,35,36,38,45,49,50,54,67,69,77,78,79,92,93,95,114,116,117,118,121,123,130,135,136,140,148,149,152,160,164,166,172,173,174,186,199,201,202,203,210,213,215,218,221,222,225,228,229,230,231,233,236,237,238,246,247,250,255,256,257,260,263,264,267,268,269,270,272,278,283,286,290,296]].
[[3,4,6,12,19,22,40,42,48,60,61,63,74,76,81,83,86,90,94,96,97,99,100,101,102,103,104,110,119,122,125,127,132,137,139,141,142,144,145,146,156,159,163,165,171,175,180,181,182,183,188,189,191,192,198,200,206,207,212,214,224,227,235,240,241,242,245,249,252,253,262,274,275,281,287,289,294,297,299],[7,8,10,11,14,15,18,23,24,28,29,30,31,32,46,59,64,65,66,71,73,75,82,84,85,87,88,98,106,108,113,120,124,128,131,133,147,151,153,155,158,162,167,169,176,177,195,196,204,209,211,216,217,219,220,223,232,234,239,243,248,251,259,265,271,276,277,291,292,295,298],[13,17,20,21,25,26,33,34,37,39,41,43,44,47,51,52,53,55,56,57,58,62,68,70,72,80,89,91,105,107,109,111,112,115,126,129,134,138,143,150,154,157,161,168,170,178,179,184,185,187,190,193,194,197,205,208,226,244,254,258,261,266,273,279,280,282,284,285,288,293,300]].
[[1,2,5,9,16,27,35,36,38,45,49,50,54,67,69,77,78,79,92,93,95,114,116,117,118,121,123,130,135,136,140,148,149,152,160,164,166,172,173,174,186,199,201,202,203,210,213,215,218,221,222,225,228,229,230,231,233,236,237,238,246,247,250,255,256,257,260,263,264,267,268,269,270,272,278,283,286,290,296],[13,17,20,21,25,26,33,34,37,39,41,43,44,47,51,52,53,55,56,57,58,62,68,70,72,80,89,91,105,107,109,111,112,115,126,129,134,138,143,150,154,157,161,168,170,178,179,184,185,187,190,193,194,197,205,208,226,244,254,258,261,266,273,279,280,282,284,285,288,293,300],[7,8,10,11,14,15,18,23,24,28,29,30,31,32,46,59,64,65,66,71,73,75,82,84,85,87,88,98,106,108,113,120,124,128,131,133,147,151,153,155,158,162,167,169,176,177,195,196,204,209,211,216,217,219,220,223,232,234,239,243,248,251,259,265,271,276,277,291,292,295,298]].
[[3,4,6,12,19,22,40,42,48,60,61,63,74,76,81,83,86,90,94,96,97,99,100,101,102,103,104,110,119,122,125,127,132,137,139,141,142,144,145,146,156,159,163,165,171,175,180,181,182,183,188,189,191,192,198,200,206,207,212,214,224,227,235,240,241,242,245,249,252,253,262,274,275,281,287,289,294,297,299],[7,8,10,11,14,15,18,23,24,28,29,30,31,32,46,59,64,65,66,71,73,75,82,84,85,87,88,98,106,108,113,120,124,128,131,133,147,151,153,155,158,162,167,169,176,177,195,196,204,209,211,216,217,219,220,223,232,234,239,243,248,251,259,265,271,276,277,291,292,295,298],[13,17,20,21,25,26,33,34,37,39,41,43,44,47,51,52,53,55,56,57,58,62,68,70,72,80,89,91,105,107,109,111,112,115,126,129,134,138,143,150,154,157,161,168,170,178,179,184,185,187,190,193,194,197,205,208,226,244,254,258,261,266,273,279,280,282,284,285,288,293,300]].
[[13,17,20,21,25,26,33,34,37,39,41,43,44,47,51,52,53,55,56,57,58,62,68,70,72,80,89,91,105,107,109,111,112,115,126,129,134,138,143,150,154,157,161,168,170,178,179,184,185,187,190,193,194,197,205,208,226,244,254,258,261,266,273,279,280,282,284,285,288,293,300],[1,2,5,9,16,27,35,36,38,45,49,50,54,67,69,77,78,79,92,93,95,114,116,117,118,121,123,130,135,136,140,148,149,152,160,164,166,172,173,174,186,199,201,202,203,210,213,215,218,221,222,225,228,229,230,231,233,236,237,238,246,247,250,255,256,257,260,263,264,267,268,269,270,272,278,283,286,290,296],[3,4,6,12,19,22,40,42,48,60,61,63,74,76,81,83,86,90,94,96,97,99,100,101,102,103,104,110,119,122,125,127,132,137,139,141,142,144,145,146,156,159,163,165,171,175,180,181,182,183,188,189,191,192,198,200,206,207,212,214,224,227,235,240,241,242,245,249,252,253,262,274,275,281,287,289,294,297,299]].
[[3,4,6,12,19,22,40,42,48,60,61,63,74,76,81,83,86,90,94,96,97,99,100,101,102,103,104,110,119,122,125,127,132,137,139,141,142,144,145,146,156,159,163,165,171,175,180,181,182,183,188,189,191,192,198,200,206,207,212,214,224,227,235,240,241,242,245,249,252,253,262,274,275,281,287,289,294,297,299],[7,8,10,11,14,15,18,23,24,28,29,30,31,32,46,59,64,65,66,71,73,75,82,84,85,87,88,98,106,108,113,120,124,128,131,133,147,151,153,155,158,162,167,169,176,177,195,196,204,209,211,216,217,219,220,223,232,234,239,243,248,251,259,265,271,276,277,291,292,295,298],[13,17,20,21,25,26,33,34,37,39,41,43,44,47,51,52,53,55,56,57,58,62,68,70,72,80,89,91,105,107,109,111,112,115,126,129,134,138,143,150,154,157,161,168,170,178,179,184,185,187,190,193,194,197,205,208,226,244,254,258,261,266,273,279,280,282,284,285,288,293,300]].
[[7,8,10,11,14,15,18,23,24,28,29,30,31,32,46,59,64,65,66,71,73,75,82,84,85,87,88,98,106,108,113,120,124,128,131,133,147,151,153,155,158,162,167,169,176,177,195,196,204,209,211,216,217,219,220,223,232,234,239,243,248,251,259,265,271,276,277,291,292,295,298],[3,4,6,12,19,22,40,42,48,60,61,63,74,76,81,83,86,90,94,96,97,99,100,101,102,103,104,110,119,122,125,127,132,137,139,141,142,144,145,146,156,159,163,165,171,175,180,181,182,183,188,189,191,192,198,200,206,207,212,214,224,227,235,240,241,242,245,249,252,253,262,274,275,281,287,289,294,297,299],[1,2,5,9,16,27,35,36,38,45,49,50,54,67,69,77,78,79,92,93,95,114,116,117,118,121,123,130,135,136,140,148,149,152,160,164,166,172,173,174,186,199,201,202,203,210,213,215,218,221,222,225,228,229,230,231,233,236,237,238,246,247,250,255,256,257,260,263,264,267,268,269,270,272,278,283,286,290,296]].
[[13,17,20,21,25,26,33,34,37,39,41,43,44,47,51,52,53,55,56,57,58,62,68,70,72,80,89,91,105,107,109,111,112,115,126,129,134,138,143,150,154,157,161,168,170,178,179,184,185,187,190,193,194,197,205,208,226,244,254,258,261,266,273,279,280,282,284,285,288,293,300],[1,2,5,9,16,27,35,36,38,45,49,50,54,67,69,77,78,79,92,93,95,114,116,117,118,121,123,130,135,136,140,148,149,152,160,164,166,172,173,174,186,199,201,202,203,210,213,215,218,221,222,225,228,229,230,231,233,236,237,238,246,247,250,255,256,257,260,263,264,267,268,269,270,272,278,283,286,290,296],[3,4,6,12,19,22,40,42,48,60,61,63,74,76,81,83,86,90,94,96,97,99,100,101,102,103,104,110,119,122,125,127,132,137,139,141,142,144,145,146,156,159,163,165,171,175,180,181,182,183,188,189,191,192,198,200,206,207,212,214,224,227,235,240,241,242,245,249,252,253,262,274,275,281,287,289,294,297,299]].
[[7,8,10,11,14,15,18,23,24,28,29,30,31,32,46,59,64,65,66,71,73,75,82,84,85,87,88,98,106,108,113,120,124,128,131,133,147,151,153,155,158,162,167,169,176,177,195,196,204,209,211,216,217,219,220,223,232,234,239,243,248,251,259,265,271,276,277,291,292,295,298],[3,4,6,12,19,22,40,42,48,60,61,63,74,76,81,83,86,90,94,96,97,99,100,101,102,103,104,110,119,122,125,127,132,137,139,141,142,144,145,146,156,159,163,165,171,175,180,181,182,183,188,189,191,192,198,200,206,207,212,214,224,227,235,240,241,242,245,249,252,253,262,274,275,281,287,289,294,297,299],[1,2,5,9,16,27,35,36,38,45,49,50,54,67,69,77,78,79,92,93,95,114,116,117,118,121,123,130,135,136,140,148,149,152,160,164,166,172,173,174,186,199,201,202,203,210,213,215,218,221,222,225,228,229,230,231,233,236,237,238,246,247,250,255,256,257,260,263,264,267,268,269,270,272,278,283,286,290,296]].
