[[2,11,27,37,45,67,70,75,95,104,112,127,129,132,139,141,148,177,182,187,209,211,220,230,235,249,267,290],[1,3,4,5,6,7,8,9,12,13,14,15,16,17,18,19,20,21,22,24,25,26,30,31,33,35,36,38,39,40,41,43,44,46,47,48,49,50,51,52,53,54,55,56,57,58,59,60,61,62,63,64,65,66,68,71,72,73,74,76,77,79,80,81,82,83,84,85,86,87,88,89,90,91,92,93,94,96,97,98,99,101,102,103,105,106,108,109,111,113,115,116,117,118,119,120,123,124,125,128,130,131,133,134,136,137,138,140,142,143,144,145,146,147,149,150,151,152,153,154,156,157,158,159,160,161,162,163,164,165,166,167,168,169,170,171,172,173,174,175,176,178,179,180,181,183,184,185,186,188,189,190,192,194,195,196,197,198,199,201,202,203,204,205,206,210,212,213,214,215,216,217,218,219,221,222,223,224,226,227,228,229,231,232,233,234,236,238,239,240,241,242,243,244,245,246,247,248,250,251,252,254,255,256,257,258,259,260,261,262,263,264,265,266,268,269,270,271,272,273,274,275,276,277,278,280,281,282,283,284,286,287,288,291,292,294,295,296,297,298,299,300],[121,225]].
[[1,3,4,5,6,7,8,9,12,13,14,15,16,17,18,19,20,21,22,24,25,26,30,31,33,35,36,38,39,40,41,43,44,46,47,48,49,50,51,52,53,54,55,56,57,58,59,60,61,62,63,64,65,66,68,71,72,73,74,76,77,79,80,81,82,83,84,85,86,87,88,89,90,91,92,93,94,96,97,98,99,101,102,103,105,106,108,109,111,113,115,116,117,118,119,120,123,124,125,128,130,131,133,134,136,137,138,140,142,143,144,145,146,147,149,150,151,152,153,154,156,157,158,159,160,161,162,163,164,165,166,167,168,169,170,171,172,173,174,175,176,178,179,180,181,183,184,185,186,188,189,190,192,194,195,196,197,198,199,201,202,203,204,205,206,210,212,213,214,215,216,217,218,219,221,222,223,224,226,227,228,229,231,232,233,234,236,238,239,240,241,242,243,244,245,246,247,248,250,251,252,254,255,256,257,258,259,260,261,262,263,264,265,266,268,269,270,271,272,273,274,275,276,277,278,280,281,282,283,284,286,287,288,291,292,294,295,296,297,298,299,300],[2,11,27,37,45,67,70,75,95,104,112,127,129,132,139,141,148,177,182,187,209,211,220,230,235,249,267,290],[10,23,28,29,32,34,42,69,78,100,107,110,114,122,126,135,155,191,193,200,207,208,237,253,279,285,289,293]].
[[2,11,27,37,45,67,70,75,95,104,112,127,129,132,139,141,148,177,182,187,209,211,220,230,235,249,267,290],[1,3,4,5,6,7,8,9,12,13,14,15,16,17,18,19,20,21,22,24,25,26,30,31,33,35,36,38,39,40,41,43,44,46,47,48,49,50,51,52,53,54,55,56,57,58,59,60,61,62,63,64,65,66,68,71,72,73,74,76,77,79,80,81,82,83,84,85,86,87,88,89,90,91,92,93,94,96,97,98,99,101,102,103,105,106,108,109,111,113,115,116,117,118,119,120,123,124,125,128,130,131,133,134,136,137,138,140,142,143,144,145,146,147,149,150,151,152,153,154,156,157,158,159,160,161,162,163,164,165,166,167,168,169,170,171,172,173,174,175,176,178,179,180,181,183,184,185,186,188,189,190,192,194,195,196,197,198,199,201,202,203,204,205,206,210,212,213,214,215,216,217,218,219,221,222,223,224,226,227,228,229,231,232,233,234,236,238,239,240,241,242,243,244,245,246,247,248,250,251,252,254,255,256,257,258,259,260,261,262,263,264,265,266,268,269,270,271,272,273,274,275,276,277,278,280,281,282,283,284,286,287,288,291,292,294,295,296,297,298,299,300],[121,225]].
[[1,3,4,5,6,7,8,9,12,13,14,15,16,17,18,19,20,21,22,24,25,26,30,31,33,35,36,38,39,40,41,43,44,46,47,48,49,50,51,52,53,54,55,56,57,58,59,60,61,62,63,64,65,66,68,71,72,73,74,76,77,79,80,81,82,83,84,85,86,87,88,89,90,91,92,93,94,96,97,98,99,101,102,103,105,106,108,109,111,113,115,116,117,118,119,120,123,124,125,128,130,131,133,134,136,137,138,140,142,143,144,145,146,147,149,150,151,152,153,154,156,157,158,159,160,161,162,163,164,165,166,167,168,169,170,171,172,173,174,175,176,178,179,180,181,183,184,185,186,188,189,190,192,194,195,196,197,198,199,201,202,203,204,205,206,210,212,213,214,215,216,217,218,219,221,222,223,224,226,227,228,229,231,232,233,234,236,238,239,240,241,242,243,244,245,246,247,248,250,251,252,254,255,256,257,258,259,260,261,262,263,264,265,266,268,269,270,271,272,273,274,275,276,277,278,280,281,282,283,284,286,287,288,291,292,294,295,296,297,298,299,300],[2,11,27,37,45,67,70,75,95,104,112,127,129,132,139,141,148,177,182,187,209,211,220,230,235,249,267,290],[10,23,28,29,32,34,42,69,78,100,107,110,114,122,126,135,155,191,193,200,207,208,237,253,279,285,289,293]].
[[121,225],[10,23,28,29,32,34,42,69,78,100,107,110,114,122,126,135,155,191,193,200,207,208,237,253,279,285,289,293],[2,11,27,37,45,67,70,75,95,104,112,127,129,132,139,141,148,177,182,187,209,211,220,230,235,249,267,290]].
[[1,3,4,5,6,7,8,9,12,13,14,15,16,17,18,19,20,21,22,24,25,26,30,31,33,35,36,38,39,40,41,43,44,46,47,48,49,50,51,52,53,54,55,56,57,58,59,60,61,62,63,64,65,66,68,71,72,73,74,76,77,79,80,81,82,83,84,85,86,87,88,89,90,91,92,93,94,96,97,98,99,101,102,103,105,106,108,109,111,113,115,116,117,118,119,120,123,124,125,128,130,131,133,134,136,137,138,140,142,143,144,145,146,147,149,150,151,152,153,154,156,157,158,159,160,161,162,163,164,165,166,167,168,169,170,171,172,173,174,175,176,178,179,180,181,183,184,185,186,188,189,190,192,194,195,196,197,198,199,201,202,203,204,205,206,210,212,213,214,215,216,217,218,219,221,222,223,224,226,227,228,229,231,232,233,234,236,238,239,240,241,242,243,244,245,246,247,248,250,251,252,254,255,256,257,258,259,260,261,262,263,264,265,266,268,269,270,271,272,273,274,275,276,277,278,280,281,282,283,284,286,287,288,291,292,294,295,296,297,298,299,300],[2,11,27,37,45,67,70,75,95,104,112,127,129,132,139,141,148,177,182,187,209,211,220,230,235,249,267,290],[10,23,28,29,32,34,42,69,78,100,107,110,114,122,126,135,155,191,193,200,207,208,237,253,279,285,289,293]].
[[2,11,27,37,45,67,70,75,95,104,112,127,129,132,139,141,148,177,182,187,209,211,220,230,235,249,267,290],[1,3,4,5,6,7,8,9,12,13,14,15,16,17,18,19,20,21,22,24,25,26,30,31,33,35,36,38,39,40,41,43,44,46,47,48,49,50,51,52,53,54,55,56,57,58,59,60,61,62,63,64,65,66,68,71,72,73,74,76,77,79,80,81,82,83,84,85,86,87,88,89,90,91,92,93,94,96,97,98,99,101,102,103,105,106,108,109,111,113,115,116,117,118,119,120,123,124,125,128,130,131,133,134,136,137,138,140,142,143,144,145,146,147,149,150,151,152,153,154,156,157,158,159,160,161,162,163,164,165,166,167,168,169,170,171,172,173,174,175,176,178,179,180,181,183,184,185,186,188,189,190,192,194,195,196,197,198,199,201,202,203,204,205,206,210,212,213,214,215,216,217,218,219,221,222,223,224,226,227,228,229,231,232,233,234,236,238,239,240,241,242,243,244,245,246,247,248,250,251,252,254,255,256,257,258,259,260,261,262,263,264,265,266,268,269,270,271,272,273,274,275,276,277,278,280,281,282,283,284,286,287,288,291,292,294,295,296,297,298,299,300],[121,225]].
[[121,225],[10,23,28,29,32,34,42,69,78,100,107,110,114,122,126,135,155,191,193,200,207,208,237,253,279,285,289,293],[2,11,27,37,45,67,70,75,95,104,112,127,129,132,139,141,148,177,182,187,209,211,220,230,235,249,267,290]].
[[2,11,27,37,45,67,70,75,95,104,112,127,129,132,139,141,148,177,182,187,209,211,220,230,235,249,267,290],[1,3,4,5,6,7,8,9,12,13,14,15,16,17,18,19,20,21,22,24,25,26,30,31,33,35,36,38,39,40,41,43,44,46,47,48,49,50,51,52,53,54,55,56,57,58,59,60,61,62,63,64,65,66,68,71,72,73,74,76,77,79,80,81,82,83,84,85,86,87,88,89,90,91,92,93,94,96,97,98,99,101,102,103,105,106,108,109,111,113,115,116,117,118,119,120,123,124,125,128,130,131,133,134,136,137,138,140,142,143,144,145,146,147,149,150,151,152,153,154,156,157,158,159,160,161,162,163,164,165,166,167,168,169,170,171,172,173,174,175,176,178,179,180,181,183,184,185,186,188,189,190,192,194,195,196,197,198,199,201,202,203,204,205,206,210,212,213,214,215,216,217,218,219,221,222,223,224,226,227,228,229,231,232,233,234,236,238,239,240,241,242,243,244,245,246,247,248,250,251,252,254,255,256,257,258,259,260,261,262,263,264,265,266,268,269,270,271,272,273,274,275,276,277,278,280,281,282,283,284,286,287,288,291,292,294,295,296,297,298,299,300],[121,225]].
[[1,3,4,5,6,7,8,9,12,13,14,15,16,17,18,19,20,21,22,24,25,26,30,31,33,35,36,38,39,40,41,43,44,46,47,48,49,50,51,52,53,54,55,56,57,58,59,60,61,62,63,64,65,66,68,71,72,73,74,76,77,79,80,81,82,83,84,85,86,87,88,89,90,91,92,93,94,96,97,98,99,101,102,103,105,106,108,109,111,113,115,116,117,118,119,120,123,124,125,128,130,131,133,134,136,137,138,140,142,143,144,145,146,147,149,150,151,152,153,154,156,157,158,159,160,161,162,163,164,165,166,167,168,169,170,171,172,173,174,175,176,178,179,180,181,183,184,185,186,188,189,190,192,194,195,196,197,198,199,201,202,203,204,205,206,210,212,213,214,215,216,217,218,219,221,222,223,224,226,227,228,229,231,232,233,234,236,238,239,240,241,242,243,244,245,246,247,248,250,251,252,254,255,256,257,258,259,260,261,262,263,264,265,266,268,269,270,271,272,273,274,275,276,277,278,280,281,282,283,284,286,287,288,291,292,294,295,296,297,298,299,300],[2,11,27,37,45,67,70,75,95,104,112,127,129,132,139,141,148,177,182,187,209,211,220,230,235,249,267,290],[10,23,28,29,32,34,42,69,78,100,107,110,114,122,126,135,155,191,193,200,207,208,237,253,279,285,289,293]].
[[2,11,27,37,45,67,70,75,95,104,112,127,129,132,139,141,148,177,182,187,209,211,220,230,235,249,267,290],[1,3,4,5,6,7,8,9,12,13,14,15,16,17,18,19,20,21,22,24,25,26,30,31,33,35,36,38,39,40,41,43,44,46,47,48,49,50,51,52,53,54,55,56,57,58,59,60,61,62,63,64,65,66,68,71,72,73,74,76,77,79,80,81,82,83,84,85,86,87,88,89,90,91,92,93,94,96,97,98,99,101,102,103,105,106,108,109,111,113,115,116,117,118,119,120,123,124,125,128,130,131,133,134,136,137,138,140,142,143,144,145,146,147,149,150,151,152,153,154,156,157,158,159,160,161,162,163,164,165,166,167,168,169,170,171,172,173,174,175,176,178,179,180,181,183,184,185,186,188,189,190,192,194,195,196,197,198,199,201,202,203,204,205,206,210,212,213,214,215,216,217,218,219,221,222,223,224,226,227,228,229,231,232,233,234,236,238,239,240,241,242,243,244,245,246,247,248,250,251,252,254,255,256,257,258,259,260,261,262,263,264,265,266,268,269,270,271,272,273,274,275,276,277,278,280,281,282,283,284,286,287,288,291,292,294,295,296,297,298,299,300],[121,225]].
[[1,3,4,5,6,7,8,9,12,13,14,15,16,17,18,19,20,21,22,24,25,26,30,31,33,35,36,38,39,40,41,43,44,46,47,48,49,50,51,52,53,54,55,56,57,58,59,60,61,62,63,64,65,66,68,71,72,73,74,76,77,79,80,81,82,83,84,85,86,87,88,89,90,91,92,93,94,96,97,98,99,101,102,103,105,106,108,109,111,113,115,116,117,118,119,120,123,124,125,128,130,131,133,134,136,137,138,140,142,143,144,145,146,147,149,150,151,152,153,154,156,157,158,159,160,161,162,163,164,165,166,167,168,169,170,171,172,173,174,175,176,178,179,180,181,183,184,185,186,188,189,190,192,194,195,196,197,198,199,201,202,203,204,205,206,210,212,213,214,215,216,217,218,219,221,222,223,224,226,227,228,229,231,232,233,234,236,238,239,240,241,242,243,244,245,246,247,248,250,251,252,254,255,256,257,258,259,260,261,262,263,264,265,266,268,269,270,271,272,273,274,275,276,277,278,280,281,282,283,284,286,287,288,291,292,294,295,296,297,298,299,300],[2,11,27,37,45,67,70,75,95,104,112,127,129,132,139,141,148,177,182,187,209,211,220,230,235,249,267,290],[10,23,28,29,32,34,42,69,78,100,107,110,114,122,126,135,155,191,193,200,207,208,237,253,279,285,289,293]].
[[1,3,4,5,6,7,8,9,12,13,14,15,16,17,18,19,20,21,22,24,25,26,30,31,33,35,36,38,39,40,41,43,44,46,47,48,49,50,51,52,53,54,55,56,57,58,59,60,61,62,63,64,65,66,68,71,72,73,74,76,77,79,80,81,82,83,84,85,86,87,88,89,90,91,92,93,94,96,97,98,99,101,102,103,105,106,108,109,111,113,115,116,117,118,119,120,123,124,125,128,130,131,133,134,136,137,138,140,142,143,144,145,146,147,149,150,151,152,153,154,156,157,158,159,160,161,162,163,164,165,166,167,168,169,170,171,172,173,174,175,176,178,179,180,181,183,184,185,186,188,189,190,192,194,195,196,197,198,199,201,202,203,204,205,206,210,212,213,214,215,216,217,218,219,221,222,223,224,226,227,228,229,231,232,233,234,236,238,239,240,241,242,243,244,245,246,247,248,250,251,252,254,255,256,257,258,259,260,261,262,263,264,265,266,268,269,270,271,272,273,274,275,276,277,278,280,281,282,283,284,286,287,288,291,292,294,295,296,297,298,299,300],[2,11,27,37,45,67,70,75,95,104,112,127,129,132,139,141,148,177,182,187,209,211,220,230,235,249,267,290],[10,23,28,29,32,34,42,69,78,100,107,110,114,122,126,135,155,191,193,200,207,208,237,253,279,285,289,293]].
[[10,23,28,29,32,34,42,69,78,100,107,110,114,122,126,135,155,191,193,200,207,208,237,253,279,285,289,293],[121,225],[1,3,4,5,6,7,8,9,12,13,14,15,16,17,18,19,20,21,22,24,25,26,30,31,33,35,36,38,39,40,41,43,44,46,47,48,49,50,51,52,53,54,55,56,57,58,59,60,61,62,63,64,65,66,68,71,72,73,74,76,77,79,80,81,82,83,84,85,86,87,88,89,90,91,92,93,94,96,97,98,99,101,102,103,105,106,108,109,111,113,115,116,117,118,119,120,123,124,125,128,130,131,133,134,136,137,138,140,142,143,144,145,146,147,149,150,151,152,153,154,156,157,158,159,160,161,162,163,164,165,166,167,168,169,170,171,172,173,174,175,176,178,179,180,181,183,184,185,186,188,189,190,192,194,195,196,197,198,199,201,202,203,204,205,206,210,212,213,214,215,216,217,218,219,221,222,223,224,226,227,228,229,231,232,233,234,236,238,239,240,241,242,243,244,245,246,247,248,250,251,252,254,255,256,257,258,259,260,261,262,263,264,265,266,268,269,270,271,272,273,274,275,276,277,278,280,281,282,283,284,286,287,288,291,292,294,295,296,297,298,299,300]].
[[10,23,28,29,32,34,42,69,78,100,107,110,114,122,126,135,155,191,193,200,207,208,237,253,279,285,289,293],[121,225],[1,3,4,5,6,7,8,9,12,13,14,15,16,17,18,19,20,21,22,24,25,26,30,31,33,35,36,38,39,40,41,43,44,46,47,48,49,50,51,52,53,54,55,56,57,58,59,60,61,62,63,64,65,66,68,71,72,73,74,76,77,79,80,81,82,83,84,85,86,87,88,89,90,91,92,93,94,96,97,98,99,101,102,103,105,106,108,109,111,113,115,116,117,118,119,120,123,124,125,128,130,131,133,134,136,137,138,140,142,143,144,145,146,147,149,150,151,152,153,154,156,157,158,159,160,161,162,163,164,165,166,167,168,169,170,171,172,173,174,175,176,178,179,180,181,183,184,185,186,188,189,190,192,194,195,196,197,198,199,201,202,203,204,205,206,210,212,213,214,215,216,217,218,219,221,222,223,224,226,227,228,229,231,232,233,234,236,238,239,240,241,242,243,244,245,246,247,248,250,251,252,254,255,256,257,258,259,260,261,262,263,264,265,266,268,269,270,271,272,273,274,275,276,277,278,280,281,282,283,284,286,287,288,291,292,294,295,296,297,298,299,300]].
[[121,225],[10,23,28,29,32,34,42,69,78,100,107,110,114,122,126,135,155,191,193,200,207,208,237,253,279,285,289,293],[2,11,27,37,45,67,70,75,95,104,112,127,129,132,139,141,148,177,182,187,209,211,220,230,235,249,267,290]].
[[1,3,4,5,6,7,8,9,12,13,14,15,16,17,18,19,20,21,22,24,25,26,30,31,33,35,36,38,39,40,41,43,44,46,47,48,49,50,51,52,53,54,55,56,57,58,59,60,61,62,63,64,65,66,68,71,72,73,74,76,77,79,80,81,82,83,84,85,86,87,88,89,90,91,92,93,94,96,97,98,99,101,102,103,105,106,108,109,111,113,115,116,117,118,119,120,123,124,125,128,130,131,133,134,136,137,138,140,142,143,144,145,146,147,149,150,151,152,153,154,156,157,158,159,160,161,162,163,164,165,166,167,168,169,170,171,172,173,174,175,176,178,179,180,181,183,184,185,186,188,189,190,192,194,195,196,197,198,199,201,202,203,204,205,206,210,212,213,214,215,216,217,218,219,221,222,223,224,226,227,228,229,231,232,233,234,236,238,239,240,241,242,243,244,245,246,247,248,250,251,252,254,255,256,257,258,259,260,261,262,263,264,265,266,268,269,270,271,272,273,274,275,276,277,278,280,281,282,283,284,286,287,288,291,292,294,295,296,297,298,299,300],[2,11,27,37,45,67,70,75,95,104,112,127,129,132,139,141,148,177,182,187,209,211,220,230,235,249,267,290],[10,23,28,29,32,34,42,69,78,100,107,110,114,122,126,135,155,191,193,200,207,208,237,253,279,285,289,293]].
[[121,225],[10,23,28,29,32,34,42,69,78,100,107,110,114,122,126,135,155,191,193,200,207,208,237,253,279,285,289,293],[2,11,27,37,45,67,70,75,95,104,112,127,129,132,139,141,148,177,182,187,209,211,220,230,235,249,267,290]].
[[1,3,4,5,6,7,8,9,12,13,14,15,16,17,18,19,20,21,22,24,25,26,30,31,33,35,36,38,39,40,41,43,44,46,47,48,49,50,51,52,53,54,55,56,57,58,59,60,61,62,63,64,65,66,68,71,72,73,74,76,77,79,80,81,82,83,84,85,86,87,88,89,90,91,92,93,94,96,97,98,99,101,102,103,105,106,108,109,111,113,115,116,117,118,119,120,123,124,125,128,130,131,133,134,136,137,138,140,142,143,144,145,146,147,149,150,151,152,153,154,156,157,158,159,160,161,162,163,164,165,166,167,168,169,170,171,172,173,174,175,176,178,179,180,181,183,184,185,186,188,189,190,192,194,195,196,197,198,199,201,202,203,204,205,206,210,212,213,214,215,216,217,218,219,221,222,223,224,226,227,228,229,231,232,233,234,236,238,239,240,241,242,243,244,245,246,247,248,250,251,252,254,255,256,257,258,259,260,261,262,263,264,265,266,268,269,270,271,272,273,274,275,276,277,278,280,281,282,283,284,286,287,288,291,292,294,295,296,297,298,299,300],[2,11,27,37,45,67,70,75,95,104,112,127,129,132,139,141,148,177,182,187,209,211,220,230,235,249,267,290],[10,23,28,29,32,34,42,69,78,100,107,110,114,122,126,135,155,191,193,200,207,208,237,253,279,285,289,293]].
[[121,225],[10,23,28,29,32,34,42,69,78,100,107,110,114,122,126,135,155,191,193,200,207,208,237,253,279,285,289,293],[2,11,27,37,45,67,70,75,95,104,112,127,129,132,139,141,148,177,182,187,209,211,220,230,235,249,267,290]].
[[10,23,28,29,32,34,42,69,78,100,107,110,114,122,126,135,155,191,193,200,207,208,237,253,279,285,289,293],[121,225],[1,3,4,5,6,7,8,9,12,13,14,15,16,17,18,19,20,21,22,24,25,26,30,31,33,35,36,38,39,40,41,43,44,46,47,48,49,50,51,52,53,54,55,56,57,58,59,60,61,62,63,64,65,66,68,71,72,73,74,76,77,79,80,81,82,83,84,85,86,87,88,89,90,91,92,93,94,96,97,98,99,101,102,103,105,106,108,109,111,113,115,116,117,118,119,120,123,124,125,128,130,131,133,134,136,137,138,140,142,143,144,145,146,147,149,150,151,152,153,154,156,157,158,159,160,161,162,163,164,165,166,167,168,169,170,171,172,173,174,175,176,178,179,180,181,183,184,185,186,188,189,190,192,194,195,196,197,198,199,201,202,203,204,205,206,210,212,213,214,215,216,217,218,219,221,222,223,224,226,227,228,229,231,232,233,234,236,238,239,240,241,242,243,244,245,246,247,248,250,251,252,254,255,256,257,258,259,260,261,262,263,264,265,266,268,269,270,271,272,273,274,275,276,277,278,280,281,282,283,284,286,287,288,291,292,294,295,296,297,298,299,300]].
[[1,3,4,5,6,7,8,9,12,13,14,15,16,17,18,19,20,21,22,24,25,26,30,31,33,35,36,38,39,40,41,43,44,46,47,48,49,50,51,52,53,54,55,56,57,58,59,60,61,62,63,64,65,66,68,71,72,73,74,76,77,79,80,81,82,83,84,85,86,87,88,89,90,91,92,93,94,96,97,98,99,101,102,103,105,106,108,109,111,113,115,116,117,118,119,120,123,124,125,128,130,131,133,134,136,137,138,140,142,143,144,145,146,147,149,150,151,152,153,154,156,157,158,159,160,161,162,163,164,165,166,167,168,169,170,171,172,173,174,175,176,178,179,180,181,183,184,185,186,188,189,190,192,194,195,196,197,198,199,201,202,203,204,205,206,210,212,213,214,215,216,217,218,219,221,222,223,224,226,227,228,229,231,232,233,234,236,238,239,240,241,242,243,244,245,246,247,248,250,251,252,254,255,256,257,258,259,260,261,262,263,264,265,266,268,269,270,271,272,273,274,275,276,277,278,280,281,282,283,284,286,287,288,291,292,294,295,296,297,298,299,300],[2,11,27,37,45,67,70,75,95,104,112,127,129,132,139,141,148,177,182,187,209,211,220,230,235,249,267,290],[10,23,28,29,32,34,42,69,78,100,107,110,114,122,126,135,155,191,193,200,207,208,237,253,279,285,289,293]].
[[10,23,28,29,32,34,42,69,78,100,107,110,114,122,126,135,155,191,193,200,207,208,237,253,279,285,289,293],[121,225],[1,3,4,5,6,7,8,9,12,13,14,15,16,17,18,19,20,21,22,24,25,26,30,31,33,35,36,38,39,40,41,43,44,46,47,48,49,50,51,52,53,54,55,56,57,58,59,60,61,62,63,64,65,66,68,71,72,73,74,76,77,79,80,81,82,83,84,85,86,87,88,89,90,91,92,93,94,96,97,98,99,101,102,103,105,106,108,109,111,113,115,116,117,118,119,120,123,124,125,128,130,131,133,134,136,137,138,140,142,143,144,145,146,147,149,150,151,152,153,154,156,157,158,159,160,161,162,163,164,165,166,167,168,169,170,171,172,173,174,175,176,178,179,180,181,183,184,185,186,188,189,190,192,194,195,196,197,198,199,201,202,203,204,205,206,210,212,213,214,215,216,217,218,219,221,222,223,224,226,227,228,229,231,232,233,234,236,238,239,240,241,242,243,244,245,246,247,248,250,251,252,254,255,256,257,258,259,260,261,262,263,264,265,266,268,269,270,271,272,273,274,275,276,277,278,280,281,282,283,284,286,287,288,291,292,294,295,296,297,298,299,300]].
[[1,3,4,5,6,7,8,9,12,13,14,15,16,17,18,19,20,21,22,24,25,26,30,31,33,35,36,38,39,40,41,43,44,46,47,48,49,50,51,52,53,54,55,56,57,58,59,60,61,62,63,64,65,66,68,71,72,73,74,76,77,79,80,81,82,83,84,85,86,87,88,89,90,91,92,93,94,96,97,98,99,101,102,103,105,106,108,109,111,113,115,116,117,118,119,120,123,124,125,128,130,131,133,134,136,137,138,140,142,143,144,145,146,147,149,150,151,152,153,154,156,157,158,159,160,161,162,163,164,165,166,167,168,169,170,171,172,173,174,175,176,178,179,180,181,183,184,185,186,188,189,190,192,194,195,196,197,198,199,201,202,203,204,205,206,210,212,213,214,215,216,217,218,219,221,222,223,224,226,227,228,229,231,232,233,234,236,238,239,240,241,242,243,244,245,246,247,248,250,251,252,254,255,256,257,258,259,260,261,262,263,264,265,266,268,269,270,271,272,273,274,275,276,277,278,280,281,282,283,284,286,287,288,291,292,294,295,296,297,298,299,300],[2,11,27,37,45,67,70,75,95,104,112,127,129,132,139,141,148,177,182,187,209,211,220,230,235,249,267,290],[10,23,28,29,32,34,42,69,78,100,107,110,114,122,126,135,155,191,193,200,207,208,237,253,279,285,289,293]].
[[2,11,27,37,45,67,70,75,95,104,112,127,129,132,139,141,148,177,182,187,209,211,220,230,235,249,267,290],[1,3,4,5,6,7,8,9,12,13,14,15,16,17,18,19,20,21,22,24,25,26,30,31,33,35,36,38,39,40,41,43,44,46,47,48,49,50,51,52,53,54,55,56,57,58,59,60,61,62,63,64,65,66,68,71,72,73,74,76,77,79,80,81,82,83,84,85,86,87,88,89,90,91,92,93,94,96,97,98,99,101,102,103,105,106,108,109,111,113,115,116,117,118,119,120,123,124,125,128,130,131,133,134,136,137,138,140,142,143,144,145,146,147,149,150,151,152,153,154,156,157,158,159,160,161,162,163,164,165,166,167,168,169,170,171,172,173,174,175,176,178,179,180,181,183,184,185,186,188,189,190,192,194,195,196,197,198,199,201,202,203,204,205,206,210,212,213,214,215,216,217,218,219,221,222,223,224,226,227,228,229,231,232,233,234,236,238,239,240,241,242,243,244,245,246,247,248,250,251,252,254,255,256,257,258,259,260,261,262,263,264,265,266,268,269,270,271,272,273,274,275,276,277,278,280,281,282,283,284,286,287,288,291,292,294,295,296,297,298,299,300],[121,225]].
[[2,11,27,37,45,67,70,75,95,104,112,127,129,132,139,141,148,177,182,187,209,211,220,230,235,249,267,290],[1,3,4,5,6,7,8,9,12,13,14,15,16,17,18,19,20,21,22,24,25,26,30,31,33,35,36,38,39,40,41,43,44,46,47,48,49,50,51,52,53,54,55,56,57,58,59,60,61,62,63,64,65,66,68,71,72,73,74,76,77,79,80,81,82,83,84,85,86,87,88,89,90,91,92,93,94,96,97,98,99,101,102,103,105,106,108,109,111,113,115,116,117,118,119,120,123,124,125,128,130,131,133,134,136,137,138,140,142,143,144,145,146,147,149,150,151,152,153,154,156,157,158,159,160,161,162,163,164,165,166,167,168,169,170,171,172,173,174,175,176,178,179,180,181,183,184,185,186,188,189,190,192,194,195,196,197,198,199,201,202,203,204,205,206,210,212,213,214,215,216,217,218,219,221,222,223,224,226,227,228,229,231,232,233,234,236,238,239,240,241,242,243,244,245,246,247,248,250,251,252,254,255,256,257,258,259,260,261,262,263,264,265,266,268,269,270,271,272,273,274,275,276,277,278,280,281,282,283,284,286,287,288,291,292,294,295,296,297,298,299,300],[121,225]].
[[10,23,28,29,32,34,42,69,78,100,107,110,114,122,126,135,155,191,193,200,207,208,237,253,279,285,289,293],[121,225],[1,3,4,5,6,7,8,9,12,13,14,15,16,17,18,19,20,21,22,24,25,26,30,31,33,35,36,38,39,40,41,43,44,46,47,48,49,50,51,52,53,54,55,56,57,58,59,60,61,62,63,64,65,66,68,71,72,73,74,76,77,79,80,81,82,83,84,85,86,87,88,89,90,91,92,93,94,96,97,98,99,101,102,103,105,106,108,109,111,113,115,116,117,118,119,120,123,124,125,128,130,131,133,134,136,137,138,140,142,143,144,145,146,147,149,150,151,152,153,154,156,157,158,159,160,161,162,163,164,165,166,167,168,169,170,171,172,173,174,175,176,178,179,180,181,183,184,185,186,188,189,190,192,194,195,196,197,198,199,201,202,203,204,205,206,210,212,213,214,215,216,217,218,219,221,222,223,224,226,227,228,229,231,232,233,234,236,238,239,240,241,242,243,244,245,246,247,248,250,251,252,254,255,256,257,258,259,260,261,262,263,264,265,266,268,269,270,271,272,273,274,275,276,277,278,280,281,282,283,284,286,287,288,291,292,294,295,296,297,298,299,300]].
[[121,225],[10,23,28,29,32,34,42,69,78,100,107,110,114,122,126,135,155,191,193,200,207,208,237,253,279,285,289,293],[2,11,27,37,45,67,70,75,95,104,112,127,129,132,139,141,148,177,182,187,209,211,220,230,235,249,267,290]].
[[2,11,27,37,45,67,70,75,95,104,112,127,129,132,139,141,148,177,182,187,209,211,220,230,235,249,267,290],[1,3,4,5,6,7,8,9,12,13,14,15,16,17,18,19,20,21,22,24,25,26,30,31,33,35,36,38,39,40,41,43,44,46,47,48,49,50,51,52,53,54,55,56,57,58,59,60,61,62,63,64,65,66,68,71,72,73,74,76,77,79,80,81,82,83,84,85,86,87,88,89,90,91,92,93,94,96,97,98,99,101,102,103,105,106,108,109,111,113,115,116,117,118,119,120,123,124,125,128,130,131,133,134,136,137,138,140,142,143,144,145,146,147,149,150,151,152,153,154,156,157,158,159,160,161,162,163,164,165,166,167,168,169,170,171,172,173,174,175,176,178,179,180,181,183,184,185,186,188,189,190,192,194,195,196,197,198,199,201,202,203,204,205,206,210,212,213,214,215,216,217,218,219,221,222,223,224,226,227,228,229,231,232,233,234,236,238,239,240,241,242,243,244,245,246,247,248,250,251,252,254,255,256,257,258,259,260,261,262,263,264,265,266,268,269,270,271,272,273,274,275,276,277,278,280,281,282,283,284,286,287,288,291,292,294,295,296,297,298,299,300],[121,225]].
[[2,11,27,37,45,67,70,75,95,104,112,127,129,132,139,141,148,177,182,187,209,211,220,230,235,249,267,290],[1,3,4,5,6,7,8,9,12,13,14,15,16,17,18,19,20,21,22,24,25,26,30,31,33,35,36,38,39,40,41,43,44,46,47,48,49,50,51,52,53,54,55,56,57,58,59,60,61,62,63,64,65,66,68,71,72,73,74,76,77,79,80,81,82,83,84,85,86,87,88,89,90,91,92,93,94,96,97,98,99,101,102,103,105,106,108,109,111,113,115,116,117,118,119,120,123,124,125,128,130,131,133,134,136,137,138,140,142,143,144,145,146,147,149,150,151,152,153,154,156,157,158,159,160,161,162,163,164,165,166,167,168,169,170,171,172,173,174,175,176,178,179,180,181,183,184,185,186,188,189,190,192,194,195,196,197,198,199,201,202,203,204,205,206,210,212,213,214,215,216,217,218,219,221,222,223,224,226,227,228,229,231,232,233,234,236,238,239,240,241,242,243,244,245,246,247,248,250,251,252,254,255,256,257,258,259,260,261,262,263,264,265,266,268,269,270,271,272,273,274,275,276,277,278,280,281,282,283,284,286,287,288,291,292,294,295,296,297,298,299,300],[121,225]].
[[10,23,28,29,32,34,42,69,78,100,107,110,114,122,126,135,155,191,193,200,207,208,237,253,279,285,289,293],[121,225],[1,3,4,5,6,7,8,9,12,13,14,15,16,17,18,19,20,21,22,24,25,26,30,31,33,35,36,38,39,40,41,43,44,46,47,48,49,50,51,52,53,54,55,56,57,58,59,60,61,62,63,64,65,66,68,71,72,73,74,76,77,79,80,81,82,83,84,85,86,87,88,89,90,91,92,93,94,96,97,98,99,101,102,103,105,106,108,109,111,113,115,116,117,118,119,120,123,124,125,128,130,131,133,134,136,137,138,140,142,143,144,145,146,147,149,150,151,152,153,154,156,157,158,159,160,161,162,163,164,165,166,167,168,169,170,171,172,173,174,175,176,178,179,180,181,183,184,185,186,188,189,190,192,194,195,196,197,198,199,201,202,203,204,205,206,210,212,213,214,215,216,217,218,219,221,222,223,224,226,227,228,229,231,232,233,234,236,238,239,240,241,242,243,244,245,246,247,248,250,251,252,254,255,256,257,258,259,260,261,262,263,264,265,266,268,269,270,271,272,273,274,275,276,277,278,280,281,282,283,284,286,287,288,291,292,294,295,296,297,298,299,300]].
[[1,3,4,5,6,7,8,9,12,13,14,15,16,17,18,19,20,21,22,24,25,26,30,31,33,35,36,38,39,40,41,43,44,46,47,48,49,50,51,52,53,54,55,56,57,58,59,60,61,62,63,64,65,66,68,71,72,73,74,76,77,79,80,81,82,83,84,85,86,87,88,89,90,91,92,93,94,96,97,98,99,101,102,103,105,106,108,109,111,113,115,116,117,118,119,120,123,124,125,128,130,131,133,134,136,137,138,140,142,143,144,145,146,147,149,150,151,152,153,154,156,157,158,159,160,161,162,163,164,165,166,167,168,169,170,171,172,173,174,175,176,178,179,180,181,183,184,185,186,188,189,190,192,194,195,196,197,198,199,201,202,203,204,205,206,210,212,213,214,215,216,217,218,219,221,222,223,224,226,227,228,229,231,232,233,234,236,238,239,240,241,242,243,244,245,246,247,248,250,251,252,254,255,256,257,258,259,260,261,262,263,264,265,266,268,269,270,271,272,273,274,275,276,277,278,280,281,282,283,284,286,287,288,291,292,294,295,296,297,298,299,300],[2,11,27,37,45,67,70,75,95,104,112,127,129,132,139,141,148,177,182,187,209,211,220,230,235,249,267,290],[10,23,28,29,32,34,42,69,78,100,107,110,114,122,126,135,155,191,193,200,207,208,237,253,279,285,289,293]].
[[121,225],[10,23,28,29,32,34,42,69,78,100,107,110,114,122,126,135,155,191,193,200,207,208,237,253,279,285,289,293],[2,11,27,37,45,67,70,75,95,104,112,127,129,132,139,141,148,177,182,187,209,211,220,230,235,249,267,290]].
[[10,23,28,29,32,34,42,69,78,100,107,110,114,122,126,135,155,191,193,200,207,208,237,253,279,285,289,293],[121,225],[1,3,4,5,6,7,8,9,12,13,14,15,16,17,18,19,20,21,22,24,25,26,30,31,33,35,36,38,39,40,41,43,44,46,47,48,49,50,51,52,53,54,55,56,57,58,59,60,61,62,63,64,65,66,68,71,72,73,74,76,77,79,80,81,82,83,84,85,86,87,88,89,90,91,92,93,94,96,97,98,99,101,102,103,105,106,108,109,111,113,115,116,117,118,119,120,123,124,125,128,130,131,133,134,136,137,138,140,142,143,144,145,146,147,149,150,151,152,153,154,156,157,158,159,160,161,162,163,164,165,166,167,168,169,170,171,172,173,174,175,176,178,179,180,181,183,184,185,186,188,189,190,192,194,195,196,197,198,199,201,202,203,204,205,206,210,212,213,214,215,216,217,218,219,221,222,223,224,226,227,228,229,231,232,233,234,236,238,239,240,241,242,243,244,245,246,247,248,250,251,252,254,255,256,257,258,259,260,261,262,263,264,265,266,268,269,270,271,272,273,274,275,276,277,278,280,281,282,283,284,286,287,288,291,292,294,295,296,297,298,299,300]].
[[1,3,4,5,6,7,8,9,12,13,14,15,16,17,18,19,20,21,22,24,25,26,30,31,33,35,36,38,39,40,41,43,44,46,47,48,49,50,51,52,53,54,55,56,57,58,59,60,61,62,63,64,65,66,68,71,72,73,74,76,77,79,80,81,82,83,84,85,86,87,88,89,90,91,92,93,94,96,97,98,99,101,102,103,105,106,108,109,111,113,115,116,117,118,119,120,123,124,125,128,130,131,133,134,136,137,138,140,142,143,144,145,146,147,149,150,151,152,153,154,156,157,158,159,160,161,162,163,164,165,166,167,168,169,170,171,172,173,174,175,176,178,179,180,181,183,184,185,186,188,189,190,192,194,195,196,197,198,199,201,202,203,204,205,206,210,212,213,214,215,216,217,218,219,221,222,223,224,226,227,228,229,231,232,233,234,236,238,239,240,241,242,243,244,245,246,247,248,250,251,252,254,255,256,257,258,259,260,261,262,263,264,265,266,268,269,270,271,272,273,274,275,276,277,278,280,281,282,283,284,286,287,288,291,292,294,295,296,297,298,299,300],[2,11,27,37,45,67,70,75,95,104,112,127,129,132,139,141,148,177,182,187,209,211,220,230,235,249,267,290],[10,23,28,29,32,34,42,69,78,100,107,110,114,122,126,135,155,191,193,200,207,208,237,253,279,285,289,293]].
[[1,3,4,5,6,7,8,9,12,13,14,15,16,17,18,19,20,21,22,24,25,26,30,31,33,35,36,38,39,40,41,43,44,46,47,48,49,50,51,52,53,54,55,56,57,58,59,60,61,62,63,64,65,66,68,71,72,73,74,76,77,79,80,81,82,83,84,85,86,87,88,89,90,91,92,93,94,96,97,98,99,101,102,103,105,106,108,109,111,113,115,116,117,118,119,120,123,124,125,128,130,131,133,134,136,137,138,140,142,143,144,145,146,147,149,150,151,152,153,154,156,157,158,159,160,161,162,163,164,165,166,167,168,169,170,171,172,173,174,175,176,178,179,180,181,183,184,185,186,188,189,190,192,194,195,196,197,198,199,201,202,203,204,205,206,210,212,213,214,215,216,217,218,219,221,222,223,224,226,227,228,229,231,232,233,234,236,238,239,240,241,242,243,244,245,246,247,248,250,251,252,254,255,256,257,258,259,260,261,262,263,264,265,266,268,269,270,271,272,273,274,275,276,277,278,280,281,282,283,284,286,287,288,291,292,294,295,296,297,298,299,300],[2,11,27,37,45,67,70,75,95,104,112,127,129,132,139,141,148,177,182,187,209,211,220,230,235,249,267,290],[10,23,28,29,32,34,42,69,78,100,107,110,114,122,126,135,155,191,193,200,207,208,237,253,279,285,289,293]].
[[2,11,27,37,45,67,70,75,95,104,112,127,129,132,139,141,148,177,182,187,209,211,220,230,235,249,267,290],[1,3,4,5,6,7,8,9,12,13,14,15,16,17,18,19,20,21,22,24,25,26,30,31,33,35,36,38,39,40,41,43,44,46,47,48,49,50,51,52,53,54,55,56,57,58,59,60,61,62,63,64,65,66,68,71,72,73,74,76,77,79,80,81,82,83,84,85,86,87,88,89,90,91,92,93,94,96,97,98,99,101,102,103,105,106,108,109,111,113,115,116,117,118,119,120,123,124,125,128,130,131,133,134,136,137,138,140,142,143,144,145,146,147,149,150,151,152,153,154,156,157,158,159,160,161,162,163,164,165,166,167,168,169,170,171,172,173,174,175,176,178,179,180,181,183,184,185,186,188,189,190,192,194,195,196,197,198,199,201,202,203,204,205,206,210,212,213,214,215,216,217,218,219,221,222,223,224,226,227,228,229,231,232,233,234,236,238,239,240,241,242,243,244,245,246,247,248,250,251,252,254,255,256,257,258,259,260,261,262,263,264,265,266,268,269,270,271,272,273,274,275,276,277,278,280,281,282,283,284,286,287,288,291,292,294,295,296,297,298,299,300],[121,225]].
[[121,225],[10,23,28,29,32,34,42,69,78,100,107,110,114,122,126,135,155,191,193,200,207,208,237,253,279,285,289,293],[2,11,27,37,45,67,70,75,95,104,112,127,129,132,139,141,148,177,182,187,209,211,220,230,235,249,267,290]].
[[1,3,4,5,6,7,8,9,12,13,14,15,16,17,18,19,20,21,22,24,25,26,30,31,33,35,36,38,39,40,41,43,44,46,47,48,49,50,51,52,53,54,55,56,57,58,59,60,61,62,63,64,65,66,68,71,72,73,74,76,77,79,80,81,82,83,84,85,86,87,88,89,90,91,92,93,94,96,97,98,99,101,102,103,105,106,108,109,111,113,115,116,117,118,119,120,123,124,125,128,130,131,133,134,136,137,138,140,142,143,144,145,146,147,149,150,151,152,153,154,156,157,158,159,160,161,162,163,164,165,166,167,168,169,170,171,172,173,174,175,176,178,179,180,181,183,184,185,186,188,189,190,192,194,195,196,197,198,199,201,202,203,204,205,206,210,212,213,214,215,216,217,218,219,221,222,223,224,226,227,228,229,231,232,233,234,236,238,239,240,241,242,243,244,245,246,247,248,250,251,252,254,255,256,257,258,259,260,261,262,263,264,265,266,268,269,270,271,272,273,274,275,276,277,278,280,281,282,283,284,286,287,288,291,292,294,295,296,297,298,299,300],[2,11,27,37,45,67,70,75,95,104,112,127,129,132,139,141,148,177,182,187,209,211,220,230,235,249,267,290],[10,23,28,29,32,34,42,69,78,100,107,110,114,122,126,135,155,191,193,200,207,208,237,253,279,285,289,293]].
[[10,23,28,29,32,34,42,69,78,100,107,110,114,122,126,135,155,191,193,200,207,208,237,253,279,285,289,293],[121,225],[1,3,4,5,6,7,8,9,12,13,14,15,16,17,18,19,20,21,22,24,25,26,30,31,33,35,36,38,39,40,41,43,44,46,47,48,49,50,51,52,53,54,55,56,57,58,59,60,61,62,63,64,65,66,68,71,72,73,74,76,77,79,80,81,82,83,84,85,86,87,88,89,90,91,92,93,94,96,97,98,99,101,102,103,105,106,108,109,111,113,115,116,117,118,119,120,123,124,125,128,130,131,133,134,136,137,138,140,142,143,144,145,146,147,149,150,151,152,153,154,156,157,158,159,160,161,162,163,164,165,166,167,168,169,170,171,172,173,174,175,176,178,179,180,181,183,184,185,186,188,189,190,192,194,195,196,197,198,199,201,202,203,204,205,206,210,212,213,214,215,216,217,218,219,221,222,223,224,226,227,228,229,231,232,233,234,236,238,239,240,241,242,243,244,245,246,247,248,250,251,252,254,255,256,257,258,259,260,261,262,263,264,265,266,268,269,270,271,272,273,274,275,276,277,278,280,281,282,283,284,286,287,288,291,292,294,295,296,297,298,299,300]].
[[121,225],[10,23,28,29,32,34,42,69,78,100,107,110,114,122,126,135,155,191,193,200,207,208,237,253,279,285,289,293],[2,11,27,37,45,67,70,75,95,104,112,127,129,132,139,141,148,177,182,187,209,211,220,230,235,249,267,290]].
[[1,3,4,5,6,7,8,9,12,13,14,15,16,17,18,19,20,21,22,24,25,26,30,31,33,35,36,38,39,40,41,43,44,46,47,48,49,50,51,52,53,54,55,56,57,58,59,60,61,62,63,64,65,66,68,71,72,73,74,76,77,79,80,81,82,83,84,85,86,87,88,89,90,91,92,93,94,96,97,98,99,101,102,103,105,106,108,109,111,113,115,116,117,118,119,120,123,124,125,128,130,131,133,134,136,137,138,140,142,143,144,145,146,147,149,150,151,152,153,154,156,157,158,159,160,161,162,163,164,165,166,167,168,169,170,171,172,173,174,175,176,178,179,180,181,183,184,185,186,188,189,190,192,194,195,196,197,198,199,201,202,203,204,205,206,210,212,213,214,215,216,217,218,219,221,222,223,224,226,227,228,229,231,232,233,234,236,238,239,240,241,242,243,244,245,246,247,248,250,251,252,254,255,256,257,258,259,260,261,262,263,264,265,266,268,269,270,271,272,273,274,275,276,277,278,280,281,282,283,284,286,287,288,291,292,294,295,296,297,298,299,300],[2,11,27,37,45,67,70,75,95,104,112,127,129,132,139,141,148,177,182,187,209,211,220,230,235,249,267,290],[10,23,28,29,32,34,42,69,78,100,107,110,114,122,126,135,155,191,193,200,207,208,237,253,279,285,289,293]].
[[121,225],[10,23,28,29,32,34,42,69,78,100,107,110,114,122,126,135,155,191,193,200,207,208,237,253,279,285,289,293],[2,11,27,37,45,67,70,75,95,104,112,127,129,132,139,141,148,177,182,187,209,211,220,230,235,249,267,290]].
[[121,225],[10,23,28,29,32,34,42,69,78,100,107,110,114,122,126,135,155,191,193,200,207,208,237,253,279,285,289,293],[2,11,27,37,45,67,70,75,95,104,112,127,129,132,139,141,148,177,182,187,209,211,220,230,235,249,267,290]].
[[1,3,4,5,6,7,8,9,12,13,14,15,16,17,18,19,20,21,22,24,25,26,30,31,33,35,36,38,39,40,41,43,44,46,47,48,49,50,51,52,53,54,55,56,57,58,59,60,61,62,63,64,65,66,68,71,72,73,74,76,77,79,80,81,82,83,84,85,86,87,88,89,90,91,92,93,94,96,97,98,99,101,102,103,105,106,108,109,111,113,115,116,117,118,119,120,123,124,125,128,130,131,133,134,136,137,138,140,142,143,144,145,146,147,149,150,151,152,153,154,156,157,158,159,160,161,162,163,164,165,166,167,168,169,170,171,172,173,174,175,176,178,179,180,181,183,184,185,186,188,189,190,192,194,195,196,197,198,199,201,202,203,204,205,206,210,212,213,214,215,216,217,218,219,221,222,223,224,226,227,228,229,231,232,233,234,236,238,239,240,241,242,243,244,245,246,247,248,250,251,252,254,255,256,257,258,259,260,261,262,263,264,265,266,268,269,270,271,272,273,274,275,276,277,278,280,281,282,283,284,286,287,288,291,292,294,295,296,297,298,299,300],[2,11,27,37,45,67,70,75,95,104,112,127,129,132,139,141,148,177,182,187,209,211,220,230,235,249,267,290],[10,23,28,29,32,34,42,69,78,100,107,110,114,122,126,135,155,191,193,200,207,208,237,253,279,285,289,293]].
[[10,23,28,29,32,34,42,69,78,100,107,110,114,122,126,135,155,191,193,200,207,208,237,253,279,285,289,293],[121,225],[1,3,4,5,6,7,8,9,12,13,14,15,16,17,18,19,20,21,22,24,25,26,30,31,33,35,36,38,39,40,41,43,44,46,47,48,49,50,51,52,53,54,55,56,57,58,59,60,61,62,63,64,65,66,68,71,72,73,74,76,77,79,80,81,82,83,84,85,86,87,88,89,90,91,92,93,94,96,97,98,99,101,102,103,105,106,108,109,111,113,115,116,117,118,119,120,123,124,125,128,130,131,133,134,136,137,138,140,142,143,144,145,146,147,149,150,151,152,153,154,156,157,158,159,160,161,162,163,164,165,166,167,168,169,170,171,172,173,174,175,176,178,179,180,181,183,184,185,186,188,189,190,192,194,195,196,197,198,199,201,202,203,204,205,206,210,212,213,214,215,216,217,218,219,221,222,223,224,226,227,228,229,231,232,233,234,236,238,239,240,241,242,243,244,245,246,247,248,250,251,252,254,255,256,257,258,259,260,261,262,263,264,265,266,268,269,270,271,272,273,274,275,276,277,278,280,281,282,283,284,286,287,288,291,292,294,295,296,297,298,299,300]].
[[1,3,4,5,6,7,8,9,12,13,14,15,16,17,18,19,20,21,22,24,25,26,30,31,33,35,36,38,39,40,41,43,44,46,47,48,49,50,51,52,53,54,55,56,57,58,59,60,61,62,63,64,65,66,68,71,72,73,74,76,77,79,80,81,82,83,84,85,86,87,88,89,90,91,92,93,94,96,97,98,99,101,102,103,105,106,108,109,111,113,115,116,117,118,119,120,123,124,125,128,130,131,133,134,136,137,138,140,142,143,144,145,146,147,149,150,151,152,153,154,156,157,158,159,160,161,162,163,164,165,166,167,168,169,170,171,172,173,174,175,176,178,179,180,181,183,184,185,186,188,189,190,192,194,195,196,197,198,199,201,202,203,204,205,206,210,212,213,214,215,216,217,218,219,221,222,223,224,226,227,228,229,231,232,233,234,236,238,239,240,241,242,243,244,245,246,247,248,250,251,252,254,255,256,257,258,259,260,261,262,263,264,265,266,268,269,270,271,272,273,274,275,276,277,278,280,281,282,283,284,286,287,288,291,292,294,295,296,297,298,299,300],[2,11,27,37,45,67,70,75,95,104,112,127,129,132,139,141,148,177,182,187,209,211,220,230,235,249,267,290],[10,23,28,29,32,34,42,69,78,100,107,110,114,122,126,135,155,191,193,200,207,208,237,253,279,285,289,293]].
