[[12,23,24,26,28,30,32,40,41,44,51,63,66,70,71,72,75,81,91,99,101,108,109,114,
  116,127,129,131,143,144,156,157,165,170,171,172,174,180,181,182,184,194,208,
  209,210,214,217,220,221,222,224,226,228,238,239,240,245,247,249,251,252,257,
  258,259,262,263,273,279,280,284,287,288,290,292],
 [2,6,7,11,15,16,17,21,22,25,27,33,34,35,38,42,45,46,49,53,56,59,64,67,69,78,
  82,83,86,92,96,97,103,120,121,122,124,125,126,128,136,138,139,140,145,147,
  152,153,155,158,159,160,161,162,163,164,168,173,178,179,185,188,189,193,196,
  198,199,201,202,205,206,211,212,213,216,218,223,225,227,231,234,235,236,241,
  243,244,246,250,254,255,256,264,265,267,268,272,277,283,285,286,291,293,294,
  295,298,299],
 [1,3,4,18,20,31,36,39,48,50,52,60,61,76,77,85,87,90,93,94,100,105,106,107,
  110,118,119,133,146,154,176,177,183,190,192,195,204,215,230,233,253,266,271,
  289,296,300]].
[[1,3,4,18,20,31,36,39,48,50,52,60,61,76,77,85,87,90,93,94,100,105,106,107,
  110,118,119,133,146,154,176,177,183,190,192,195,204,215,230,233,253,266,271,
  289,296,300],
 [5,8,9,10,13,14,19,29,37,43,47,54,55,57,58,62,65,68,73,74,79,80,84,88,89,95,
  98,102,104,111,112,113,115,117,123,130,132,134,135,137,141,142,148,149,150,
  151,166,167,169,175,186,187,191,197,200,203,207,219,229,232,237,242,248,260,
  261,269,270,274,275,276,278,281,282,297],
 [12,23,24,26,28,30,32,40,41,44,51,63,66,70,71,72,75,81,91,99,101,108,109,114,
  116,127,129,131,143,144,156,157,165,170,171,172,174,180,181,182,184,194,208,
  209,210,214,217,220,221,222,224,226,228,238,239,240,245,247,249,251,252,257,
  258,259,262,263,273,279,280,284,287,288,290,292]].
[[5,8,9,10,13,14,19,29,37,43,47,54,55,57,58,62,65,68,73,74,79,80,84,88,89,95,
  98,102,104,111,112,113,115,117,123,130,132,134,135,137,141,142,148,149,150,
  151,166,167,169,175,186,187,191,197,200,203,207,219,229,232,237,242,248,260,
  261,269,270,274,275,276,278,281,282,297],
 [1,3,4,18,20,31,36,39,48,50,52,60,61,76,77,85,87,90,93,94,100,105,106,107,
  110,118,119,133,146,154,176,177,183,190,192,195,204,215,230,233,253,266,271,
  289,296,300],
 [2,6,7,11,15,16,17,21,22,25,27,33,34,35,38,42,45,46,49,53,56,59,64,67,69,78,
  82,83,86,92,96,97,103,120,121,122,124,125,126,128,136,138,139,140,145,147,
  152,153,155,158,159,160,161,162,163,164,168,173,178,179,185,188,189,193,196,
  198,199,201,202,205,206,211,212,213,216,218,223,225,227,231,234,235,236,241,
  243,244,246,250,254,255,256,264,265,267,268,272,277,283,285,286,291,293,294,
  295,298,299]].
[[1,3,4,18,20,31,36,39,48,50,52,60,61,76,77,85,87,90,93,94,100,105,106,107,
  110,118,119,133,146,154,176,177,183,190,192,195,204,215,230,233,253,266,271,
  289,296,300],
 [5,8,9,10,13,14,19,29,37,43,47,54,55,57,58,62,65,68,73,74,79,80,84,88,89,95,
  98,102,104,111,112,113,115,117,123,130,132,134,135,137,141,142,148,149,150,
  151,166,167,169,175,186,187,191,197,200,203,207,219,229,232,237,242,248,260,
  261,269,270,274,275,276,278,281,282,297],
 [12,23,24,26,28,30,32,40,41,44,51,63,66,70,71,72,75,81,91,99,101,108,109,114,
  116,127,129,131,143,144,156,157,165,170,171,172,174,180,181,182,184,194,208,
  209,210,214,217,220,221,222,224,226,228,238,239,240,245,247,249,251,252,257,
  258,259,262,263,273,279,280,284,287,288,290,292]].
[[2,6,7,11,15,16,17,21,22,25,27,33,34,35,38,42,45,46,49,53,56,59,64,67,69,78,
  82,83,86,92,96,97,103,120,121,122,124,125,126,128,136,138,139,140,145,147,
  152,153,155,158,159,160,161,162,163,164,168,173,178,179,185,188,189,193,196,
  198,199,201,202,205,206,211,212,213,216,218,223,225,227,231,234,235,236,241,
  243,244,246,250,254,255,256,264,265,267,268,272,277,283,285,286,291,293,294,
  295,298,299],
 [12,23,24,26,28,30,32,40,41,44,51,63,66,70,71,72,75,81,91,99,101,108,109,114,
  116,127,129,131,143,144,156,157,165,170,171,172,174,180,181,182,184,194,208,
  209,210,214,217,220,221,222,224,226,228,238,239,240,245,247,249,251,252,257,
  258,259,262,263,273,279,280,284,287,288,290,292],
 [5,8,9,10,13,14,19,29,37,43,47,54,55,57,58,62,65,68,73,74,79,80,84,88,89,95,
  98,102,104,111,112,113,115,117,123,130,132,134,135,137,141,142,148,149,150,
  151,166,167,169,175,186,187,191,197,200,203,207,219,229,232,237,242,248,260,
  261,269,270,274,275,276,278,281,282,297]].
[[1,3,4,18,20,31,36,39,48,50,52,60,61,76,77,85,87,90,93,94,100,105,106,107,
  110,118,119,133,146,154,176,177,183,190,192,195,204,215,230,233,253,266,271,
  289,296,300],
 [5,8,9,10,13,14,19,29,37,43,47,54,55,57,58,62,65,68,73,74,79,80,84,88,89,95,
  98,102,104,111,112,113,115,117,123,130,132,134,135,137,141,142,148,149,150,
  151,166,167,169,175,186,187,191,197,200,203,207,219,229,232,237,242,248,260,
  261,269,270,274,275,276,278,281,282,297],
 [12,23,24,26,28,30,32,40,41,44,51,63,66,70,71,72,75,81,91,99,101,108,109,114,
  116,127,129,131,143,144,156,157,165,170,171,172,174,180,181,182,184,194,208,
  209,210,214,217,220,221,222,224,226,228,238,239,240,245,247,249,251,252,257,
  258,259,262,263,273,279,280,284,287,288,290,292]].
[[1,3,4,18,20,31,36,39,48,50,52,60,61,76,77,85,87,90,93,94,100,105,106,107,
  110,118,119,133,146,154,176,177,183,190,192,195,204,215,230,233,253,266,271,
  289,296,300],
 [5,8,9,10,13,14,19,29,37,43,47,54,55,57,58,62,65,68,73,74,79,80,84,88,89,95,
  98,102,104,111,112,113,115,117,123,130,132,134,135,137,141,142,148,149,150,
  151,166,167,169,175,186,187,191,197,200,203,207,219,229,232,237,242,248,260,
  261,269,270,274,275,276,278,281,282,297],
 [12,23,24,26,28,30,32,40,41,44,51,63,66,70,71,72,75,81,91,99,101,108,109,114,
  116,127,129,131,143,144,156,157,165,170,171,172,174,180,181,182,184,194,208,
  209,210,214,217,220,221,222,224,226,228,238,239,240,245,247,249,251,252,257,
  258,259,262,263,273,279,280,284,287,288,290,292]].
[[12,23,24,26,28,30,32,40,41,44,51,63,66,70,71,72,75,81,91,99,101,108,109,114,
  116,127,129,131,143,144,156,157,165,170,171,172,174,180,181,182,184,194,208,
  209,210,214,217,220,221,222,224,226,228,238,239,240,245,247,249,251,252,257,
  258,259,262,263,273,279,280,284,287,288,290,292],
 [2,6,7,11,15,16,17,21,22,25,27,33,34,35,38,42,45,46,49,53,56,59,64,67,69,78,
  82,83,86,92,96,97,103,120,121,122,124,125,126,128,136,138,139,140,145,147,
  152,153,155,158,159,160,161,162,163,164,168,173,178,179,185,188,189,193,196,
  198,199,201,202,205,206,211,212,213,216,218,223,225,227,231,234,235,236,241,
  243,244,246,250,254,255,256,264,265,267,268,272,277,283,285,286,291,293,294,
  295,298,299],
 [1,3,4,18,20,31,36,39,48,50,52,60,61,76,77,85,87,90,93,94,100,105,106,107,
  110,118,119,133,146,154,176,177,183,190,192,195,204,215,230,233,253,266,271,
  289,296,300]].
[[12,23,24,26,28,30,32,40,41,44,51,63,66,70,71,72,75,81,91,99,101,108,109,114,
  116,127,129,131,143,144,156,157,165,170,171,172,174,180,181,182,184,194,208,
  209,210,214,217,220,221,222,224,226,228,238,239,240,245,247,249,251,252,257,
  258,259,262,263,273,279,280,284,287,288,290,292],
 [2,6,7,11,15,16,17,21,22,25,27,33,34,35,38,42,45,46,49,53,56,59,64,67,69,78,
  82,83,86,92,96,97,103,120,121,122,124,125,126,128,136,138,139,140,145,147,
  152,153,155,158,159,160,161,162,163,164,168,173,178,179,185,188,189,193,196,
  198,199,201,202,205,206,211,212,213,216,218,223,225,227,231,234,235,236,241,
  243,244,246,250,254,255,256,264,265,267,268,272,277,283,285,286,291,293,294,
  295,298,299],
 [1,3,4,18,20,31,36,39,48,50,52,60,61,76,77,85,87,90,93,94,100,105,106,107,
  110,118,119,133,146,154,176,177,183,190,192,195,204,215,230,233,253,266,271,
  289,296,300]].
[[12,23,24,26,28,30,32,40,41,44,51,63,66,70,71,72,75,81,91,99,101,108,109,114,
  116,127,129,131,143,144,156,157,165,170,171,172,174,180,181,182,184,194,208,
  209,210,214,217,220,221,222,224,226,228,238,239,240,245,247,249,251,252,257,
  258,259,262,263,273,279,280,284,287,288,290,292],
 [2,6,7,11,15,16,17,21,22,25,27,33,34,35,38,42,45,46,49,53,56,59,64,67,69,78,
  82,83,86,92,96,97,103,120,121,122,124,125,126,128,136,138,139,140,145,147,
  152,153,155,158,159,160,161,162,163,164,168,173,178,179,185,188,189,193,196,
  198,199,201,202,205,206,211,212,213,216,218,223,225,227,231,234,235,236,241,
  243,244,246,250,254,255,256,264,265,267,268,272,277,283,285,286,291,293,294,
  295,298,299],
 [1,3,4,18,20,31,36,39,48,50,52,60,61,76,77,85,87,90,93,94,100,105,106,107,
  110,118,119,133,146,154,176,177,183,190,192,195,204,215,230,233,253,266,271,
  289,296,300]].
[[12,23,24,26,28,30,32,40,41,44,51,63,66,70,71,72,75,81,91,99,101,108,109,114,
  116,127,129,131,143,144,156,157,165,170,171,172,174,180,181,182,184,194,208,
  209,210,214,217,220,221,222,224,226,228,238,239,240,245,247,249,251,252,257,
  258,259,262,263,273,279,280,284,287,288,290,292],
 [2,6,7,11,15,16,17,21,22,25,27,33,34,35,38,42,45,46,49,53,56,59,64,67,69,78,
  82,83,86,92,96,97,103,120,121,122,124,125,126,128,136,138,139,140,145,147,
  152,153,155,158,159,160,161,162,163,164,168,173,178,179,185,188,189,193,196,
  198,199,201,202,205,206,211,212,213,216,218,223,225,227,231,234,235,236,241,
  243,244,246,250,254,255,256,264,265,267,268,272,277,283,285,286,291,293,294,
  295,298,299],
 [1,3,4,18,20,31,36,39,48,50,52,60,61,76,77,85,87,90,93,94,100,105,106,107,
  110,118,119,133,146,154,176,177,183,190,192,195,204,215,230,233,253,266,271,
  289,296,300]].
[[5,8,9,10,13,14,19,29,37,43,47,54,55,57,58,62,65,68,73,74,79,80,84,88,89,95,
  98,102,104,111,112,113,115,117,123,130,132,134,135,137,141,142,148,149,150,
  151,166,167,169,175,186,187,191,197,200,203,207,219,229,232,237,242,248,260,
  261,269,270,274,275,276,278,281,282,297],
 [1,3,4,18,20,31,36,39,48,50,52,60,61,76,77,85,87,90,93,94,100,105,106,107,
  110,118,119,133,146,154,176,177,183,190,192,195,204,215,230,233,253,266,271,
  289,296,300],
 [2,6,7,11,15,16,17,21,22,25,27,33,34,35,38,42,45,46,49,53,56,59,64,67,69,78,
  82,83,86,92,96,97,103,120,121,122,124,125,126,128,136,138,139,140,145,147,
  152,153,155,158,159,160,161,162,163,164,168,173,178,179,185,188,189,193,196,
  198,199,201,202,205,206,211,212,213,216,218,223,225,227,231,234,235,236,241,
  243,244,246,250,254,255,256,264,265,267,268,272,277,283,285,286,291,293,294,
  295,298,299]].
[[12,23,24,26,28,30,32,40,41,44,51,63,66,70,71,72,75,81,91,99,101,108,109,114,
  116,127,129,131,143,144,156,157,165,170,171,172,174,180,181,182,184,194,208,
  209,210,214,217,220,221,222,224,226,228,238,239,240,245,247,249,251,252,257,
  258,259,262,263,273,279,280,284,287,288,290,292],
 [2,6,7,11,15,16,17,21,22,25,27,33,34,35,38,42,45,46,49,53,56,59,64,67,69,78,
  82,83,86,92,96,97,103,120,121,122,124,125,126,128,136,138,139,140,145,147,
  152,153,155,158,159,160,161,162,163,164,168,173,178,179,185,188,189,193,196,
  198,199,201,202,205,206,211,212,213,216,218,223,225,227,231,234,235,236,241,
  243,244,246,250,254,255,256,264,265,267,268,272,277,283,285,286,291,293,294,
  295,298,299],
 [1,3,4,18,20,31,36,39,48,50,52,60,61,76,77,85,87,90,93,94,100,105,106,107,
  110,118,119,133,146,154,176,177,183,190,192,195,204,215,230,233,253,266,271,
  289,296,300]].
[[12,23,24,26,28,30,32,40,41,44,51,63,66,70,71,72,75,81,91,99,101,108,109,114,
  116,127,129,131,143,144,156,157,165,170,171,172,174,180,181,182,184,194,208,
  209,210,214,217,220,221,222,224,226,228,238,239,240,245,247,249,251,252,257,
  258,259,262,263,273,279,280,284,287,288,290,292],
 [2,6,7,11,15,16,17,21,22,25,27,33,34,35,38,42,45,46,49,53,56,59,64,67,69,78,
  82,83,86,92,96,97,103,120,121,122,124,125,126,128,136,138,139,140,145,147,
  152,153,155,158,159,160,161,162,163,164,168,173,178,179,185,188,189,193,196,
  198,199,201,202,205,206,211,212,213,216,218,223,225,227,231,234,235,236,241,
  243,244,246,250,254,255,256,264,265,267,268,272,277,283,285,286,291,293,294,
  295,298,299],
 [1,3,4,18,20,31,36,39,48,50,52,60,61,76,77,85,87,90,93,94,100,105,106,107,
  110,118,119,133,146,154,176,177,183,190,192,195,204,215,230,233,253,266,271,
  289,296,300]].
[[1,3,4,18,20,31,36,39,48,50,52,60,61,76,77,85,87,90,93,94,100,105,106,107,
  110,118,119,133,146,154,176,177,183,190,192,195,204,215,230,233,253,266,271,
  289,296,300],
 [5,8,9,10,13,14,19,29,37,43,47,54,55,57,58,62,65,68,73,74,79,80,84,88,89,95,
  98,102,104,111,112,113,115,117,123,130,132,134,135,137,141,142,148,149,150,
  151,166,167,169,175,186,187,191,197,200,203,207,219,229,232,237,242,248,260,
  261,269,270,274,275,276,278,281,282,297],
 [12,23,24,26,28,30,32,40,41,44,51,63,66,70,71,72,75,81,91,99,101,108,109,114,
  116,127,129,131,143,144,156,157,165,170,171,172,174,180,181,182,184,194,208,
  209,210,214,217,220,221,222,224,226,228,238,239,240,245,247,249,251,252,257,
  258,259,262,263,273,279,280,284,287,288,290,292]].
[[1,3,4,18,20,31,36,39,48,50,52,60,61,76,77,85,87,90,93,94,100,105,106,107,
  110,118,119,133,146,154,176,177,183,190,192,195,204,215,230,233,253,266,271,
  289,296,300],
 [5,8,9,10,13,14,19,29,37,43,47,54,55,57,58,62,65,68,73,74,79,80,84,88,89,95,
  98,102,104,111,112,113,115,117,123,130,132,134,135,137,141,142,148,149,150,
  151,166,167,169,175,186,187,191,197,200,203,207,219,229,232,237,242,248,260,
  261,269,270,274,275,276,278,281,282,297],
 [12,23,24,26,28,30,32,40,41,44,51,63,66,70,71,72,75,81,91,99,101,108,109,114,
  116,127,129,131,143,144,156,157,165,170,171,172,174,180,181,182,184,194,208,
  209,210,214,217,220,221,222,224,226,228,238,239,240,245,247,249,251,252,257,
  258,259,262,263,273,279,280,284,287,288,290,292]].
[[5,8,9,10,13,14,19,29,37,43,47,54,55,57,58,62,65,68,73,74,79,80,84,88,89,95,
  98,102,104,111,112,113,115,117,123,130,132,134,135,137,141,142,148,149,150,
  151,166,167,169,175,186,187,191,197,200,203,207,219,229,232,237,242,248,260,
  261,269,270,274,275,276,278,281,282,297],
 [1,3,4,18,20,31,36,39,48,50,52,60,61,76,77,85,87,90,93,94,100,105,106,107,
  110,118,119,133,146,154,176,177,183,190,192,195,204,215,230,233,253,266,271,
  289,296,300],
 [2,6,7,11,15,16,17,21,22,25,27,33,34,35,38,42,45,46,49,53,56,59,64,67,69,78,
  82,83,86,92,96,97,103,120,121,122,124,125,126,128,136,138,139,140,145,147,
  152,153,155,158,159,160,161,162,163,164,168,173,178,179,185,188,189,193,196,
  198,199,201,202,205,206,211,212,213,216,218,223,225,227,231,234,235,236,241,
  243,244,246,250,254,255,256,264,265,267,268,272,277,283,285,286,291,293,294,
  295,298,299]].
[[12,23,24,26,28,30,32,40,41,44,51,63,66,70,71,72,75,81,91,99,101,108,109,114,
  116,127,129,131,143,144,156,157,165,170,171,172,174,180,181,182,184,194,208,
  209,210,214,217,220,221,222,224,226,228,238,239,240,245,247,249,251,252,257,
  258,259,262,263,273,279,280,284,287,288,290,292],
 [2,6,7,11,15,16,17,21,22,25,27,33,34,35,38,42,45,46,49,53,56,59,64,67,69,78,
  82,83,86,92,96,97,103,120,121,122,124,125,126,128,136,138,139,140,145,147,
  152,153,155,158,159,160,161,162,163,164,168,173,178,179,185,188,189,193,196,
  198,199,201,202,205,206,211,212,213,216,218,223,225,227,231,234,235,236,241,
  243,244,246,250,254,255,256,264,265,267,268,272,277,283,285,286,291,293,294,
  295,298,299],
 [1,3,4,18,20,31,36,39,48,50,52,60,61,76,77,85,87,90,93,94,100,105,106,107,
  110,118,119,133,146,154,176,177,183,190,192,195,204,215,230,233,253,266,271,
  289,296,300]].
[[1,3,4,18,20,31,36,39,48,50,52,60,61,76,77,85,87,90,93,94,100,105,106,107,
  110,118,119,133,146,154,176,177,183,190,192,195,204,215,230,233,253,266,271,
  289,296,300],
 [5,8,9,10,13,14,19,29,37,43,47,54,55,57,58,62,65,68,73,74,79,80,84,88,89,95,
  98,102,104,111,112,113,115,117,123,130,132,134,135,137,141,142,148,149,150,
  151,166,167,169,175,186,187,191,197,200,203,207,219,229,232,237,242,248,260,
  261,269,270,274,275,276,278,281,282,297],
 [12,23,24,26,28,30,32,40,41,44,51,63,66,70,71,72,75,81,91,99,101,108,109,114,
  116,127,129,131,143,144,156,157,165,170,171,172,174,180,181,182,184,194,208,
  209,210,214,217,220,221,222,224,226,228,238,239,240,245,247,249,251,252,257,
  258,259,262,263,273,279,280,284,287,288,290,292]].
[[12,23,24,26,28,30,32,40,41,44,51,63,66,70,71,72,75,81,91,99,101,108,109,114,
  116,127,129,131,143,144,156,157,165,170,171,172,174,180,181,182,184,194,208,
  209,210,214,217,220,221,222,224,226,228,238,239,240,245,247,249,251,252,257,
  258,259,262,263,273,279,280,284,287,288,290,292],
 [2,6,7,11,15,16,17,21,22,25,27,33,34,35,38,42,45,46,49,53,56,59,64,67,69,78,
  82,83,86,92,96,97,103,120,121,122,124,125,126,128,136,138,139,140,145,147,
  152,153,155,158,159,160,161,162,163,164,168,173,178,179,185,188,189,193,196,
  198,199,201,202,205,206,211,212,213,216,218,223,225,227,231,234,235,236,241,
  243,244,246,250,254,255,256,264,265,267,268,272,277,283,285,286,291,293,294,
  295,298,299],
 [1,3,4,18,20,31,36,39,48,50,52,60,61,76,77,85,87,90,93,94,100,105,106,107,
  110,118,119,133,146,154,176,177,183,190,192,195,204,215,230,233,253,266,271,
  289,296,300]].
[[2,6,7,11,15,16,17,21,22,25,27,33,34,35,38,42,45,46,49,53,56,59,64,67,69,78,
  82,83,86,92,96,97,103,120,121,122,124,125,126,128,136,138,139,140,145,147,
  152,153,155,158,159,160,161,162,163,164,168,173,178,179,185,188,189,193,196,
  198,199,201,202,205,206,211,212,213,216,218,223,225,227,231,234,235,236,241,
  243,244,246,250,254,255,256,264,265,267,268,272,277,283,285,286,291,293,294,
  295,298,299],
 [12,23,24,26,28,30,32,40,41,44,51,63,66,70,71,72,75,81,91,99,101,108,109,114,
  116,127,129,131,143,144,156,157,165,170,171,172,174,180,181,182,184,194,208,
  209,210,214,217,220,221,222,224,226,228,238,239,240,245,247,249,251,252,257,
  258,259,262,263,273,279,280,284,287,288,290,292],
 [5,8,9,10,13,14,19,29,37,43,47,54,55,57,58,62,65,68,73,74,79,80,84,88,89,95,
  98,102,104,111,112,113,115,117,123,130,132,134,135,137,141,142,148,149,150,
  151,166,167,169,175,186,187,191,197,200,203,207,219,229,232,237,242,248,260,
  261,269,270,274,275,276,278,281,282,297]].
[[12,23,24,26,28,30,32,40,41,44,51,63,66,70,71,72,75,81,91,99,101,108,109,114,
  116,127,129,131,143,144,156,157,165,170,171,172,174,180,181,182,184,194,208,
  209,210,214,217,220,221,222,224,226,228,238,239,240,245,247,249,251,252,257,
  258,259,262,263,273,279,280,284,287,288,290,292],
 [2,6,7,11,15,16,17,21,22,25,27,33,34,35,38,42,45,46,49,53,56,59,64,67,69,78,
  82,83,86,92,96,97,103,120,121,122,124,125,126,128,136,138,139,140,145,147,
  152,153,155,158,159,160,161,162,163,164,168,173,178,179,185,188,189,193,196,
  198,199,201,202,205,206,211,212,213,216,218,223,225,227,231,234,235,236,241,
  243,244,246,250,254,255,256,264,265,267,268,272,277,283,285,286,291,293,294,
  295,298,299],
 [1,3,4,18,20,31,36,39,48,50,52,60,61,76,77,85,87,90,93,94,100,105,106,107,
  110,118,119,133,146,154,176,177,183,190,192,195,204,215,230,233,253,266,271,
  289,296,300]].
[[2,6,7,11,15,16,17,21,22,25,27,33,34,35,38,42,45,46,49,53,56,59,64,67,69,78,
  82,83,86,92,96,97,103,120,121,122,124,125,126,128,136,138,139,140,145,147,
  152,153,155,158,159,160,161,162,163,164,168,173,178,179,185,188,189,193,196,
  198,199,201,202,205,206,211,212,213,216,218,223,225,227,231,234,235,236,241,
  243,244,246,250,254,255,256,264,265,267,268,272,277,283,285,286,291,293,294,
  295,298,299],
 [12,23,24,26,28,30,32,40,41,44,51,63,66,70,71,72,75,81,91,99,101,108,109,114,
  116,127,129,131,143,144,156,157,165,170,171,172,174,180,181,182,184,194,208,
  209,210,214,217,220,221,222,224,226,228,238,239,240,245,247,249,251,252,257,
  258,259,262,263,273,279,280,284,287,288,290,292],
 [5,8,9,10,13,14,19,29,37,43,47,54,55,57,58,62,65,68,73,74,79,80,84,88,89,95,
  98,102,104,111,112,113,115,117,123,130,132,134,135,137,141,142,148,149,150,
  151,166,167,169,175,186,187,191,197,200,203,207,219,229,232,237,242,248,260,
  261,269,270,274,275,276,278,281,282,297]].
[[12,23,24,26,28,30,32,40,41,44,51,63,66,70,71,72,75,81,91,99,101,108,109,114,
  116,127,129,131,143,144,156,157,165,170,171,172,174,180,181,182,184,194,208,
  209,210,214,217,220,221,222,224,226,228,238,239,240,245,247,249,251,252,257,
  258,259,262,263,273,279,280,284,287,288,290,292],
 [2,6,7,11,15,16,17,21,22,25,27,33,34,35,38,42,45,46,49,53,56,59,64,67,69,78,
  82,83,86,92,96,97,103,120,121,122,124,125,126,128,136,138,139,140,145,147,
  152,153,155,158,159,160,161,162,163,164,168,173,178,179,185,188,189,193,196,
  198,199,201,202,205,206,211,212,213,216,218,223,225,227,231,234,235,236,241,
  243,244,246,250,254,255,256,264,265,267,268,272,277,283,285,286,291,293,294,
  295,298,299],
 [1,3,4,18,20,31,36,39,48,50,52,60,61,76,77,85,87,90,93,94,100,105,106,107,
  110,118,119,133,146,154,176,177,183,190,192,195,204,215,230,233,253,266,271,
  289,296,300]].
[[5,8,9,10,13,14,19,29,37,43,47,54,55,57,58,62,65,68,73,74,79,80,84,88,89,95,
  98,102,104,111,112,113,115,117,123,130,132,134,135,137,141,142,148,149,150,
  151,166,167,169,175,186,187,191,197,200,203,207,219,229,232,237,242,248,260,
  261,269,270,274,275,276,278,281,282,297],
 [1,3,4,18,20,31,36,39,48,50,52,60,61,76,77,85,87,90,93,94,100,105,106,107,
  110,118,119,133,146,154,176,177,183,190,192,195,204,215,230,233,253,266,271,
  289,296,300],
 [2,6,7,11,15,16,17,21,22,25,27,33,34,35,38,42,45,46,49,53,56,59,64,67,69,78,
  82,83,86,92,96,97,103,120,121,122,124,125,126,128,136,138,139,140,145,147,
  152,153,155,158,159,160,161,162,163,164,168,173,178,179,185,188,189,193,196,
  198,199,201,202,205,206,211,212,213,216,218,223,225,227,231,234,235,236,241,
  243,244,246,250,254,255,256,264,265,267,268,272,277,283,285,286,291,293,294,
  295,298,299]].
[[2,6,7,11,15,16,17,21,22,25,27,33,34,35,38,42,45,46,49,53,56,59,64,67,69,78,
  82,83,86,92,96,97,103,120,121,122,124,125,126,128,136,138,139,140,145,147,
  152,153,155,158,159,160,161,162,163,164,168,173,178,179,185,188,189,193,196,
  198,199,201,202,205,206,211,212,213,216,218,223,225,227,231,234,235,236,241,
  243,244,246,250,254,255,256,264,265,267,268,272,277,283,285,286,291,293,294,
  295,298,299],
 [12,23,24,26,28,30,32,40,41,44,51,63,66,70,71,72,75,81,91,99,101,108,109,114,
  116,127,129,131,143,144,156,157,165,170,171,172,174,180,181,182,184,194,208,
  209,210,214,217,220,221,222,224,226,228,238,239,240,245,247,249,251,252,257,
  258,259,262,263,273,279,280,284,287,288,290,292],
 [5,8,9,10,13,14,19,29,37,43,47,54,55,57,58,62,65,68,73,74,79,80,84,88,89,95,
  98,102,104,111,112,113,115,117,123,130,132,134,135,137,141,142,148,149,150,
  151,166,167,169,175,186,187,191,197,200,203,207,219,229,232,237,242,248,260,
  261,269,270,274,275,276,278,281,282,297]].
[[1,3,4,18,20,31,36,39,48,50,52,60,61,76,77,85,87,90,93,94,100,105,106,107,
  110,118,119,133,146,154,176,177,183,190,192,195,204,215,230,233,253,266,271,
  289,296,300],
 [5,8,9,10,13,14,19,29,37,43,47,54,55,57,58,62,65,68,73,74,79,80,84,88,89,95,
  98,102,104,111,112,113,115,117,123,130,132,134,135,137,141,142,148,149,150,
  151,166,167,169,175,186,187,191,197,200,203,207,219,229,232,237,242,248,260,
  261,269,270,274,275,276,278,281,282,297],
 [12,23,24,26,28,30,32,40,41,44,51,63,66,70,71,72,75,81,91,99,101,108,109,114,
  116,127,129,131,143,144,156,157,165,170,171,172,174,180,181,182,184,194,208,
  209,210,214,217,220,221,222,224,226,228,238,239,240,245,247,249,251,252,257,
  258,259,262,263,273,279,280,284,287,288,290,292]].
[[5,8,9,10,13,14,19,29,37,43,47,54,55,57,58,62,65,68,73,74,79,80,84,88,89,95,
  98,102,104,111,112,113,115,117,123,130,132,134,135,137,141,142,148,149,150,
  151,166,167,169,175,186,187,191,197,200,203,207,219,229,232,237,242,248,260,
  261,269,270,274,275,276,278,281,282,297],
 [1,3,4,18,20,31,36,39,48,50,52,60,61,76,77,85,87,90,93,94,100,105,106,107,
  110,118,119,133,146,154,176,177,183,190,192,195,204,215,230,233,253,266,271,
  289,296,300],
 [2,6,7,11,15,16,17,21,22,25,27,33,34,35,38,42,45,46,49,53,56,59,64,67,69,78,
  82,83,86,92,96,97,103,120,121,122,124,125,126,128,136,138,139,140,145,147,
  152,153,155,158,159,160,161,162,163,164,168,173,178,179,185,188,189,193,196,
  198,199,201,202,205,206,211,212,213,216,218,223,225,227,231,234,235,236,241,
  243,244,246,250,254,255,256,264,265,267,268,272,277,283,285,286,291,293,294,
  295,298,299]].
[[2,6,7,11,15,16,17,21,22,25,27,33,34,35,38,42,45,46,49,53,56,59,64,67,69,78,
  82,83,86,92,96,97,103,120,121,122,124,125,126,128,136,138,139,140,145,147,
  152,153,155,158,159,160,161,162,163,164,168,173,178,179,185,188,189,193,196,
  198,199,201,202,205,206,211,212,213,216,218,223,225,227,231,234,235,236,241,
  243,244,246,250,254,255,256,264,265,267,268,272,277,283,285,286,291,293,294,
  295,298,299],
 [12,23,24,26,28,30,32,40,41,44,51,63,66,70,71,72,75,81,91,99,101,108,109,114,
  116,127,129,131,143,144,156,157,165,170,171,172,174,180,181,182,184,194,208,
  209,210,214,217,220,221,222,224,226,228,238,239,240,245,247,249,251,252,257,
  258,259,262,263,273,279,280,284,287,288,290,292],
 [5,8,9,10,13,14,19,29,37,43,47,54,55,57,58,62,65,68,73,74,79,80,84,88,89,95,
  98,102,104,111,112,113,115,117,123,130,132,134,135,137,141,142,148,149,150,
  151,166,167,169,175,186,187,191,197,200,203,207,219,229,232,237,242,248,260,
  261,269,270,274,275,276,278,281,282,297]].
[[2,6,7,11,15,16,17,21,22,25,27,33,34,35,38,42,45,46,49,53,56,59,64,67,69,78,
  82,83,86,92,96,97,103,120,121,122,124,125,126,128,136,138,139,140,145,147,
  152,153,155,158,159,160,161,162,163,164,168,173,178,179,185,188,189,193,196,
  198,199,201,202,205,206,211,212,213,216,218,223,225,227,231,234,235,236,241,
  243,244,246,250,254,255,256,264,265,267,268,272,277,283,285,286,291,293,294,
  295,298,299],
 [12,23,24,26,28,30,32,40,41,44,51,63,66,70,71,72,75,81,91,99,101,108,109,114,
  116,127,129,131,143,144,156,157,165,170,171,172,174,180,181,182,184,194,208,
  209,210,214,217,220,221,222,224,226,228,238,239,240,245,247,249,251,252,257,
  258,259,262,263,273,279,280,284,287,288,290,292],
 [5,8,9,10,13,14,19,29,37,43,47,54,55,57,58,62,65,68,73,74,79,80,84,88,89,95,
  98,102,104,111,112,113,115,117,123,130,132,134,135,137,141,142,148,149,150,
  151,166,167,169,175,186,187,191,197,200,203,207,219,229,232,237,242,248,260,
  261,269,270,274,275,276,278,281,282,297]].
[[5,8,9,10,13,14,19,29,37,43,47,54,55,57,58,62,65,68,73,74,79,80,84,88,89,95,
  98,102,104,111,112,113,115,117,123,130,132,134,135,137,141,142,148,149,150,
  151,166,167,169,175,186,187,191,197,200,203,207,219,229,232,237,242,248,260,
  261,269,270,274,275,276,278,281,282,297],
 [1,3,4,18,20,31,36,39,48,50,52,60,61,76,77,85,87,90,93,94,100,105,106,107,
  110,118,119,133,146,154,176,177,183,190,192,195,204,215,230,233,253,266,271,
  289,296,300],
 [2,6,7,11,15,16,17,21,22,25,27,33,34,35,38,42,45,46,49,53,56,59,64,67,69,78,
  82,83,86,92,96,97,103,120,121,122,124,125,126,128,136,138,139,140,145,147,
  152,153,155,158,159,160,161,162,163,164,168,173,178,179,185,188,189,193,196,
  198,199,201,202,205,206,211,212,213,216,218,223,225,227,231,234,235,236,241,
  243,244,246,250,254,255,256,264,265,267,268,272,277,283,285,286,291,293,294,
  295,298,299]].
[[12,23,24,26,28,30,32,40,41,44,51,63,66,70,71,72,75,81,91,99,101,108,109,114,
  116,127,129,131,143,144,156,157,165,170,171,172,174,180,181,182,184,194,208,
  209,210,214,217,220,221,222,224,226,228,238,239,240,245,247,249,251,252,257,
  258,259,262,263,273,279,280,284,287,288,290,292],
 [2,6,7,11,15,16,17,21,22,25,27,33,34,35,38,42,45,46,49,53,56,59,64,67,69,78,
  82,83,86,92,96,97,103,120,121,122,124,125,126,128,136,138,139,140,145,147,
  152,153,155,158,159,160,161,162,163,164,168,173,178,179,185,188,189,193,196,
  198,199,201,202,205,206,211,212,213,216,218,223,225,227,231,234,235,236,241,
  243,244,246,250,254,255,256,264,265,267,268,272,277,283,285,286,291,293,294,
  295,298,299],
 [1,3,4,18,20,31,36,39,48,50,52,60,61,76,77,85,87,90,93,94,100,105,106,107,
  110,118,119,133,146,154,176,177,183,190,192,195,204,215,230,233,253,266,271,
  289,296,300]].
[[1,3,4,18,20,31,36,39,48,50,52,60,61,76,77,85,87,90,93,94,100,105,106,107,
  110,118,119,133,146,154,176,177,183,190,192,195,204,215,230,233,253,266,271,
  289,296,300],
 [5,8,9,10,13,14,19,29,37,43,47,54,55,57,58,62,65,68,73,74,79,80,84,88,89,95,
  98,102,104,111,112,113,115,117,123,130,132,134,135,137,141,142,148,149,150,
  151,166,167,169,175,186,187,191,197,200,203,207,219,229,232,237,242,248,260,
  261,269,270,274,275,276,278,281,282,297],
 [12,23,24,26,28,30,32,40,41,44,51,63,66,70,71,72,75,81,91,99,101,108,109,114,
  116,127,129,131,143,144,156,157,165,170,171,172,174,180,181,182,184,194,208,
  209,210,214,217,220,221,222,224,226,228,238,239,240,245,247,249,251,252,257,
  258,259,262,263,273,279,280,284,287,288,290,292]].
[[5,8,9,10,13,14,19,29,37,43,47,54,55,57,58,62,65,68,73,74,79,80,84,88,89,95,
  98,102,104,111,112,113,115,117,123,130,132,134,135,137,141,142,148,149,150,
  151,166,167,169,175,186,187,191,197,200,203,207,219,229,232,237,242,248,260,
  261,269,270,274,275,276,278,281,282,297],
 [1,3,4,18,20,31,36,39,48,50,52,60,61,76,77,85,87,90,93,94,100,105,106,107,
  110,118,119,133,146,154,176,177,183,190,192,195,204,215,230,233,253,266,271,
  289,296,300],
 [2,6,7,11,15,16,17,21,22,25,27,33,34,35,38,42,45,46,49,53,56,59,64,67,69,78,
  82,83,86,92,96,97,103,120,121,122,124,125,126,128,136,138,139,140,145,147,
  152,153,155,158,159,160,161,162,163,164,168,173,178,179,185,188,189,193,196,
  198,199,201,202,205,206,211,212,213,216,218,223,225,227,231,234,235,236,241,
  243,244,246,250,254,255,256,264,265,267,268,272,277,283,285,286,291,293,294,
  295,298,299]].
[[5,8,9,10,13,14,19,29,37,43,47,54,55,57,58,62,65,68,73,74,79,80,84,88,89,95,
  98,102,104,111,112,113,115,117,123,130,132,134,135,137,141,142,148,149,150,
  151,166,167,169,175,186,187,191,197,200,203,207,219,229,232,237,242,248,260,
  261,269,270,274,275,276,278,281,282,297],
 [1,3,4,18,20,31,36,39,48,50,52,60,61,76,77,85,87,90,93,94,100,105,106,107,
  110,118,119,133,146,154,176,177,183,190,192,195,204,215,230,233,253,266,271,
  289,296,300],
 [2,6,7,11,15,16,17,21,22,25,27,33,34,35,38,42,45,46,49,53,56,59,64,67,69,78,
  82,83,86,92,96,97,103,120,121,122,124,125,126,128,136,138,139,140,145,147,
  152,153,155,158,159,160,161,162,163,164,168,173,178,179,185,188,189,193,196,
  198,199,201,202,205,206,211,212,213,216,218,223,225,227,231,234,235,236,241,
  243,244,246,250,254,255,256,264,265,267,268,272,277,283,285,286,291,293,294,
  295,298,299]].
[[5,8,9,10,13,14,19,29,37,43,47,54,55,57,58,62,65,68,73,74,79,80,84,88,89,95,
  98,102,104,111,112,113,115,117,123,130,132,134,135,137,141,142,148,149,150,
  151,166,167,169,175,186,187,191,197,200,203,207,219,229,232,237,242,248,260,
  261,269,270,274,275,276,278,281,282,297],
 [1,3,4,18,20,31,36,39,48,50,52,60,61,76,77,85,87,90,93,94,100,105,106,107,
  110,118,119,133,146,154,176,177,183,190,192,195,204,215,230,233,253,266,271,
  289,296,300],
 [2,6,7,11,15,16,17,21,22,25,27,33,34,35,38,42,45,46,49,53,56,59,64,67,69,78,
  82,83,86,92,96,97,103,120,121,122,124,125,126,128,136,138,139,140,145,147,
  152,153,155,158,159,160,161,162,163,164,168,173,178,179,185,188,189,193,196,
  198,199,201,202,205,206,211,212,213,216,218,223,225,227,231,234,235,236,241,
  243,244,246,250,254,255,256,264,265,267,268,272,277,283,285,286,291,293,294,
  295,298,299]].
[[5,8,9,10,13,14,19,29,37,43,47,54,55,57,58,62,65,68,73,74,79,80,84,88,89,95,
  98,102,104,111,112,113,115,117,123,130,132,134,135,137,141,142,148,149,150,
  151,166,167,169,175,186,187,191,197,200,203,207,219,229,232,237,242,248,260,
  261,269,270,274,275,276,278,281,282,297],
 [1,3,4,18,20,31,36,39,48,50,52,60,61,76,77,85,87,90,93,94,100,105,106,107,
  110,118,119,133,146,154,176,177,183,190,192,195,204,215,230,233,253,266,271,
  289,296,300],
 [2,6,7,11,15,16,17,21,22,25,27,33,34,35,38,42,45,46,49,53,56,59,64,67,69,78,
  82,83,86,92,96,97,103,120,121,122,124,125,126,128,136,138,139,140,145,147,
  152,153,155,158,159,160,161,162,163,164,168,173,178,179,185,188,189,193,196,
  198,199,201,202,205,206,211,212,213,216,218,223,225,227,231,234,235,236,241,
  243,244,246,250,254,255,256,264,265,267,268,272,277,283,285,286,291,293,294,
  295,298,299]].
[[2,6,7,11,15,16,17,21,22,25,27,33,34,35,38,42,45,46,49,53,56,59,64,67,69,78,
  82,83,86,92,96,97,103,120,121,122,124,125,126,128,136,138,139,140,145,147,
  152,153,155,158,159,160,161,162,163,164,168,173,178,179,185,188,189,193,196,
  198,199,201,202,205,206,211,212,213,216,218,223,225,227,231,234,235,236,241,
  243,244,246,250,254,255,256,264,265,267,268,272,277,283,285,286,291,293,294,
  295,298,299],
 [12,23,24,26,28,30,32,40,41,44,51,63,66,70,71,72,75,81,91,99,101,108,109,114,
  116,127,129,131,143,144,156,157,165,170,171,172,174,180,181,182,184,194,208,
  209,210,214,217,220,221,222,224,226,228,238,239,240,245,247,249,251,252,257,
  258,259,262,263,273,279,280,284,287,288,290,292],
 [5,8,9,10,13,14,19,29,37,43,47,54,55,57,58,62,65,68,73,74,79,80,84,88,89,95,
  98,102,104,111,112,113,115,117,123,130,132,134,135,137,141,142,148,149,150,
  151,166,167,169,175,186,187,191,197,200,203,207,219,229,232,237,242,248,260,
  261,269,270,274,275,276,278,281,282,297]].
[[12,23,24,26,28,30,32,40,41,44,51,63,66,70,71,72,75,81,91,99,101,108,109,114,
  116,127,129,131,143,144,156,157,165,170,171,172,174,180,181,182,184,194,208,
  209,210,214,217,220,221,222,224,226,228,238,239,240,245,247,249,251,252,257,
  258,259,262,263,273,279,280,284,287,288,290,292],
 [2,6,7,11,15,16,17,21,22,25,27,33,34,35,38,42,45,46,49,53,56,59,64,67,69,78,
  82,83,86,92,96,97,103,120,121,122,124,125,126,128,136,138,139,140,145,147,
  152,153,155,158,159,160,161,162,163,164,168,173,178,179,185,188,189,193,196,
  198,199,201,202,205,206,211,212,213,216,218,223,225,227,231,234,235,236,241,
  243,244,246,250,254,255,256,264,265,267,268,272,277,283,285,286,291,293,294,
  295,298,299],
 [1,3,4,18,20,31,36,39,48,50,52,60,61,76,77,85,87,90,93,94,100,105,106,107,
  110,118,119,133,146,154,176,177,183,190,192,195,204,215,230,233,253,266,271,
  289,296,300]].
[[1,3,4,18,20,31,36,39,48,50,52,60,61,76,77,85,87,90,93,94,100,105,106,107,
  110,118,119,133,146,154,176,177,183,190,192,195,204,215,230,233,253,266,271,
  289,296,300],
 [5,8,9,10,13,14,19,29,37,43,47,54,55,57,58,62,65,68,73,74,79,80,84,88,89,95,
  98,102,104,111,112,113,115,117,123,130,132,134,135,137,141,142,148,149,150,
  151,166,167,169,175,186,187,191,197,200,203,207,219,229,232,237,242,248,260,
  261,269,270,274,275,276,278,281,282,297],
 [12,23,24,26,28,30,32,40,41,44,51,63,66,70,71,72,75,81,91,99,101,108,109,114,
  116,127,129,131,143,144,156,157,165,170,171,172,174,180,181,182,184,194,208,
  209,210,214,217,220,221,222,224,226,228,238,239,240,245,247,249,251,252,257,
  258,259,262,263,273,279,280,284,287,288,290,292]].
[[2,6,7,11,15,16,17,21,22,25,27,33,34,35,38,42,45,46,49,53,56,59,64,67,69,78,
  82,83,86,92,96,97,103,120,121,122,124,125,126,128,136,138,139,140,145,147,
  152,153,155,158,159,160,161,162,163,164,168,173,178,179,185,188,189,193,196,
  198,199,201,202,205,206,211,212,213,216,218,223,225,227,231,234,235,236,241,
  243,244,246,250,254,255,256,264,265,267,268,272,277,283,285,286,291,293,294,
  295,298,299],
 [12,23,24,26,28,30,32,40,41,44,51,63,66,70,71,72,75,81,91,99,101,108,109,114,
  116,127,129,131,143,144,156,157,165,170,171,172,174,180,181,182,184,194,208,
  209,210,214,217,220,221,222,224,226,228,238,239,240,245,247,249,251,252,257,
  258,259,262,263,273,279,280,284,287,288,290,292],
 [5,8,9,10,13,14,19,29,37,43,47,54,55,57,58,62,65,68,73,74,79,80,84,88,89,95,
  98,102,104,111,112,113,115,117,123,130,132,134,135,137,141,142,148,149,150,
  151,166,167,169,175,186,187,191,197,200,203,207,219,229,232,237,242,248,260,
  261,269,270,274,275,276,278,281,282,297]].
[[2,6,7,11,15,16,17,21,22,25,27,33,34,35,38,42,45,46,49,53,56,59,64,67,69,78,
  82,83,86,92,96,97,103,120,121,122,124,125,126,128,136,138,139,140,145,147,
  152,153,155,158,159,160,161,162,163,164,168,173,178,179,185,188,189,193,196,
  198,199,201,202,205,206,211,212,213,216,218,223,225,227,231,234,235,236,241,
  243,244,246,250,254,255,256,264,265,267,268,272,277,283,285,286,291,293,294,
  295,298,299],
 [12,23,24,26,28,30,32,40,41,44,51,63,66,70,71,72,75,81,91,99,101,108,109,114,
  116,127,129,131,143,144,156,157,165,170,171,172,174,180,181,182,184,194,208,
  209,210,214,217,220,221,222,224,226,228,238,239,240,245,247,249,251,252,257,
  258,259,262,263,273,279,280,284,287,288,290,292],
 [5,8,9,10,13,14,19,29,37,43,47,54,55,57,58,62,65,68,73,74,79,80,84,88,89,95,
  98,102,104,111,112,113,115,117,123,130,132,134,135,137,141,142,148,149,150,
  151,166,167,169,175,186,187,191,197,200,203,207,219,229,232,237,242,248,260,
  261,269,270,274,275,276,278,281,282,297]].
[[12,23,24,26,28,30,32,40,41,44,51,63,66,70,71,72,75,81,91,99,101,108,109,114,
  116,127,129,131,143,144,156,157,165,170,171,172,174,180,181,182,184,194,208,
  209,210,214,217,220,221,222,224,226,228,238,239,240,245,247,249,251,252,257,
  258,259,262,263,273,279,280,284,287,288,290,292],
 [2,6,7,11,15,16,17,21,22,25,27,33,34,35,38,42,45,46,49,53,56,59,64,67,69,78,
  82,83,86,92,96,97,103,120,121,122,124,125,126,128,136,138,139,140,145,147,
  152,153,155,158,159,160,161,162,163,164,168,173,178,179,185,188,189,193,196,
  198,199,201,202,205,206,211,212,213,216,218,223,225,227,231,234,235,236,241,
  243,244,246,250,254,255,256,264,265,267,268,272,277,283,285,286,291,293,294,
  295,298,299],
 [1,3,4,18,20,31,36,39,48,50,52,60,61,76,77,85,87,90,93,94,100,105,106,107,
  110,118,119,133,146,154,176,177,183,190,192,195,204,215,230,233,253,266,271,
  289,296,300]].
[[1,3,4,18,20,31,36,39,48,50,52,60,61,76,77,85,87,90,93,94,100,105,106,107,
  110,118,119,133,146,154,176,177,183,190,192,195,204,215,230,233,253,266,271,
  289,296,300],
 [5,8,9,10,13,14,19,29,37,43,47,54,55,57,58,62,65,68,73,74,79,80,84,88,89,95,
  98,102,104,111,112,113,115,117,123,130,132,134,135,137,141,142,148,149,150,
  151,166,167,169,175,186,187,191,197,200,203,207,219,229,232,237,242,248,260,
  261,269,270,274,275,276,278,281,282,297],
 [12,23,24,26,28,30,32,40,41,44,51,63,66,70,71,72,75,81,91,99,101,108,109,114,
  116,127,129,131,143,144,156,157,165,170,171,172,174,180,181,182,184,194,208,
  209,210,214,217,220,221,222,224,226,228,238,239,240,245,247,249,251,252,257,
  258,259,262,263,273,279,280,284,287,288,290,292]].
[[12,23,24,26,28,30,32,40,41,44,51,63,66,70,71,72,75,81,91,99,101,108,109,114,
  116,127,129,131,143,144,156,157,165,170,171,172,174,180,181,182,184,194,208,
  209,210,214,217,220,221,222,224,226,228,238,239,240,245,247,249,251,252,257,
  258,259,262,263,273,279,280,284,287,288,290,292],
 [2,6,7,11,15,16,17,21,22,25,27,33,34,35,38,42,45,46,49,53,56,59,64,67,69,78,
  82,83,86,92,96,97,103,120,121,122,124,125,126,128,136,138,139,140,145,147,
  152,153,155,158,159,160,161,162,163,164,168,173,178,179,185,188,189,193,196,
  198,199,201,202,205,206,211,212,213,216,218,223,225,227,231,234,235,236,241,
  243,244,246,250,254,255,256,264,265,267,268,272,277,283,285,286,291,293,294,
  295,298,299],
 [1,3,4,18,20,31,36,39,48,50,52,60,61,76,77,85,87,90,93,94,100,105,106,107,
  110,118,119,133,146,154,176,177,183,190,192,195,204,215,230,233,253,266,271,
  289,296,300]].
[[5,8,9,10,13,14,19,29,37,43,47,54,55,57,58,62,65,68,73,74,79,80,84,88,89,95,
  98,102,104,111,112,113,115,117,123,130,132,134,135,137,141,142,148,149,150,
  151,166,167,169,175,186,187,191,197,200,203,207,219,229,232,237,242,248,260,
  261,269,270,274,275,276,278,281,282,297],
 [1,3,4,18,20,31,36,39,48,50,52,60,61,76,77,85,87,90,93,94,100,105,106,107,
  110,118,119,133,146,154,176,177,183,190,192,195,204,215,230,233,253,266,271,
  289,296,300],
 [2,6,7,11,15,16,17,21,22,25,27,33,34,35,38,42,45,46,49,53,56,59,64,67,69,78,
  82,83,86,92,96,97,103,120,121,122,124,125,126,128,136,138,139,140,145,147,
  152,153,155,158,159,160,161,162,163,164,168,173,178,179,185,188,189,193,196,
  198,199,201,202,205,206,211,212,213,216,218,223,225,227,231,234,235,236,241,
  243,244,246,250,254,255,256,264,265,267,268,272,277,283,285,286,291,293,294,
  295,298,299]].
[[2,6,7,11,15,16,17,21,22,25,27,33,34,35,38,42,45,46,49,53,56,59,64,67,69,78,
  82,83,86,92,96,97,103,120,121,122,124,125,126,128,136,138,139,140,145,147,
  152,153,155,158,159,160,161,162,163,164,168,173,178,179,185,188,189,193,196,
  198,199,201,202,205,206,211,212,213,216,218,223,225,227,231,234,235,236,241,
  243,244,246,250,254,255,256,264,265,267,268,272,277,283,285,286,291,293,294,
  295,298,299],
 [12,23,24,26,28,30,32,40,41,44,51,63,66,70,71,72,75,81,91,99,101,108,109,114,
  116,127,129,131,143,144,156,157,165,170,171,172,174,180,181,182,184,194,208,
