[[1,3,6,12,13,15,25,30,31,34,35,43,50,51,52,53,56,60,62,63,70,73,74,75,79,83,
  84,87,88,89,95,96,97,98,99,100,105,109,112,118,121,122,123,127,130,133,136,
  139,142,145,154,156,157,164,165,166,167,169,171,174,175,181,187,188,189,190,
  192,194,203,206,209,210,211,214,218,219,221,223,225,228,232,234,235,237,238,
  242,247,249,250,252,253,255,260,262,265,268,270,271,272,274,275,279,282,284,
  286,287,288,292,294,296,297,298],
 [7,8,9,16,17,21,22,26,28,38,39,41,42,45,47,49,61,65,67,69,77,78,81,86,94,101,
  103,108,113,116,117,120,126,137,141,144,146,148,159,160,162,177,178,186,193,
  199,201,204,205,207,212,229,231,233,236,240,241,245,257,259,261,266,267,273,
  276,277,289,290],
 [2,5,11,18,19,20,24,29,32,33,36,37,40,46,48,54,55,57,58,64,68,76,80,82,92,93,
  104,106,110,111,114,119,125,128,132,135,138,143,149,150,151,158,161,163,172,
  183,184,196,197,200,202,208,213,222,224,230,243,246,251,254,256,258,263,269,
  278,280,285,291]].
[[7,8,9,16,17,21,22,26,28,38,39,41,42,45,47,49,61,65,67,69,77,78,81,86,94,101,
  103,108,113,116,117,120,126,137,141,144,146,148,159,160,162,177,178,186,193,
  199,201,204,205,207,212,229,231,233,236,240,241,245,257,259,261,266,267,273,
  276,277,289,290],
 [1,3,6,12,13,15,25,30,31,34,35,43,50,51,52,53,56,60,62,63,70,73,74,75,79,83,
  84,87,88,89,95,96,97,98,99,100,105,109,112,118,121,122,123,127,130,133,136,
  139,142,145,154,156,157,164,165,166,167,169,171,174,175,181,187,188,189,190,
  192,194,203,206,209,210,211,214,218,219,221,223,225,228,232,234,235,237,238,
  242,247,249,250,252,253,255,260,262,265,268,270,271,272,274,275,279,282,284,
  286,287,288,292,294,296,297,298],
 [4,10,14,23,27,44,59,66,71,72,85,90,91,102,107,115,124,129,131,134,140,147,
  152,153,155,168,170,173,176,179,180,182,185,191,195,198,215,216,217,220,226,
  227,239,244,248,264,281,283,293,295,299,300]].
[[1,3,6,12,13,15,25,30,31,34,35,43,50,51,52,53,56,60,62,63,70,73,74,75,79,83,
  84,87,88,89,95,96,97,98,99,100,105,109,112,118,121,122,123,127,130,133,136,
  139,142,145,154,156,157,164,165,166,167,169,171,174,175,181,187,188,189,190,
  192,194,203,206,209,210,211,214,218,219,221,223,225,228,232,234,235,237,238,
  242,247,249,250,252,253,255,260,262,265,268,270,271,272,274,275,279,282,284,
  286,287,288,292,294,296,297,298],
 [7,8,9,16,17,21,22,26,28,38,39,41,42,45,47,49,61,65,67,69,77,78,81,86,94,101,
  103,108,113,116,117,120,126,137,141,144,146,148,159,160,162,177,178,186,193,
  199,201,204,205,207,212,229,231,233,236,240,241,245,257,259,261,266,267,273,
  276,277,289,290],
 [2,5,11,18,19,20,24,29,32,33,36,37,40,46,48,54,55,57,58,64,68,76,80,82,92,93,
  104,106,110,111,114,119,125,128,132,135,138,143,149,150,151,158,161,163,172,
  183,184,196,197,200,202,208,213,222,224,230,243,246,251,254,256,258,263,269,
  278,280,285,291]].
[[7,8,9,16,17,21,22,26,28,38,39,41,42,45,47,49,61,65,67,69,77,78,81,86,94,101,
  103,108,113,116,117,120,126,137,141,144,146,148,159,160,162,177,178,186,193,
  199,201,204,205,207,212,229,231,233,236,240,241,245,257,259,261,266,267,273,
  276,277,289,290],
 [1,3,6,12,13,15,25,30,31,34,35,43,50,51,52,53,56,60,62,63,70,73,74,75,79,83,
  84,87,88,89,95,96,97,98,99,100,105,109,112,118,121,122,123,127,130,133,136,
  139,142,145,154,156,157,164,165,166,167,169,171,174,175,181,187,188,189,190,
  192,194,203,206,209,210,211,214,218,219,221,223,225,228,232,234,235,237,238,
  242,247,249,250,252,253,255,260,262,265,268,270,271,272,274,275,279,282,284,
  286,287,288,292,294,296,297,298],
 [4,10,14,23,27,44,59,66,71,72,85,90,91,102,107,115,124,129,131,134,140,147,
  152,153,155,168,170,173,176,179,180,182,185,191,195,198,215,216,217,220,226,
  227,239,244,248,264,281,283,293,295,299,300]].
[[4,10,14,23,27,44,59,66,71,72,85,90,91,102,107,115,124,129,131,134,140,147,
  152,153,155,168,170,173,176,179,180,182,185,191,195,198,215,216,217,220,226,
  227,239,244,248,264,281,283,293,295,299,300],
 [2,5,11,18,19,20,24,29,32,33,36,37,40,46,48,54,55,57,58,64,68,76,80,82,92,93,
  104,106,110,111,114,119,125,128,132,135,138,143,149,150,151,158,161,163,172,
  183,184,196,197,200,202,208,213,222,224,230,243,246,251,254,256,258,263,269,
  278,280,285,291],
 [7,8,9,16,17,21,22,26,28,38,39,41,42,45,47,49,61,65,67,69,77,78,81,86,94,101,
  103,108,113,116,117,120,126,137,141,144,146,148,159,160,162,177,178,186,193,
  199,201,204,205,207,212,229,231,233,236,240,241,245,257,259,261,266,267,273,
  276,277,289,290]].
[[1,3,6,12,13,15,25,30,31,34,35,43,50,51,52,53,56,60,62,63,70,73,74,75,79,83,
  84,87,88,89,95,96,97,98,99,100,105,109,112,118,121,122,123,127,130,133,136,
  139,142,145,154,156,157,164,165,166,167,169,171,174,175,181,187,188,189,190,
  192,194,203,206,209,210,211,214,218,219,221,223,225,228,232,234,235,237,238,
  242,247,249,250,252,253,255,260,262,265,268,270,271,272,274,275,279,282,284,
  286,287,288,292,294,296,297,298],
 [7,8,9,16,17,21,22,26,28,38,39,41,42,45,47,49,61,65,67,69,77,78,81,86,94,101,
  103,108,113,116,117,120,126,137,141,144,146,148,159,160,162,177,178,186,193,
  199,201,204,205,207,212,229,231,233,236,240,241,245,257,259,261,266,267,273,
  276,277,289,290],
 [2,5,11,18,19,20,24,29,32,33,36,37,40,46,48,54,55,57,58,64,68,76,80,82,92,93,
  104,106,110,111,114,119,125,128,132,135,138,143,149,150,151,158,161,163,172,
  183,184,196,197,200,202,208,213,222,224,230,243,246,251,254,256,258,263,269,
  278,280,285,291]].
[[1,3,6,12,13,15,25,30,31,34,35,43,50,51,52,53,56,60,62,63,70,73,74,75,79,83,
  84,87,88,89,95,96,97,98,99,100,105,109,112,118,121,122,123,127,130,133,136,
  139,142,145,154,156,157,164,165,166,167,169,171,174,175,181,187,188,189,190,
  192,194,203,206,209,210,211,214,218,219,221,223,225,228,232,234,235,237,238,
  242,247,249,250,252,253,255,260,262,265,268,270,271,272,274,275,279,282,284,
  286,287,288,292,294,296,297,298],
 [7,8,9,16,17,21,22,26,28,38,39,41,42,45,47,49,61,65,67,69,77,78,81,86,94,101,
  103,108,113,116,117,120,126,137,141,144,146,148,159,160,162,177,178,186,193,
  199,201,204,205,207,212,229,231,233,236,240,241,245,257,259,261,266,267,273,
  276,277,289,290],
 [2,5,11,18,19,20,24,29,32,33,36,37,40,46,48,54,55,57,58,64,68,76,80,82,92,93,
  104,106,110,111,114,119,125,128,132,135,138,143,149,150,151,158,161,163,172,
  183,184,196,197,200,202,208,213,222,224,230,243,246,251,254,256,258,263,269,
  278,280,285,291]].
[[1,3,6,12,13,15,25,30,31,34,35,43,50,51,52,53,56,60,62,63,70,73,74,75,79,83,
  84,87,88,89,95,96,97,98,99,100,105,109,112,118,121,122,123,127,130,133,136,
  139,142,145,154,156,157,164,165,166,167,169,171,174,175,181,187,188,189,190,
  192,194,203,206,209,210,211,214,218,219,221,223,225,228,232,234,235,237,238,
  242,247,249,250,252,253,255,260,262,265,268,270,271,272,274,275,279,282,284,
  286,287,288,292,294,296,297,298],
 [7,8,9,16,17,21,22,26,28,38,39,41,42,45,47,49,61,65,67,69,77,78,81,86,94,101,
  103,108,113,116,117,120,126,137,141,144,146,148,159,160,162,177,178,186,193,
  199,201,204,205,207,212,229,231,233,236,240,241,245,257,259,261,266,267,273,
  276,277,289,290],
 [2,5,11,18,19,20,24,29,32,33,36,37,40,46,48,54,55,57,58,64,68,76,80,82,92,93,
  104,106,110,111,114,119,125,128,132,135,138,143,149,150,151,158,161,163,172,
  183,184,196,197,200,202,208,213,222,224,230,243,246,251,254,256,258,263,269,
  278,280,285,291]].
[[7,8,9,16,17,21,22,26,28,38,39,41,42,45,47,49,61,65,67,69,77,78,81,86,94,101,
  103,108,113,116,117,120,126,137,141,144,146,148,159,160,162,177,178,186,193,
  199,201,204,205,207,212,229,231,233,236,240,241,245,257,259,261,266,267,273,
  276,277,289,290],
 [1,3,6,12,13,15,25,30,31,34,35,43,50,51,52,53,56,60,62,63,70,73,74,75,79,83,
  84,87,88,89,95,96,97,98,99,100,105,109,112,118,121,122,123,127,130,133,136,
  139,142,145,154,156,157,164,165,166,167,169,171,174,175,181,187,188,189,190,
  192,194,203,206,209,210,211,214,218,219,221,223,225,228,232,234,235,237,238,
  242,247,249,250,252,253,255,260,262,265,268,270,271,272,274,275,279,282,284,
  286,287,288,292,294,296,297,298],
 [4,10,14,23,27,44,59,66,71,72,85,90,91,102,107,115,124,129,131,134,140,147,
  152,153,155,168,170,173,176,179,180,182,185,191,195,198,215,216,217,220,226,
  227,239,244,248,264,281,283,293,295,299,300]].
[[1,3,6,12,13,15,25,30,31,34,35,43,50,51,52,53,56,60,62,63,70,73,74,75,79,83,
  84,87,88,89,95,96,97,98,99,100,105,109,112,118,121,122,123,127,130,133,136,
  139,142,145,154,156,157,164,165,166,167,169,171,174,175,181,187,188,189,190,
  192,194,203,206,209,210,211,214,218,219,221,223,225,228,232,234,235,237,238,
  242,247,249,250,252,253,255,260,262,265,268,270,271,272,274,275,279,282,284,
  286,287,288,292,294,296,297,298],
 [7,8,9,16,17,21,22,26,28,38,39,41,42,45,47,49,61,65,67,69,77,78,81,86,94,101,
  103,108,113,116,117,120,126,137,141,144,146,148,159,160,162,177,178,186,193,
  199,201,204,205,207,212,229,231,233,236,240,241,245,257,259,261,266,267,273,
  276,277,289,290],
 [2,5,11,18,19,20,24,29,32,33,36,37,40,46,48,54,55,57,58,64,68,76,80,82,92,93,
  104,106,110,111,114,119,125,128,132,135,138,143,149,150,151,158,161,163,172,
  183,184,196,197,200,202,208,213,222,224,230,243,246,251,254,256,258,263,269,
  278,280,285,291]].
[[4,10,14,23,27,44,59,66,71,72,85,90,91,102,107,115,124,129,131,134,140,147,
  152,153,155,168,170,173,176,179,180,182,185,191,195,198,215,216,217,220,226,
  227,239,244,248,264,281,283,293,295,299,300],
 [2,5,11,18,19,20,24,29,32,33,36,37,40,46,48,54,55,57,58,64,68,76,80,82,92,93,
  104,106,110,111,114,119,125,128,132,135,138,143,149,150,151,158,161,163,172,
  183,184,196,197,200,202,208,213,222,224,230,243,246,251,254,256,258,263,269,
  278,280,285,291],
 [7,8,9,16,17,21,22,26,28,38,39,41,42,45,47,49,61,65,67,69,77,78,81,86,94,101,
  103,108,113,116,117,120,126,137,141,144,146,148,159,160,162,177,178,186,193,
  199,201,204,205,207,212,229,231,233,236,240,241,245,257,259,261,266,267,273,
  276,277,289,290]].
[[2,5,11,18,19,20,24,29,32,33,36,37,40,46,48,54,55,57,58,64,68,76,80,82,92,93,
  104,106,110,111,114,119,125,128,132,135,138,143,149,150,151,158,161,163,172,
  183,184,196,197,200,202,208,213,222,224,230,243,246,251,254,256,258,263,269,
  278,280,285,291],
 [4,10,14,23,27,44,59,66,71,72,85,90,91,102,107,115,124,129,131,134,140,147,
  152,153,155,168,170,173,176,179,180,182,185,191,195,198,215,216,217,220,226,
  227,239,244,248,264,281,283,293,295,299,300],
 [1,3,6,12,13,15,25,30,31,34,35,43,50,51,52,53,56,60,62,63,70,73,74,75,79,83,
  84,87,88,89,95,96,97,98,99,100,105,109,112,118,121,122,123,127,130,133,136,
  139,142,145,154,156,157,164,165,166,167,169,171,174,175,181,187,188,189,190,
  192,194,203,206,209,210,211,214,218,219,221,223,225,228,232,234,235,237,238,
  242,247,249,250,252,253,255,260,262,265,268,270,271,272,274,275,279,282,284,
  286,287,288,292,294,296,297,298]].
[[7,8,9,16,17,21,22,26,28,38,39,41,42,45,47,49,61,65,67,69,77,78,81,86,94,101,
  103,108,113,116,117,120,126,137,141,144,146,148,159,160,162,177,178,186,193,
  199,201,204,205,207,212,229,231,233,236,240,241,245,257,259,261,266,267,273,
  276,277,289,290],
 [1,3,6,12,13,15,25,30,31,34,35,43,50,51,52,53,56,60,62,63,70,73,74,75,79,83,
  84,87,88,89,95,96,97,98,99,100,105,109,112,118,121,122,123,127,130,133,136,
  139,142,145,154,156,157,164,165,166,167,169,171,174,175,181,187,188,189,190,
  192,194,203,206,209,210,211,214,218,219,221,223,225,228,232,234,235,237,238,
  242,247,249,250,252,253,255,260,262,265,268,270,271,272,274,275,279,282,284,
  286,287,288,292,294,296,297,298],
 [4,10,14,23,27,44,59,66,71,72,85,90,91,102,107,115,124,129,131,134,140,147,
  152,153,155,168,170,173,176,179,180,182,185,191,195,198,215,216,217,220,226,
  227,239,244,248,264,281,283,293,295,299,300]].
[[1,3,6,12,13,15,25,30,31,34,35,43,50,51,52,53,56,60,62,63,70,73,74,75,79,83,
  84,87,88,89,95,96,97,98,99,100,105,109,112,118,121,122,123,127,130,133,136,
  139,142,145,154,156,157,164,165,166,167,169,171,174,175,181,187,188,189,190,
  192,194,203,206,209,210,211,214,218,219,221,223,225,228,232,234,235,237,238,
  242,247,249,250,252,253,255,260,262,265,268,270,271,272,274,275,279,282,284,
  286,287,288,292,294,296,297,298],
 [7,8,9,16,17,21,22,26,28,38,39,41,42,45,47,49,61,65,67,69,77,78,81,86,94,101,
  103,108,113,116,117,120,126,137,141,144,146,148,159,160,162,177,178,186,193,
  199,201,204,205,207,212,229,231,233,236,240,241,245,257,259,261,266,267,273,
  276,277,289,290],
 [2,5,11,18,19,20,24,29,32,33,36,37,40,46,48,54,55,57,58,64,68,76,80,82,92,93,
  104,106,110,111,114,119,125,128,132,135,138,143,149,150,151,158,161,163,172,
  183,184,196,197,200,202,208,213,222,224,230,243,246,251,254,256,258,263,269,
  278,280,285,291]].
[[2,5,11,18,19,20,24,29,32,33,36,37,40,46,48,54,55,57,58,64,68,76,80,82,92,93,
  104,106,110,111,114,119,125,128,132,135,138,143,149,150,151,158,161,163,172,
  183,184,196,197,200,202,208,213,222,224,230,243,246,251,254,256,258,263,269,
  278,280,285,291],
 [4,10,14,23,27,44,59,66,71,72,85,90,91,102,107,115,124,129,131,134,140,147,
  152,153,155,168,170,173,176,179,180,182,185,191,195,198,215,216,217,220,226,
  227,239,244,248,264,281,283,293,295,299,300],
 [1,3,6,12,13,15,25,30,31,34,35,43,50,51,52,53,56,60,62,63,70,73,74,75,79,83,
  84,87,88,89,95,96,97,98,99,100,105,109,112,118,121,122,123,127,130,133,136,
  139,142,145,154,156,157,164,165,166,167,169,171,174,175,181,187,188,189,190,
  192,194,203,206,209,210,211,214,218,219,221,223,225,228,232,234,235,237,238,
  242,247,249,250,252,253,255,260,262,265,268,270,271,272,274,275,279,282,284,
  286,287,288,292,294,296,297,298]].
[[1,3,6,12,13,15,25,30,31,34,35,43,50,51,52,53,56,60,62,63,70,73,74,75,79,83,
  84,87,88,89,95,96,97,98,99,100,105,109,112,118,121,122,123,127,130,133,136,
  139,142,145,154,156,157,164,165,166,167,169,171,174,175,181,187,188,189,190,
  192,194,203,206,209,210,211,214,218,219,221,223,225,228,232,234,235,237,238,
  242,247,249,250,252,253,255,260,262,265,268,270,271,272,274,275,279,282,284,
  286,287,288,292,294,296,297,298],
 [7,8,9,16,17,21,22,26,28,38,39,41,42,45,47,49,61,65,67,69,77,78,81,86,94,101,
  103,108,113,116,117,120,126,137,141,144,146,148,159,160,162,177,178,186,193,
  199,201,204,205,207,212,229,231,233,236,240,241,245,257,259,261,266,267,273,
  276,277,289,290],
 [2,5,11,18,19,20,24,29,32,33,36,37,40,46,48,54,55,57,58,64,68,76,80,82,92,93,
  104,106,110,111,114,119,125,128,132,135,138,143,149,150,151,158,161,163,172,
  183,184,196,197,200,202,208,213,222,224,230,243,246,251,254,256,258,263,269,
  278,280,285,291]].
[[2,5,11,18,19,20,24,29,32,33,36,37,40,46,48,54,55,57,58,64,68,76,80,82,92,93,
  104,106,110,111,114,119,125,128,132,135,138,143,149,150,151,158,161,163,172,
  183,184,196,197,200,202,208,213,222,224,230,243,246,251,254,256,258,263,269,
  278,280,285,291],
 [4,10,14,23,27,44,59,66,71,72,85,90,91,102,107,115,124,129,131,134,140,147,
  152,153,155,168,170,173,176,179,180,182,185,191,195,198,215,216,217,220,226,
  227,239,244,248,264,281,283,293,295,299,300],
 [1,3,6,12,13,15,25,30,31,34,35,43,50,51,52,53,56,60,62,63,70,73,74,75,79,83,
  84,87,88,89,95,96,97,98,99,100,105,109,112,118,121,122,123,127,130,133,136,
  139,142,145,154,156,157,164,165,166,167,169,171,174,175,181,187,188,189,190,
  192,194,203,206,209,210,211,214,218,219,221,223,225,228,232,234,235,237,238,
  242,247,249,250,252,253,255,260,262,265,268,270,271,272,274,275,279,282,284,
  286,287,288,292,294,296,297,298]].
[[7,8,9,16,17,21,22,26,28,38,39,41,42,45,47,49,61,65,67,69,77,78,81,86,94,101,
  103,108,113,116,117,120,126,137,141,144,146,148,159,160,162,177,178,186,193,
  199,201,204,205,207,212,229,231,233,236,240,241,245,257,259,261,266,267,273,
  276,277,289,290],
 [1,3,6,12,13,15,25,30,31,34,35,43,50,51,52,53,56,60,62,63,70,73,74,75,79,83,
  84,87,88,89,95,96,97,98,99,100,105,109,112,118,121,122,123,127,130,133,136,
  139,142,145,154,156,157,164,165,166,167,169,171,174,175,181,187,188,189,190,
  192,194,203,206,209,210,211,214,218,219,221,223,225,228,232,234,235,237,238,
  242,247,249,250,252,253,255,260,262,265,268,270,271,272,274,275,279,282,284,
  286,287,288,292,294,296,297,298],
 [4,10,14,23,27,44,59,66,71,72,85,90,91,102,107,115,124,129,131,134,140,147,
  152,153,155,168,170,173,176,179,180,182,185,191,195,198,215,216,217,220,226,
  227,239,244,248,264,281,283,293,295,299,300]].
[[1,3,6,12,13,15,25,30,31,34,35,43,50,51,52,53,56,60,62,63,70,73,74,75,79,83,
  84,87,88,89,95,96,97,98,99,100,105,109,112,118,121,122,123,127,130,133,136,
  139,142,145,154,156,157,164,165,166,167,169,171,174,175,181,187,188,189,190,
  192,194,203,206,209,210,211,214,218,219,221,223,225,228,232,234,235,237,238,
  242,247,249,250,252,253,255,260,262,265,268,270,271,272,274,275,279,282,284,
  286,287,288,292,294,296,297,298],
 [7,8,9,16,17,21,22,26,28,38,39,41,42,45,47,49,61,65,67,69,77,78,81,86,94,101,
  103,108,113,116,117,120,126,137,141,144,146,148,159,160,162,177,178,186,193,
  199,201,204,205,207,212,229,231,233,236,240,241,245,257,259,261,266,267,273,
  276,277,289,290],
 [2,5,11,18,19,20,24,29,32,33,36,37,40,46,48,54,55,57,58,64,68,76,80,82,92,93,
  104,106,110,111,114,119,125,128,132,135,138,143,149,150,151,158,161,163,172,
  183,184,196,197,200,202,208,213,222,224,230,243,246,251,254,256,258,263,269,
  278,280,285,291]].
[[4,10,14,23,27,44,59,66,71,72,85,90,91,102,107,115,124,129,131,134,140,147,
  152,153,155,168,170,173,176,179,180,182,185,191,195,198,215,216,217,220,226,
  227,239,244,248,264,281,283,293,295,299,300],
 [2,5,11,18,19,20,24,29,32,33,36,37,40,46,48,54,55,57,58,64,68,76,80,82,92,93,
  104,106,110,111,114,119,125,128,132,135,138,143,149,150,151,158,161,163,172,
  183,184,196,197,200,202,208,213,222,224,230,243,246,251,254,256,258,263,269,
  278,280,285,291],
 [7,8,9,16,17,21,22,26,28,38,39,41,42,45,47,49,61,65,67,69,77,78,81,86,94,101,
  103,108,113,116,117,120,126,137,141,144,146,148,159,160,162,177,178,186,193,
  199,201,204,205,207,212,229,231,233,236,240,241,245,257,259,261,266,267,273,
  276,277,289,290]].
[[4,10,14,23,27,44,59,66,71,72,85,90,91,102,107,115,124,129,131,134,140,147,
  152,153,155,168,170,173,176,179,180,182,185,191,195,198,215,216,217,220,226,
  227,239,244,248,264,281,283,293,295,299,300],
 [2,5,11,18,19,20,24,29,32,33,36,37,40,46,48,54,55,57,58,64,68,76,80,82,92,93,
  104,106,110,111,114,119,125,128,132,135,138,143,149,150,151,158,161,163,172,
  183,184,196,197,200,202,208,213,222,224,230,243,246,251,254,256,258,263,269,
  278,280,285,291],
 [7,8,9,16,17,21,22,26,28,38,39,41,42,45,47,49,61,65,67,69,77,78,81,86,94,101,
  103,108,113,116,117,120,126,137,141,144,146,148,159,160,162,177,178,186,193,
  199,201,204,205,207,212,229,231,233,236,240,241,245,257,259,261,266,267,273,
  276,277,289,290]].
[[1,3,6,12,13,15,25,30,31,34,35,43,50,51,52,53,56,60,62,63,70,73,74,75,79,83,
  84,87,88,89,95,96,97,98,99,100,105,109,112,118,121,122,123,127,130,133,136,
  139,142,145,154,156,157,164,165,166,167,169,171,174,175,181,187,188,189,190,
  192,194,203,206,209,210,211,214,218,219,221,223,225,228,232,234,235,237,238,
  242,247,249,250,252,253,255,260,262,265,268,270,271,272,274,275,279,282,284,
  286,287,288,292,294,296,297,298],
 [7,8,9,16,17,21,22,26,28,38,39,41,42,45,47,49,61,65,67,69,77,78,81,86,94,101,
  103,108,113,116,117,120,126,137,141,144,146,148,159,160,162,177,178,186,193,
  199,201,204,205,207,212,229,231,233,236,240,241,245,257,259,261,266,267,273,
  276,277,289,290],
 [2,5,11,18,19,20,24,29,32,33,36,37,40,46,48,54,55,57,58,64,68,76,80,82,92,93,
  104,106,110,111,114,119,125,128,132,135,138,143,149,150,151,158,161,163,172,
  183,184,196,197,200,202,208,213,222,224,230,243,246,251,254,256,258,263,269,
  278,280,285,291]].
[[1,3,6,12,13,15,25,30,31,34,35,43,50,51,52,53,56,60,62,63,70,73,74,75,79,83,
  84,87,88,89,95,96,97,98,99,100,105,109,112,118,121,122,123,127,130,133,136,
  139,142,145,154,156,157,164,165,166,167,169,171,174,175,181,187,188,189,190,
  192,194,203,206,209,210,211,214,218,219,221,223,225,228,232,234,235,237,238,
  242,247,249,250,252,253,255,260,262,265,268,270,271,272,274,275,279,282,284,
  286,287,288,292,294,296,297,298],
 [7,8,9,16,17,21,22,26,28,38,39,41,42,45,47,49,61,65,67,69,77,78,81,86,94,101,
  103,108,113,116,117,120,126,137,141,144,146,148,159,160,162,177,178,186,193,
  199,201,204,205,207,212,229,231,233,236,240,241,245,257,259,261,266,267,273,
  276,277,289,290],
 [2,5,11,18,19,20,24,29,32,33,36,37,40,46,48,54,55,57,58,64,68,76,80,82,92,93,
  104,106,110,111,114,119,125,128,132,135,138,143,149,150,151,158,161,163,172,
  183,184,196,197,200,202,208,213,222,224,230,243,246,251,254,256,258,263,269,
  278,280,285,291]].
[[4,10,14,23,27,44,59,66,71,72,85,90,91,102,107,115,124,129,131,134,140,147,
  152,153,155,168,170,173,176,179,180,182,185,191,195,198,215,216,217,220,226,
  227,239,244,248,264,281,283,293,295,299,300],
 [2,5,11,18,19,20,24,29,32,33,36,37,40,46,48,54,55,57,58,64,68,76,80,82,92,93,
  104,106,110,111,114,119,125,128,132,135,138,143,149,150,151,158,161,163,172,
  183,184,196,197,200,202,208,213,222,224,230,243,246,251,254,256,258,263,269,
  278,280,285,291],
 [7,8,9,16,17,21,22,26,28,38,39,41,42,45,47,49,61,65,67,69,77,78,81,86,94,101,
  103,108,113,116,117,120,126,137,141,144,146,148,159,160,162,177,178,186,193,
  199,201,204,205,207,212,229,231,233,236,240,241,245,257,259,261,266,267,273,
  276,277,289,290]].
[[1,3,6,12,13,15,25,30,31,34,35,43,50,51,52,53,56,60,62,63,70,73,74,75,79,83,
  84,87,88,89,95,96,97,98,99,100,105,109,112,118,121,122,123,127,130,133,136,
  139,142,145,154,156,157,164,165,166,167,169,171,174,175,181,187,188,189,190,
  192,194,203,206,209,210,211,214,218,219,221,223,225,228,232,234,235,237,238,
  242,247,249,250,252,253,255,260,262,265,268,270,271,272,274,275,279,282,284,
  286,287,288,292,294,296,297,298],
 [7,8,9,16,17,21,22,26,28,38,39,41,42,45,47,49,61,65,67,69,77,78,81,86,94,101,
  103,108,113,116,117,120,126,137,141,144,146,148,159,160,162,177,178,186,193,
  199,201,204,205,207,212,229,231,233,236,240,241,245,257,259,261,266,267,273,
  276,277,289,290],
 [2,5,11,18,19,20,24,29,32,33,36,37,40,46,48,54,55,57,58,64,68,76,80,82,92,93,
  104,106,110,111,114,119,125,128,132,135,138,143,149,150,151,158,161,163,172,
  183,184,196,197,200,202,208,213,222,224,230,243,246,251,254,256,258,263,269,
  278,280,285,291]].
[[1,3,6,12,13,15,25,30,31,34,35,43,50,51,52,53,56,60,62,63,70,73,74,75,79,83,
  84,87,88,89,95,96,97,98,99,100,105,109,112,118,121,122,123,127,130,133,136,
  139,142,145,154,156,157,164,165,166,167,169,171,174,175,181,187,188,189,190,
  192,194,203,206,209,210,211,214,218,219,221,223,225,228,232,234,235,237,238,
  242,247,249,250,252,253,255,260,262,265,268,270,271,272,274,275,279,282,284,
  286,287,288,292,294,296,297,298],
 [7,8,9,16,17,21,22,26,28,38,39,41,42,45,47,49,61,65,67,69,77,78,81,86,94,101,
  103,108,113,116,117,120,126,137,141,144,146,148,159,160,162,177,178,186,193,
  199,201,204,205,207,212,229,231,233,236,240,241,245,257,259,261,266,267,273,
  276,277,289,290],
 [2,5,11,18,19,20,24,29,32,33,36,37,40,46,48,54,55,57,58,64,68,76,80,82,92,93,
  104,106,110,111,114,119,125,128,132,135,138,143,149,150,151,158,161,163,172,
  183,184,196,197,200,202,208,213,222,224,230,243,246,251,254,256,258,263,269,
  278,280,285,291]].
[[7,8,9,16,17,21,22,26,28,38,39,41,42,45,47,49,61,65,67,69,77,78,81,86,94,101,
  103,108,113,116,117,120,126,137,141,144,146,148,159,160,162,177,178,186,193,
  199,201,204,205,207,212,229,231,233,236,240,241,245,257,259,261,266,267,273,
  276,277,289,290],
 [1,3,6,12,13,15,25,30,31,34,35,43,50,51,52,53,56,60,62,63,70,73,74,75,79,83,
  84,87,88,89,95,96,97,98,99,100,105,109,112,118,121,122,123,127,130,133,136,
  139,142,145,154,156,157,164,165,166,167,169,171,174,175,181,187,188,189,190,
  192,194,203,206,209,210,211,214,218,219,221,223,225,228,232,234,235,237,238,
  242,247,249,250,252,253,255,260,262,265,268,270,271,272,274,275,279,282,284,
  286,287,288,292,294,296,297,298],
 [4,10,14,23,27,44,59,66,71,72,85,90,91,102,107,115,124,129,131,134,140,147,
  152,153,155,168,170,173,176,179,180,182,185,191,195,198,215,216,217,220,226,
  227,239,244,248,264,281,283,293,295,299,300]].
[[2,5,11,18,19,20,24,29,32,33,36,37,40,46,48,54,55,57,58,64,68,76,80,82,92,93,
  104,106,110,111,114,119,125,128,132,135,138,143,149,150,151,158,161,163,172,
  183,184,196,197,200,202,208,213,222,224,230,243,246,251,254,256,258,263,269,
  278,280,285,291],
 [4,10,14,23,27,44,59,66,71,72,85,90,91,102,107,115,124,129,131,134,140,147,
  152,153,155,168,170,173,176,179,180,182,185,191,195,198,215,216,217,220,226,
  227,239,244,248,264,281,283,293,295,299,300],
 [1,3,6,12,13,15,25,30,31,34,35,43,50,51,52,53,56,60,62,63,70,73,74,75,79,83,
  84,87,88,89,95,96,97,98,99,100,105,109,112,118,121,122,123,127,130,133,136,
  139,142,145,154,156,157,164,165,166,167,169,171,174,175,181,187,188,189,190,
  192,194,203,206,209,210,211,214,218,219,221,223,225,228,232,234,235,237,238,
  242,247,249,250,252,253,255,260,262,265,268,270,271,272,274,275,279,282,284,
  286,287,288,292,294,296,297,298]].
[[2,5,11,18,19,20,24,29,32,33,36,37,40,46,48,54,55,57,58,64,68,76,80,82,92,93,
  104,106,110,111,114,119,125,128,132,135,138,143,149,150,151,158,161,163,172,
  183,184,196,197,200,202,208,213,222,224,230,243,246,251,254,256,258,263,269,
  278,280,285,291],
 [4,10,14,23,27,44,59,66,71,72,85,90,91,102,107,115,124,129,131,134,140,147,
  152,153,155,168,170,173,176,179,180,182,185,191,195,198,215,216,217,220,226,
  227,239,244,248,264,281,283,293,295,299,300],
 [1,3,6,12,13,15,25,30,31,34,35,43,50,51,52,53,56,60,62,63,70,73,74,75,79,83,
  84,87,88,89,95,96,97,98,99,100,105,109,112,118,121,122,123,127,130,133,136,
  139,142,145,154,156,157,164,165,166,167,169,171,174,175,181,187,188,189,190,
  192,194,203,206,209,210,211,214,218,219,221,223,225,228,232,234,235,237,238,
  242,247,249,250,252,253,255,260,262,265,268,270,271,272,274,275,279,282,284,
  286,287,288,292,294,296,297,298]].
[[1,3,6,12,13,15,25,30,31,34,35,43,50,51,52,53,56,60,62,63,70,73,74,75,79,83,
  84,87,88,89,95,96,97,98,99,100,105,109,112,118,121,122,123,127,130,133,136,
  139,142,145,154,156,157,164,165,166,167,169,171,174,175,181,187,188,189,190,
  192,194,203,206,209,210,211,214,218,219,221,223,225,228,232,234,235,237,238,
  242,247,249,250,252,253,255,260,262,265,268,270,271,272,274,275,279,282,284,
  286,287,288,292,294,296,297,298],
 [7,8,9,16,17,21,22,26,28,38,39,41,42,45,47,49,61,65,67,69,77,78,81,86,94,101,
  103,108,113,116,117,120,126,137,141,144,146,148,159,160,162,177,178,186,193,
  199,201,204,205,207,212,229,231,233,236,240,241,245,257,259,261,266,267,273,
  276,277,289,290],
 [2,5,11,18,19,20,24,29,32,33,36,37,40,46,48,54,55,57,58,64,68,76,80,82,92,93,
  104,106,110,111,114,119,125,128,132,135,138,143,149,150,151,158,161,163,172,
  183,184,196,197,200,202,208,213,222,224,230,243,246,251,254,256,258,263,269,
  278,280,285,291]].
[[1,3,6,12,13,15,25,30,31,34,35,43,50,51,52,53,56,60,62,63,70,73,74,75,79,83,
  84,87,88,89,95,96,97,98,99,100,105,109,112,118,121,122,123,127,130,133,136,
  139,142,145,154,156,157,164,165,166,167,169,171,174,175,181,187,188,189,190,
  192,194,203,206,209,210,211,214,218,219,221,223,225,228,232,234,235,237,238,
  242,247,249,250,252,253,255,260,262,265,268,270,271,272,274,275,279,282,284,
  286,287,288,292,294,296,297,298],
 [7,8,9,16,17,21,22,26,28,38,39,41,42,45,47,49,61,65,67,69,77,78,81,86,94,101,
  103,108,113,116,117,120,126,137,141,144,146,148,159,160,162,177,178,186,193,
  199,201,204,205,207,212,229,231,233,236,240,241,245,257,259,261,266,267,273,
  276,277,289,290],
 [2,5,11,18,19,20,24,29,32,33,36,37,40,46,48,54,55,57,58,64,68,76,80,82,92,93,
  104,106,110,111,114,119,125,128,132,135,138,143,149,150,151,158,161,163,172,
  183,184,196,197,200,202,208,213,222,224,230,243,246,251,254,256,258,263,269,
  278,280,285,291]].
[[1,3,6,12,13,15,25,30,31,34,35,43,50,51,52,53,56,60,62,63,70,73,74,75,79,83,
  84,87,88,89,95,96,97,98,99,100,105,109,112,118,121,122,123,127,130,133,136,
  139,142,145,154,156,157,164,165,166,167,169,171,174,175,181,187,188,189,190,
  192,194,203,206,209,210,211,214,218,219,221,223,225,228,232,234,235,237,238,
  242,247,249,250,252,253,255,260,262,265,268,270,271,272,274,275,279,282,284,
  286,287,288,292,294,296,297,298],
 [7,8,9,16,17,21,22,26,28,38,39,41,42,45,47,49,61,65,67,69,77,78,81,86,94,101,
  103,108,113,116,117,120,126,137,141,144,146,148,159,160,162,177,178,186,193,
  199,201,204,205,207,212,229,231,233,236,240,241,245,257,259,261,266,267,273,
  276,277,289,290],
 [2,5,11,18,19,20,24,29,32,33,36,37,40,46,48,54,55,57,58,64,68,76,80,82,92,93,
  104,106,110,111,114,119,125,128,132,135,138,143,149,150,151,158,161,163,172,
  183,184,196,197,200,202,208,213,222,224,230,243,246,251,254,256,258,263,269,
  278,280,285,291]].
[[2,5,11,18,19,20,24,29,32,33,36,37,40,46,48,54,55,57,58,64,68,76,80,82,92,93,
  104,106,110,111,114,119,125,128,132,135,138,143,149,150,151,158,161,163,172,
  183,184,196,197,200,202,208,213,222,224,230,243,246,251,254,256,258,263,269,
  278,280,285,291],
 [4,10,14,23,27,44,59,66,71,72,85,90,91,102,107,115,124,129,131,134,140,147,
  152,153,155,168,170,173,176,179,180,182,185,191,195,198,215,216,217,220,226,
  227,239,244,248,264,281,283,293,295,299,300],
 [1,3,6,12,13,15,25,30,31,34,35,43,50,51,52,53,56,60,62,63,70,73,74,75,79,83,
  84,87,88,89,95,96,97,98,99,100,105,109,112,118,121,122,123,127,130,133,136,
  139,142,145,154,156,157,164,165,166,167,169,171,174,175,181,187,188,189,190,
  192,194,203,206,209,210,211,214,218,219,221,223,225,228,232,234,235,237,238,
  242,247,249,250,252,253,255,260,262,265,268,270,271,272,274,275,279,282,284,
  286,287,288,292,294,296,297,298]].
[[1,3,6,12,13,15,25,30,31,34,35,43,50,51,52,53,56,60,62,63,70,73,74,75,79,83,
  84,87,88,89,95,96,97,98,99,100,105,109,112,118,121,122,123,127,130,133,136,
  139,142,145,154,156,157,164,165,166,167,169,171,174,175,181,187,188,189,190,
  192,194,203,206,209,210,211,214,218,219,221,223,225,228,232,234,235,237,238,
  242,247,249,250,252,253,255,260,262,265,268,270,271,272,274,275,279,282,284,
  286,287,288,292,294,296,297,298],
 [7,8,9,16,17,21,22,26,28,38,39,41,42,45,47,49,61,65,67,69,77,78,81,86,94,101,
  103,108,113,116,117,120,126,137,141,144,146,148,159,160,162,177,178,186,193,
  199,201,204,205,207,212,229,231,233,236,240,241,245,257,259,261,266,267,273,
  276,277,289,290],
 [2,5,11,18,19,20,24,29,32,33,36,37,40,46,48,54,55,57,58,64,68,76,80,82,92,93,
  104,106,110,111,114,119,125,128,132,135,138,143,149,150,151,158,161,163,172,
  183,184,196,197,200,202,208,213,222,224,230,243,246,251,254,256,258,263,269,
  278,280,285,291]].
[[2,5,11,18,19,20,24,29,32,33,36,37,40,46,48,54,55,57,58,64,68,76,80,82,92,93,
  104,106,110,111,114,119,125,128,132,135,138,143,149,150,151,158,161,163,172,
  183,184,196,197,200,202,208,213,222,224,230,243,246,251,254,256,258,263,269,
  278,280,285,291],
 [4,10,14,23,27,44,59,66,71,72,85,90,91,102,107,115,124,129,131,134,140,147,
  152,153,155,168,170,173,176,179,180,182,185,191,195,198,215,216,217,220,226,
  227,239,244,248,264,281,283,293,295,299,300],
 [1,3,6,12,13,15,25,30,31,34,35,43,50,51,52,53,56,60,62,63,70,73,74,75,79,83,
  84,87,88,89,95,96,97,98,99,100,105,109,112,118,121,122,123,127,130,133,136,
  139,142,145,154,156,157,164,165,166,167,169,171,174,175,181,187,188,189,190,
  192,194,203,206,209,210,211,214,218,219,221,223,225,228,232,234,235,237,238,
  242,247,249,250,252,253,255,260,262,265,268,270,271,272,274,275,279,282,284,
  286,287,288,292,294,296,297,298]].
[[2,5,11,18,19,20,24,29,32,33,36,37,40,46,48,54,55,57,58,64,68,76,80,82,92,93,
  104,106,110,111,114,119,125,128,132,135,138,143,149,150,151,158,161,163,172,
  183,184,196,197,200,202,208,213,222,224,230,243,246,251,254,256,258,263,269,
  278,280,285,291],
 [4,10,14,23,27,44,59,66,71,72,85,90,91,102,107,115,124,129,131,134,140,147,
  152,153,155,168,170,173,176,179,180,182,185,191,195,198,215,216,217,220,226,
  227,239,244,248,264,281,283,293,295,299,300],
 [1,3,6,12,13,15,25,30,31,34,35,43,50,51,52,53,56,60,62,63,70,73,74,75,79,83,
  84,87,88,89,95,96,97,98,99,100,105,109,112,118,121,122,123,127,130,133,136,
  139,142,145,154,156,157,164,165,166,167,169,171,174,175,181,187,188,189,190,
  192,194,203,206,209,210,211,214,218,219,221,223,225,228,232,234,235,237,238,
  242,247,249,250,252,253,255,260,262,265,268,270,271,272,274,275,279,282,284,
  286,287,288,292,294,296,297,298]].
[[2,5,11,18,19,20,24,29,32,33,36,37,40,46,48,54,55,57,58,64,68,76,80,82,92,93,
  104,106,110,111,114,119,125,128,132,135,138,143,149,150,151,158,161,163,172,
  183,184,196,197,200,202,208,213,222,224,230,243,246,251,254,256,258,263,269,
  278,280,285,291],
 [4,10,14,23,27,44,59,66,71,72,85,90,91,102,107,115,124,129,131,134,140,147,
  152,153,155,168,170,173,176,179,180,182,185,191,195,198,215,216,217,220,226,
  227,239,244,248,264,281,283,293,295,299,300],
 [1,3,6,12,13,15,25,30,31,34,35,43,50,51,52,53,56,60,62,63,70,73,74,75,79,83,
  84,87,88,89,95,96,97,98,99,100,105,109,112,118,121,122,123,127,130,133,136,
  139,142,145,154,156,157,164,165,166,167,169,171,174,175,181,187,188,189,190,
  192,194,203,206,209,210,211,214,218,219,221,223,225,228,232,234,235,237,238,
  242,247,249,250,252,253,255,260,262,265,268,270,271,272,274,275,279,282,284,
  286,287,288,292,294,296,297,298]].
[[1,3,6,12,13,15,25,30,31,34,35,43,50,51,52,53,56,60,62,63,70,73,74,75,79,83,
  84,87,88,89,95,96,97,98,99,100,105,109,112,118,121,122,123,127,130,133,136,
  139,142,145,154,156,157,164,165,166,167,169,171,174,175,181,187,188,189,190,
  192,194,203,206,209,210,211,214,218,219,221,223,225,228,232,234,235,237,238,
  242,247,249,250,252,253,255,260,262,265,268,270,271,272,274,275,279,282,284,
  286,287,288,292,294,296,297,298],
 [7,8,9,16,17,21,22,26,28,38,39,41,42,45,47,49,61,65,67,69,77,78,81,86,94,101,
  103,108,113,116,117,120,126,137,141,144,146,148,159,160,162,177,178,186,193,
  199,201,204,205,207,212,229,231,233,236,240,241,245,257,259,261,266,267,273,
  276,277,289,290],
 [2,5,11,18,19,20,24,29,32,33,36,37,40,46,48,54,55,57,58,64,68,76,80,82,92,93,
  104,106,110,111,114,119,125,128,132,135,138,143,149,150,151,158,161,163,172,
  183,184,196,197,200,202,208,213,222,224,230,243,246,251,254,256,258,263,269,
  278,280,285,291]].
[[7,8,9,16,17,21,22,26,28,38,39,41,42,45,47,49,61,65,67,69,77,78,81,86,94,101,
  103,108,113,116,117,120,126,137,141,144,146,148,159,160,162,177,178,186,193,
  199,201,204,205,207,212,229,231,233,236,240,241,245,257,259,261,266,267,273,
  276,277,289,290],
 [1,3,6,12,13,15,25,30,31,34,35,43,50,51,52,53,56,60,62,63,70,73,74,75,79,83,
  84,87,88,89,95,96,97,98,99,100,105,109,112,118,121,122,123,127,130,133,136,
  139,142,145,154,156,157,164,165,166,167,169,171,174,175,181,187,188,189,190,
  192,194,203,206,209,210,211,214,218,219,221,223,225,228,232,234,235,237,238,
  242,247,249,250,252,253,255,260,262,265,268,270,271,272,274,275,279,282,284,
  286,287,288,292,294,296,297,298],
 [4,10,14,23,27,44,59,66,71,72,85,90,91,102,107,115,124,129,131,134,140,147,
  152,153,155,168,170,173,176,179,180,182,185,191,195,198,215,216,217,220,226,
  227,239,244,248,264,281,283,293,295,299,300]].
[[4,10,14,23,27,44,59,66,71,72,85,90,91,102,107,115,124,129,131,134,140,147,
  152,153,155,168,170,173,176,179,180,182,185,191,195,198,215,216,217,220,226,
  227,239,244,248,264,281,283,293,295,299,300],
 [2,5,11,18,19,20,24,29,32,33,36,37,40,46,48,54,55,57,58,64,68,76,80,82,92,93,
  104,106,110,111,114,119,125,128,132,135,138,143,149,150,151,158,161,163,172,
  183,184,196,197,200,202,208,213,222,224,230,243,246,251,254,256,258,263,269,
  278,280,285,291],
 [7,8,9,16,17,21,22,26,28,38,39,41,42,45,47,49,61,65,67,69,77,78,81,86,94,101,
  103,108,113,116,117,120,126,137,141,144,146,148,159,160,162,177,178,186,193,
  199,201,204,205,207,212,229,231,233,236,240,241,245,257,259,261,266,267,273,
  276,277,289,290]].
[[1,3,6,12,13,15,25,30,31,34,35,43,50,51,52,53,56,60,62,63,70,73,74,75,79,83,
  84,87,88,89,95,96,97,98,99,100,105,109,112,118,121,122,123,127,130,133,136,
  139,142,145,154,156,157,164,165,166,167,169,171,174,175,181,187,188,189,190,
  192,194,203,206,209,210,211,214,218,219,221,223,225,228,232,234,235,237,238,
  242,247,249,250,252,253,255,260,262,265,268,270,271,272,274,275,279,282,284,
  286,287,288,292,294,296,297,298],
 [7,8,9,16,17,21,22,26,28,38,39,41,42,45,47,49,61,65,67,69,77,78,81,86,94,101,
  103,108,113,116,117,120,126,137,141,144,146,148,159,160,162,177,178,186,193,
  199,201,204,205,207,212,229,231,233,236,240,241,245,257,259,261,266,267,273,
  276,277,289,290],
 [2,5,11,18,19,20,24,29,32,33,36,37,40,46,48,54,55,57,58,64,68,76,80,82,92,93,
  104,106,110,111,114,119,125,128,132,135,138,143,149,150,151,158,161,163,172,
  183,184,196,197,200,202,208,213,222,224,230,243,246,251,254,256,258,263,269,
  278,280,285,291]].
[[7,8,9,16,17,21,22,26,28,38,39,41,42,45,47,49,61,65,67,69,77,78,81,86,94,101,
  103,108,113,116,117,120,126,137,141,144,146,148,159,160,162,177,178,186,193,
  199,201,204,205,207,212,229,231,233,236,240,241,245,257,259,261,266,267,273,
  276,277,289,290],
 [1,3,6,12,13,15,25,30,31,34,35,43,50,51,52,53,56,60,62,63,70,73,74,75,79,83,
  84,87,88,89,95,96,97,98,99,100,105,109,112,118,121,122,123,127,130,133,136,
  139,142,145,154,156,157,164,165,166,167,169,171,174,175,181,187,188,189,190,
  192,194,203,206,209,210,211,214,218,219,221,223,225,228,232,234,235,237,238,
  242,247,249,250,252,253,255,260,262,265,268,270,271,272,274,275,279,282,284,
  286,287,288,292,294,296,297,298],
 [4,10,14,23,27,44,59,66,71,72,85,90,91,102,107,115,124,129,131,134,140,147,
  152,153,155,168,170,173,176,179,180,182,185,191,195,198,215,216,217,220,226,
  227,239,244,248,264,281,283,293,295,299,300]].
[[7,8,9,16,17,21,22,26,28,38,39,41,42,45,47,49,61,65,67,69,77,78,81,86,94,101,
  103,108,113,116,117,120,126,137,141,144,146,148,159,160,162,177,178,186,193,
  199,201,204,205,207,212,229,231,233,236,240,241,245,257,259,261,266,267,273,
  276,277,289,290],
 [1,3,6,12,13,15,25,30,31,34,35,43,50,51,52,53,56,60,62,63,70,73,74,75,79,83,
  84,87,88,89,95,96,97,98,99,100,105,109,112,118,121,122,123,127,130,133,136,
  139,142,145,154,156,157,164,165,166,167,169,171,174,175,181,187,188,189,190,
  192,194,203,206,209,210,211,214,218,219,221,223,225,228,232,234,235,237,238,
  242,247,249,250,252,253,255,260,262,265,268,270,271,272,274,275,279,282,284,
  286,287,288,292,294,296,297,298],
 [4,10,14,23,27,44,59,66,71,72,85,90,91,102,107,115,124,129,131,134,140,147,
  152,153,155,168,170,173,176,179,180,182,185,191,195,198,215,216,217,220,226,
  227,239,244,248,264,281,283,293,295,299,300]].
[[1,3,6,12,13,15,25,30,31,34,35,43,50,51,52,53,56,60,62,63,70,73,74,75,79,83,
  84,87,88,89,95,96,97,98,99,100,105,109,112,118,121,122,123,127,130,133,136,
  139,142,145,154,156,157,164,165,166,167,169,171,174,175,181,187,188,189,190,
  192,194,203,206,209,210,211,214,218,219,221,223,225,228,232,234,235,237,238,
  242,247,249,250,252,253,255,260,262,265,268,270,271,272,274,275,279,282,284,
  286,287,288,292,294,296,297,298],
 [7,8,9,16,17,21,22,26,28,38,39,41,42,45,47,49,61,65,67,69,77,78,81,86,94,101,
  103,108,113,116,117,120,126,137,141,144,146,148,159,160,162,177,178,186,193,
  199,201,204,205,207,212,229,231,233,236,240,241,245,257,259,261,266,267,273,
  276,277,289,290],
 [2,5,11,18,19,20,24,29,32,33,36,37,40,46,48,54,55,57,58,64,68,76,80,82,92,93,
  104,106,110,111,114,119,125,128,132,135,138,143,149,150,151,158,161,163,172,
  183,184,196,197,200,202,208,213,222,224,230,243,246,251,254,256,258,263,269,
  278,280,285,291]].
[[7,8,9,16,17,21,22,26,28,38,39,41,42,45,47,49,61,65,67,69,77,78,81,86,94,101,
  103,108,113,116,117,120,126,137,141,144,146,148,159,160,162,177,178,186,193,
  199,201,204,205,207,212,229,231,233,236,240,241,245,257,259,261,266,267,273,
  276,277,289,290],
 [1,3,6,12,13,15,25,30,31,34,35,43,50,51,52,53,56,60,62,63,70,73,74,75,79,83,
  84,87,88,89,95,96,97,98,99,100,105,109,112,118,121,122,123,127,130,133,136,
  139,142,145,154,156,157,164,165,166,167,169,171,174,175,181,187,188,189,190,
  192,194,203,206,209,210,211,214,218,219,221,223,225,228,232,234,235,237,238,
  242,247,249,250,252,253,255,260,262,265,268,270,271,272,274,275,279,282,284,
  286,287,288,292,294,296,297,298],
 [4,10,14,23,27,44,59,66,71,72,85,90,91,102,107,115,124,129,131,134,140,147,
