[[5,8,19,26,28,34,42,45,50,53,57,63,66,68,70,73,75,76,78,82,84,85,86,90,91,96,
  97,100,102,106,110,111,112,113,115,117,123,129,136,137,142,156,167,175,177,
  178,179,184,185,187,190,192,203,214,215,218,229,244,247,250,254,261,264,267,
  269,276,279,283,285,296],
 [10,11,13,15,23,29,30,35,40,49,51,52,54,56,60,61,64,65,74,79,88,101,108,109,
  116,122,125,126,131,132,135,140,143,145,146,155,158,159,161,163,168,169,170,
  171,173,176,181,183,186,191,196,197,198,199,207,208,211,220,223,224,226,231,
  233,234,235,236,237,240,249,251,252,259,266,270,271,274,275,280,281,291],
 [2,3,6,7,9,18,21,24,31,33,41,43,47,55,58,67,71,72,80,81,83,87,89,93,98,105,
  121,127,130,133,134,138,139,141,149,152,153,164,165,166,172,174,180,189,193,
  202,204,205,209,210,212,213,216,219,221,222,225,230,238,241,242,243,246,248,
  253,255,257,262,265,272,282,284,286,288,293,294,295,297,298,300]].
[[5,8,19,26,28,34,42,45,50,53,57,63,66,68,70,73,75,76,78,82,84,85,86,90,91,96,
  97,100,102,106,110,111,112,113,115,117,123,129,136,137,142,156,167,175,177,
  178,179,184,185,187,190,192,203,214,215,218,229,244,247,250,254,261,264,267,
  269,276,279,283,285,296],
 [10,11,13,15,23,29,30,35,40,49,51,52,54,56,60,61,64,65,74,79,88,101,108,109,
  116,122,125,126,131,132,135,140,143,145,146,155,158,159,161,163,168,169,170,
  171,173,176,181,183,186,191,196,197,198,199,207,208,211,220,223,224,226,231,
  233,234,235,236,237,240,249,251,252,259,266,270,271,274,275,280,281,291],
 [2,3,6,7,9,18,21,24,31,33,41,43,47,55,58,67,71,72,80,81,83,87,89,93,98,105,
  121,127,130,133,134,138,139,141,149,152,153,164,165,166,172,174,180,189,193,
  202,204,205,209,210,212,213,216,219,221,222,225,230,238,241,242,243,246,248,
  253,255,257,262,265,272,282,284,286,288,293,294,295,297,298,300]].
[[5,8,19,26,28,34,42,45,50,53,57,63,66,68,70,73,75,76,78,82,84,85,86,90,91,96,
  97,100,102,106,110,111,112,113,115,117,123,129,136,137,142,156,167,175,177,
  178,179,184,185,187,190,192,203,214,215,218,229,244,247,250,254,261,264,267,
  269,276,279,283,285,296],
 [10,11,13,15,23,29,30,35,40,49,51,52,54,56,60,61,64,65,74,79,88,101,108,109,
  116,122,125,126,131,132,135,140,143,145,146,155,158,159,161,163,168,169,170,
  171,173,176,181,183,186,191,196,197,198,199,207,208,211,220,223,224,226,231,
  233,234,235,236,237,240,249,251,252,259,266,270,271,274,275,280,281,291],
 [2,3,6,7,9,18,21,24,31,33,41,43,47,55,58,67,71,72,80,81,83,87,89,93,98,105,
  121,127,130,133,134,138,139,141,149,152,153,164,165,166,172,174,180,189,193,
  202,204,205,209,210,212,213,216,219,221,222,225,230,238,241,242,243,246,248,
  253,255,257,262,265,272,282,284,286,288,293,294,295,297,298,300]].
[[2,3,6,7,9,18,21,24,31,33,41,43,47,55,58,67,71,72,80,81,83,87,89,93,98,105,
  121,127,130,133,134,138,139,141,149,152,153,164,165,166,172,174,180,189,193,
  202,204,205,209,210,212,213,216,219,221,222,225,230,238,241,242,243,246,248,
  253,255,257,262,265,272,282,284,286,288,293,294,295,297,298,300],
 [1,4,12,14,16,17,20,22,25,27,32,36,37,38,39,44,46,48,59,62,69,77,92,94,95,99,
  103,104,107,114,118,119,120,124,128,144,147,148,150,151,154,157,160,162,182,
  188,194,195,200,201,206,217,227,228,232,239,245,256,258,260,263,268,273,277,
  278,287,289,290,292,299],
 [5,8,19,26,28,34,42,45,50,53,57,63,66,68,70,73,75,76,78,82,84,85,86,90,91,96,
  97,100,102,106,110,111,112,113,115,117,123,129,136,137,142,156,167,175,177,
  178,179,184,185,187,190,192,203,214,215,218,229,244,247,250,254,261,264,267,
  269,276,279,283,285,296]].
[[5,8,19,26,28,34,42,45,50,53,57,63,66,68,70,73,75,76,78,82,84,85,86,90,91,96,
  97,100,102,106,110,111,112,113,115,117,123,129,136,137,142,156,167,175,177,
  178,179,184,185,187,190,192,203,214,215,218,229,244,247,250,254,261,264,267,
  269,276,279,283,285,296],
 [10,11,13,15,23,29,30,35,40,49,51,52,54,56,60,61,64,65,74,79,88,101,108,109,
  116,122,125,126,131,132,135,140,143,145,146,155,158,159,161,163,168,169,170,
  171,173,176,181,183,186,191,196,197,198,199,207,208,211,220,223,224,226,231,
  233,234,235,236,237,240,249,251,252,259,266,270,271,274,275,280,281,291],
 [2,3,6,7,9,18,21,24,31,33,41,43,47,55,58,67,71,72,80,81,83,87,89,93,98,105,
  121,127,130,133,134,138,139,141,149,152,153,164,165,166,172,174,180,189,193,
  202,204,205,209,210,212,213,216,219,221,222,225,230,238,241,242,243,246,248,
  253,255,257,262,265,272,282,284,286,288,293,294,295,297,298,300]].
[[5,8,19,26,28,34,42,45,50,53,57,63,66,68,70,73,75,76,78,82,84,85,86,90,91,96,
  97,100,102,106,110,111,112,113,115,117,123,129,136,137,142,156,167,175,177,
  178,179,184,185,187,190,192,203,214,215,218,229,244,247,250,254,261,264,267,
  269,276,279,283,285,296],
 [10,11,13,15,23,29,30,35,40,49,51,52,54,56,60,61,64,65,74,79,88,101,108,109,
  116,122,125,126,131,132,135,140,143,145,146,155,158,159,161,163,168,169,170,
  171,173,176,181,183,186,191,196,197,198,199,207,208,211,220,223,224,226,231,
  233,234,235,236,237,240,249,251,252,259,266,270,271,274,275,280,281,291],
 [2,3,6,7,9,18,21,24,31,33,41,43,47,55,58,67,71,72,80,81,83,87,89,93,98,105,
  121,127,130,133,134,138,139,141,149,152,153,164,165,166,172,174,180,189,193,
  202,204,205,209,210,212,213,216,219,221,222,225,230,238,241,242,243,246,248,
  253,255,257,262,265,272,282,284,286,288,293,294,295,297,298,300]].
[[2,3,6,7,9,18,21,24,31,33,41,43,47,55,58,67,71,72,80,81,83,87,89,93,98,105,
  121,127,130,133,134,138,139,141,149,152,153,164,165,166,172,174,180,189,193,
  202,204,205,209,210,212,213,216,219,221,222,225,230,238,241,242,243,246,248,
  253,255,257,262,265,272,282,284,286,288,293,294,295,297,298,300],
 [1,4,12,14,16,17,20,22,25,27,32,36,37,38,39,44,46,48,59,62,69,77,92,94,95,99,
  103,104,107,114,118,119,120,124,128,144,147,148,150,151,154,157,160,162,182,
  188,194,195,200,201,206,217,227,228,232,239,245,256,258,260,263,268,273,277,
  278,287,289,290,292,299],
 [5,8,19,26,28,34,42,45,50,53,57,63,66,68,70,73,75,76,78,82,84,85,86,90,91,96,
  97,100,102,106,110,111,112,113,115,117,123,129,136,137,142,156,167,175,177,
  178,179,184,185,187,190,192,203,214,215,218,229,244,247,250,254,261,264,267,
  269,276,279,283,285,296]].
[[5,8,19,26,28,34,42,45,50,53,57,63,66,68,70,73,75,76,78,82,84,85,86,90,91,96,
  97,100,102,106,110,111,112,113,115,117,123,129,136,137,142,156,167,175,177,
  178,179,184,185,187,190,192,203,214,215,218,229,244,247,250,254,261,264,267,
  269,276,279,283,285,296],
 [10,11,13,15,23,29,30,35,40,49,51,52,54,56,60,61,64,65,74,79,88,101,108,109,
  116,122,125,126,131,132,135,140,143,145,146,155,158,159,161,163,168,169,170,
  171,173,176,181,183,186,191,196,197,198,199,207,208,211,220,223,224,226,231,
  233,234,235,236,237,240,249,251,252,259,266,270,271,274,275,280,281,291],
 [2,3,6,7,9,18,21,24,31,33,41,43,47,55,58,67,71,72,80,81,83,87,89,93,98,105,
  121,127,130,133,134,138,139,141,149,152,153,164,165,166,172,174,180,189,193,
  202,204,205,209,210,212,213,216,219,221,222,225,230,238,241,242,243,246,248,
  253,255,257,262,265,272,282,284,286,288,293,294,295,297,298,300]].
[[5,8,19,26,28,34,42,45,50,53,57,63,66,68,70,73,75,76,78,82,84,85,86,90,91,96,
  97,100,102,106,110,111,112,113,115,117,123,129,136,137,142,156,167,175,177,
  178,179,184,185,187,190,192,203,214,215,218,229,244,247,250,254,261,264,267,
  269,276,279,283,285,296],
 [10,11,13,15,23,29,30,35,40,49,51,52,54,56,60,61,64,65,74,79,88,101,108,109,
  116,122,125,126,131,132,135,140,143,145,146,155,158,159,161,163,168,169,170,
  171,173,176,181,183,186,191,196,197,198,199,207,208,211,220,223,224,226,231,
  233,234,235,236,237,240,249,251,252,259,266,270,271,274,275,280,281,291],
 [2,3,6,7,9,18,21,24,31,33,41,43,47,55,58,67,71,72,80,81,83,87,89,93,98,105,
  121,127,130,133,134,138,139,141,149,152,153,164,165,166,172,174,180,189,193,
  202,204,205,209,210,212,213,216,219,221,222,225,230,238,241,242,243,246,248,
  253,255,257,262,265,272,282,284,286,288,293,294,295,297,298,300]].
[[5,8,19,26,28,34,42,45,50,53,57,63,66,68,70,73,75,76,78,82,84,85,86,90,91,96,
  97,100,102,106,110,111,112,113,115,117,123,129,136,137,142,156,167,175,177,
  178,179,184,185,187,190,192,203,214,215,218,229,244,247,250,254,261,264,267,
  269,276,279,283,285,296],
 [10,11,13,15,23,29,30,35,40,49,51,52,54,56,60,61,64,65,74,79,88,101,108,109,
  116,122,125,126,131,132,135,140,143,145,146,155,158,159,161,163,168,169,170,
  171,173,176,181,183,186,191,196,197,198,199,207,208,211,220,223,224,226,231,
  233,234,235,236,237,240,249,251,252,259,266,270,271,274,275,280,281,291],
 [2,3,6,7,9,18,21,24,31,33,41,43,47,55,58,67,71,72,80,81,83,87,89,93,98,105,
  121,127,130,133,134,138,139,141,149,152,153,164,165,166,172,174,180,189,193,
  202,204,205,209,210,212,213,216,219,221,222,225,230,238,241,242,243,246,248,
  253,255,257,262,265,272,282,284,286,288,293,294,295,297,298,300]].
[[5,8,19,26,28,34,42,45,50,53,57,63,66,68,70,73,75,76,78,82,84,85,86,90,91,96,
  97,100,102,106,110,111,112,113,115,117,123,129,136,137,142,156,167,175,177,
  178,179,184,185,187,190,192,203,214,215,218,229,244,247,250,254,261,264,267,
  269,276,279,283,285,296],
 [10,11,13,15,23,29,30,35,40,49,51,52,54,56,60,61,64,65,74,79,88,101,108,109,
  116,122,125,126,131,132,135,140,143,145,146,155,158,159,161,163,168,169,170,
  171,173,176,181,183,186,191,196,197,198,199,207,208,211,220,223,224,226,231,
  233,234,235,236,237,240,249,251,252,259,266,270,271,274,275,280,281,291],
 [2,3,6,7,9,18,21,24,31,33,41,43,47,55,58,67,71,72,80,81,83,87,89,93,98,105,
  121,127,130,133,134,138,139,141,149,152,153,164,165,166,172,174,180,189,193,
  202,204,205,209,210,212,213,216,219,221,222,225,230,238,241,242,243,246,248,
  253,255,257,262,265,272,282,284,286,288,293,294,295,297,298,300]].
[[2,3,6,7,9,18,21,24,31,33,41,43,47,55,58,67,71,72,80,81,83,87,89,93,98,105,
  121,127,130,133,134,138,139,141,149,152,153,164,165,166,172,174,180,189,193,
  202,204,205,209,210,212,213,216,219,221,222,225,230,238,241,242,243,246,248,
  253,255,257,262,265,272,282,284,286,288,293,294,295,297,298,300],
 [1,4,12,14,16,17,20,22,25,27,32,36,37,38,39,44,46,48,59,62,69,77,92,94,95,99,
  103,104,107,114,118,119,120,124,128,144,147,148,150,151,154,157,160,162,182,
  188,194,195,200,201,206,217,227,228,232,239,245,256,258,260,263,268,273,277,
  278,287,289,290,292,299],
 [5,8,19,26,28,34,42,45,50,53,57,63,66,68,70,73,75,76,78,82,84,85,86,90,91,96,
  97,100,102,106,110,111,112,113,115,117,123,129,136,137,142,156,167,175,177,
  178,179,184,185,187,190,192,203,214,215,218,229,244,247,250,254,261,264,267,
  269,276,279,283,285,296]].
[[5,8,19,26,28,34,42,45,50,53,57,63,66,68,70,73,75,76,78,82,84,85,86,90,91,96,
  97,100,102,106,110,111,112,113,115,117,123,129,136,137,142,156,167,175,177,
  178,179,184,185,187,190,192,203,214,215,218,229,244,247,250,254,261,264,267,
  269,276,279,283,285,296],
 [10,11,13,15,23,29,30,35,40,49,51,52,54,56,60,61,64,65,74,79,88,101,108,109,
  116,122,125,126,131,132,135,140,143,145,146,155,158,159,161,163,168,169,170,
  171,173,176,181,183,186,191,196,197,198,199,207,208,211,220,223,224,226,231,
  233,234,235,236,237,240,249,251,252,259,266,270,271,274,275,280,281,291],
 [2,3,6,7,9,18,21,24,31,33,41,43,47,55,58,67,71,72,80,81,83,87,89,93,98,105,
  121,127,130,133,134,138,139,141,149,152,153,164,165,166,172,174,180,189,193,
  202,204,205,209,210,212,213,216,219,221,222,225,230,238,241,242,243,246,248,
  253,255,257,262,265,272,282,284,286,288,293,294,295,297,298,300]].
[[10,11,13,15,23,29,30,35,40,49,51,52,54,56,60,61,64,65,74,79,88,101,108,109,
  116,122,125,126,131,132,135,140,143,145,146,155,158,159,161,163,168,169,170,
  171,173,176,181,183,186,191,196,197,198,199,207,208,211,220,223,224,226,231,
  233,234,235,236,237,240,249,251,252,259,266,270,271,274,275,280,281,291],
 [5,8,19,26,28,34,42,45,50,53,57,63,66,68,70,73,75,76,78,82,84,85,86,90,91,96,
  97,100,102,106,110,111,112,113,115,117,123,129,136,137,142,156,167,175,177,
  178,179,184,185,187,190,192,203,214,215,218,229,244,247,250,254,261,264,267,
  269,276,279,283,285,296],
 [1,4,12,14,16,17,20,22,25,27,32,36,37,38,39,44,46,48,59,62,69,77,92,94,95,99,
  103,104,107,114,118,119,120,124,128,144,147,148,150,151,154,157,160,162,182,
  188,194,195,200,201,206,217,227,228,232,239,245,256,258,260,263,268,273,277,
  278,287,289,290,292,299]].
[[2,3,6,7,9,18,21,24,31,33,41,43,47,55,58,67,71,72,80,81,83,87,89,93,98,105,
  121,127,130,133,134,138,139,141,149,152,153,164,165,166,172,174,180,189,193,
  202,204,205,209,210,212,213,216,219,221,222,225,230,238,241,242,243,246,248,
  253,255,257,262,265,272,282,284,286,288,293,294,295,297,298,300],
 [1,4,12,14,16,17,20,22,25,27,32,36,37,38,39,44,46,48,59,62,69,77,92,94,95,99,
  103,104,107,114,118,119,120,124,128,144,147,148,150,151,154,157,160,162,182,
  188,194,195,200,201,206,217,227,228,232,239,245,256,258,260,263,268,273,277,
  278,287,289,290,292,299],
 [5,8,19,26,28,34,42,45,50,53,57,63,66,68,70,73,75,76,78,82,84,85,86,90,91,96,
  97,100,102,106,110,111,112,113,115,117,123,129,136,137,142,156,167,175,177,
  178,179,184,185,187,190,192,203,214,215,218,229,244,247,250,254,261,264,267,
  269,276,279,283,285,296]].
[[5,8,19,26,28,34,42,45,50,53,57,63,66,68,70,73,75,76,78,82,84,85,86,90,91,96,
  97,100,102,106,110,111,112,113,115,117,123,129,136,137,142,156,167,175,177,
  178,179,184,185,187,190,192,203,214,215,218,229,244,247,250,254,261,264,267,
  269,276,279,283,285,296],
 [10,11,13,15,23,29,30,35,40,49,51,52,54,56,60,61,64,65,74,79,88,101,108,109,
  116,122,125,126,131,132,135,140,143,145,146,155,158,159,161,163,168,169,170,
  171,173,176,181,183,186,191,196,197,198,199,207,208,211,220,223,224,226,231,
  233,234,235,236,237,240,249,251,252,259,266,270,271,274,275,280,281,291],
 [2,3,6,7,9,18,21,24,31,33,41,43,47,55,58,67,71,72,80,81,83,87,89,93,98,105,
  121,127,130,133,134,138,139,141,149,152,153,164,165,166,172,174,180,189,193,
  202,204,205,209,210,212,213,216,219,221,222,225,230,238,241,242,243,246,248,
  253,255,257,262,265,272,282,284,286,288,293,294,295,297,298,300]].
[[5,8,19,26,28,34,42,45,50,53,57,63,66,68,70,73,75,76,78,82,84,85,86,90,91,96,
  97,100,102,106,110,111,112,113,115,117,123,129,136,137,142,156,167,175,177,
  178,179,184,185,187,190,192,203,214,215,218,229,244,247,250,254,261,264,267,
  269,276,279,283,285,296],
 [10,11,13,15,23,29,30,35,40,49,51,52,54,56,60,61,64,65,74,79,88,101,108,109,
  116,122,125,126,131,132,135,140,143,145,146,155,158,159,161,163,168,169,170,
  171,173,176,181,183,186,191,196,197,198,199,207,208,211,220,223,224,226,231,
  233,234,235,236,237,240,249,251,252,259,266,270,271,274,275,280,281,291],
 [2,3,6,7,9,18,21,24,31,33,41,43,47,55,58,67,71,72,80,81,83,87,89,93,98,105,
  121,127,130,133,134,138,139,141,149,152,153,164,165,166,172,174,180,189,193,
  202,204,205,209,210,212,213,216,219,221,222,225,230,238,241,242,243,246,248,
  253,255,257,262,265,272,282,284,286,288,293,294,295,297,298,300]].
[[5,8,19,26,28,34,42,45,50,53,57,63,66,68,70,73,75,76,78,82,84,85,86,90,91,96,
  97,100,102,106,110,111,112,113,115,117,123,129,136,137,142,156,167,175,177,
  178,179,184,185,187,190,192,203,214,215,218,229,244,247,250,254,261,264,267,
  269,276,279,283,285,296],
 [10,11,13,15,23,29,30,35,40,49,51,52,54,56,60,61,64,65,74,79,88,101,108,109,
  116,122,125,126,131,132,135,140,143,145,146,155,158,159,161,163,168,169,170,
  171,173,176,181,183,186,191,196,197,198,199,207,208,211,220,223,224,226,231,
  233,234,235,236,237,240,249,251,252,259,266,270,271,274,275,280,281,291],
 [2,3,6,7,9,18,21,24,31,33,41,43,47,55,58,67,71,72,80,81,83,87,89,93,98,105,
  121,127,130,133,134,138,139,141,149,152,153,164,165,166,172,174,180,189,193,
  202,204,205,209,210,212,213,216,219,221,222,225,230,238,241,242,243,246,248,
  253,255,257,262,265,272,282,284,286,288,293,294,295,297,298,300]].
[[5,8,19,26,28,34,42,45,50,53,57,63,66,68,70,73,75,76,78,82,84,85,86,90,91,96,
  97,100,102,106,110,111,112,113,115,117,123,129,136,137,142,156,167,175,177,
  178,179,184,185,187,190,192,203,214,215,218,229,244,247,250,254,261,264,267,
  269,276,279,283,285,296],
 [10,11,13,15,23,29,30,35,40,49,51,52,54,56,60,61,64,65,74,79,88,101,108,109,
  116,122,125,126,131,132,135,140,143,145,146,155,158,159,161,163,168,169,170,
  171,173,176,181,183,186,191,196,197,198,199,207,208,211,220,223,224,226,231,
  233,234,235,236,237,240,249,251,252,259,266,270,271,274,275,280,281,291],
 [2,3,6,7,9,18,21,24,31,33,41,43,47,55,58,67,71,72,80,81,83,87,89,93,98,105,
  121,127,130,133,134,138,139,141,149,152,153,164,165,166,172,174,180,189,193,
  202,204,205,209,210,212,213,216,219,221,222,225,230,238,241,242,243,246,248,
  253,255,257,262,265,272,282,284,286,288,293,294,295,297,298,300]].
[[5,8,19,26,28,34,42,45,50,53,57,63,66,68,70,73,75,76,78,82,84,85,86,90,91,96,
  97,100,102,106,110,111,112,113,115,117,123,129,136,137,142,156,167,175,177,
  178,179,184,185,187,190,192,203,214,215,218,229,244,247,250,254,261,264,267,
  269,276,279,283,285,296],
 [10,11,13,15,23,29,30,35,40,49,51,52,54,56,60,61,64,65,74,79,88,101,108,109,
  116,122,125,126,131,132,135,140,143,145,146,155,158,159,161,163,168,169,170,
  171,173,176,181,183,186,191,196,197,198,199,207,208,211,220,223,224,226,231,
  233,234,235,236,237,240,249,251,252,259,266,270,271,274,275,280,281,291],
 [2,3,6,7,9,18,21,24,31,33,41,43,47,55,58,67,71,72,80,81,83,87,89,93,98,105,
  121,127,130,133,134,138,139,141,149,152,153,164,165,166,172,174,180,189,193,
  202,204,205,209,210,212,213,216,219,221,222,225,230,238,241,242,243,246,248,
  253,255,257,262,265,272,282,284,286,288,293,294,295,297,298,300]].
[[5,8,19,26,28,34,42,45,50,53,57,63,66,68,70,73,75,76,78,82,84,85,86,90,91,96,
  97,100,102,106,110,111,112,113,115,117,123,129,136,137,142,156,167,175,177,
  178,179,184,185,187,190,192,203,214,215,218,229,244,247,250,254,261,264,267,
  269,276,279,283,285,296],
 [10,11,13,15,23,29,30,35,40,49,51,52,54,56,60,61,64,65,74,79,88,101,108,109,
  116,122,125,126,131,132,135,140,143,145,146,155,158,159,161,163,168,169,170,
  171,173,176,181,183,186,191,196,197,198,199,207,208,211,220,223,224,226,231,
  233,234,235,236,237,240,249,251,252,259,266,270,271,274,275,280,281,291],
 [2,3,6,7,9,18,21,24,31,33,41,43,47,55,58,67,71,72,80,81,83,87,89,93,98,105,
  121,127,130,133,134,138,139,141,149,152,153,164,165,166,172,174,180,189,193,
  202,204,205,209,210,212,213,216,219,221,222,225,230,238,241,242,243,246,248,
  253,255,257,262,265,272,282,284,286,288,293,294,295,297,298,300]].
[[5,8,19,26,28,34,42,45,50,53,57,63,66,68,70,73,75,76,78,82,84,85,86,90,91,96,
  97,100,102,106,110,111,112,113,115,117,123,129,136,137,142,156,167,175,177,
  178,179,184,185,187,190,192,203,214,215,218,229,244,247,250,254,261,264,267,
  269,276,279,283,285,296],
 [10,11,13,15,23,29,30,35,40,49,51,52,54,56,60,61,64,65,74,79,88,101,108,109,
  116,122,125,126,131,132,135,140,143,145,146,155,158,159,161,163,168,169,170,
  171,173,176,181,183,186,191,196,197,198,199,207,208,211,220,223,224,226,231,
  233,234,235,236,237,240,249,251,252,259,266,270,271,274,275,280,281,291],
 [2,3,6,7,9,18,21,24,31,33,41,43,47,55,58,67,71,72,80,81,83,87,89,93,98,105,
  121,127,130,133,134,138,139,141,149,152,153,164,165,166,172,174,180,189,193,
  202,204,205,209,210,212,213,216,219,221,222,225,230,238,241,242,243,246,248,
  253,255,257,262,265,272,282,284,286,288,293,294,295,297,298,300]].
[[10,11,13,15,23,29,30,35,40,49,51,52,54,56,60,61,64,65,74,79,88,101,108,109,
  116,122,125,126,131,132,135,140,143,145,146,155,158,159,161,163,168,169,170,
  171,173,176,181,183,186,191,196,197,198,199,207,208,211,220,223,224,226,231,
  233,234,235,236,237,240,249,251,252,259,266,270,271,274,275,280,281,291],
 [5,8,19,26,28,34,42,45,50,53,57,63,66,68,70,73,75,76,78,82,84,85,86,90,91,96,
  97,100,102,106,110,111,112,113,115,117,123,129,136,137,142,156,167,175,177,
  178,179,184,185,187,190,192,203,214,215,218,229,244,247,250,254,261,264,267,
  269,276,279,283,285,296],
 [1,4,12,14,16,17,20,22,25,27,32,36,37,38,39,44,46,48,59,62,69,77,92,94,95,99,
  103,104,107,114,118,119,120,124,128,144,147,148,150,151,154,157,160,162,182,
  188,194,195,200,201,206,217,227,228,232,239,245,256,258,260,263,268,273,277,
  278,287,289,290,292,299]].
[[5,8,19,26,28,34,42,45,50,53,57,63,66,68,70,73,75,76,78,82,84,85,86,90,91,96,
  97,100,102,106,110,111,112,113,115,117,123,129,136,137,142,156,167,175,177,
  178,179,184,185,187,190,192,203,214,215,218,229,244,247,250,254,261,264,267,
  269,276,279,283,285,296],
 [10,11,13,15,23,29,30,35,40,49,51,52,54,56,60,61,64,65,74,79,88,101,108,109,
  116,122,125,126,131,132,135,140,143,145,146,155,158,159,161,163,168,169,170,
  171,173,176,181,183,186,191,196,197,198,199,207,208,211,220,223,224,226,231,
  233,234,235,236,237,240,249,251,252,259,266,270,271,274,275,280,281,291],
 [2,3,6,7,9,18,21,24,31,33,41,43,47,55,58,67,71,72,80,81,83,87,89,93,98,105,
  121,127,130,133,134,138,139,141,149,152,153,164,165,166,172,174,180,189,193,
  202,204,205,209,210,212,213,216,219,221,222,225,230,238,241,242,243,246,248,
  253,255,257,262,265,272,282,284,286,288,293,294,295,297,298,300]].
[[5,8,19,26,28,34,42,45,50,53,57,63,66,68,70,73,75,76,78,82,84,85,86,90,91,96,
  97,100,102,106,110,111,112,113,115,117,123,129,136,137,142,156,167,175,177,
  178,179,184,185,187,190,192,203,214,215,218,229,244,247,250,254,261,264,267,
  269,276,279,283,285,296],
 [10,11,13,15,23,29,30,35,40,49,51,52,54,56,60,61,64,65,74,79,88,101,108,109,
  116,122,125,126,131,132,135,140,143,145,146,155,158,159,161,163,168,169,170,
  171,173,176,181,183,186,191,196,197,198,199,207,208,211,220,223,224,226,231,
  233,234,235,236,237,240,249,251,252,259,266,270,271,274,275,280,281,291],
 [2,3,6,7,9,18,21,24,31,33,41,43,47,55,58,67,71,72,80,81,83,87,89,93,98,105,
  121,127,130,133,134,138,139,141,149,152,153,164,165,166,172,174,180,189,193,
  202,204,205,209,210,212,213,216,219,221,222,225,230,238,241,242,243,246,248,
  253,255,257,262,265,272,282,284,286,288,293,294,295,297,298,300]].
[[10,11,13,15,23,29,30,35,40,49,51,52,54,56,60,61,64,65,74,79,88,101,108,109,
  116,122,125,126,131,132,135,140,143,145,146,155,158,159,161,163,168,169,170,
  171,173,176,181,183,186,191,196,197,198,199,207,208,211,220,223,224,226,231,
  233,234,235,236,237,240,249,251,252,259,266,270,271,274,275,280,281,291],
 [5,8,19,26,28,34,42,45,50,53,57,63,66,68,70,73,75,76,78,82,84,85,86,90,91,96,
  97,100,102,106,110,111,112,113,115,117,123,129,136,137,142,156,167,175,177,
  178,179,184,185,187,190,192,203,214,215,218,229,244,247,250,254,261,264,267,
  269,276,279,283,285,296],
 [1,4,12,14,16,17,20,22,25,27,32,36,37,38,39,44,46,48,59,62,69,77,92,94,95,99,
  103,104,107,114,118,119,120,124,128,144,147,148,150,151,154,157,160,162,182,
  188,194,195,200,201,206,217,227,228,232,239,245,256,258,260,263,268,273,277,
  278,287,289,290,292,299]].
[[5,8,19,26,28,34,42,45,50,53,57,63,66,68,70,73,75,76,78,82,84,85,86,90,91,96,
  97,100,102,106,110,111,112,113,115,117,123,129,136,137,142,156,167,175,177,
  178,179,184,185,187,190,192,203,214,215,218,229,244,247,250,254,261,264,267,
  269,276,279,283,285,296],
 [10,11,13,15,23,29,30,35,40,49,51,52,54,56,60,61,64,65,74,79,88,101,108,109,
  116,122,125,126,131,132,135,140,143,145,146,155,158,159,161,163,168,169,170,
  171,173,176,181,183,186,191,196,197,198,199,207,208,211,220,223,224,226,231,
  233,234,235,236,237,240,249,251,252,259,266,270,271,274,275,280,281,291],
 [2,3,6,7,9,18,21,24,31,33,41,43,47,55,58,67,71,72,80,81,83,87,89,93,98,105,
  121,127,130,133,134,138,139,141,149,152,153,164,165,166,172,174,180,189,193,
  202,204,205,209,210,212,213,216,219,221,222,225,230,238,241,242,243,246,248,
  253,255,257,262,265,272,282,284,286,288,293,294,295,297,298,300]].
[[5,8,19,26,28,34,42,45,50,53,57,63,66,68,70,73,75,76,78,82,84,85,86,90,91,96,
  97,100,102,106,110,111,112,113,115,117,123,129,136,137,142,156,167,175,177,
  178,179,184,185,187,190,192,203,214,215,218,229,244,247,250,254,261,264,267,
  269,276,279,283,285,296],
 [10,11,13,15,23,29,30,35,40,49,51,52,54,56,60,61,64,65,74,79,88,101,108,109,
  116,122,125,126,131,132,135,140,143,145,146,155,158,159,161,163,168,169,170,
  171,173,176,181,183,186,191,196,197,198,199,207,208,211,220,223,224,226,231,
  233,234,235,236,237,240,249,251,252,259,266,270,271,274,275,280,281,291],
 [2,3,6,7,9,18,21,24,31,33,41,43,47,55,58,67,71,72,80,81,83,87,89,93,98,105,
  121,127,130,133,134,138,139,141,149,152,153,164,165,166,172,174,180,189,193,
  202,204,205,209,210,212,213,216,219,221,222,225,230,238,241,242,243,246,248,
  253,255,257,262,265,272,282,284,286,288,293,294,295,297,298,300]].
[[5,8,19,26,28,34,42,45,50,53,57,63,66,68,70,73,75,76,78,82,84,85,86,90,91,96,
  97,100,102,106,110,111,112,113,115,117,123,129,136,137,142,156,167,175,177,
  178,179,184,185,187,190,192,203,214,215,218,229,244,247,250,254,261,264,267,
  269,276,279,283,285,296],
 [10,11,13,15,23,29,30,35,40,49,51,52,54,56,60,61,64,65,74,79,88,101,108,109,
  116,122,125,126,131,132,135,140,143,145,146,155,158,159,161,163,168,169,170,
  171,173,176,181,183,186,191,196,197,198,199,207,208,211,220,223,224,226,231,
  233,234,235,236,237,240,249,251,252,259,266,270,271,274,275,280,281,291],
 [2,3,6,7,9,18,21,24,31,33,41,43,47,55,58,67,71,72,80,81,83,87,89,93,98,105,
  121,127,130,133,134,138,139,141,149,152,153,164,165,166,172,174,180,189,193,
  202,204,205,209,210,212,213,216,219,221,222,225,230,238,241,242,243,246,248,
  253,255,257,262,265,272,282,284,286,288,293,294,295,297,298,300]].
[[5,8,19,26,28,34,42,45,50,53,57,63,66,68,70,73,75,76,78,82,84,85,86,90,91,96,
  97,100,102,106,110,111,112,113,115,117,123,129,136,137,142,156,167,175,177,
  178,179,184,185,187,190,192,203,214,215,218,229,244,247,250,254,261,264,267,
  269,276,279,283,285,296],
 [10,11,13,15,23,29,30,35,40,49,51,52,54,56,60,61,64,65,74,79,88,101,108,109,
  116,122,125,126,131,132,135,140,143,145,146,155,158,159,161,163,168,169,170,
  171,173,176,181,183,186,191,196,197,198,199,207,208,211,220,223,224,226,231,
  233,234,235,236,237,240,249,251,252,259,266,270,271,274,275,280,281,291],
 [2,3,6,7,9,18,21,24,31,33,41,43,47,55,58,67,71,72,80,81,83,87,89,93,98,105,
  121,127,130,133,134,138,139,141,149,152,153,164,165,166,172,174,180,189,193,
  202,204,205,209,210,212,213,216,219,221,222,225,230,238,241,242,243,246,248,
  253,255,257,262,265,272,282,284,286,288,293,294,295,297,298,300]].
[[5,8,19,26,28,34,42,45,50,53,57,63,66,68,70,73,75,76,78,82,84,85,86,90,91,96,
  97,100,102,106,110,111,112,113,115,117,123,129,136,137,142,156,167,175,177,
  178,179,184,185,187,190,192,203,214,215,218,229,244,247,250,254,261,264,267,
  269,276,279,283,285,296],
 [10,11,13,15,23,29,30,35,40,49,51,52,54,56,60,61,64,65,74,79,88,101,108,109,
  116,122,125,126,131,132,135,140,143,145,146,155,158,159,161,163,168,169,170,
  171,173,176,181,183,186,191,196,197,198,199,207,208,211,220,223,224,226,231,
  233,234,235,236,237,240,249,251,252,259,266,270,271,274,275,280,281,291],
 [2,3,6,7,9,18,21,24,31,33,41,43,47,55,58,67,71,72,80,81,83,87,89,93,98,105,
  121,127,130,133,134,138,139,141,149,152,153,164,165,166,172,174,180,189,193,
  202,204,205,209,210,212,213,216,219,221,222,225,230,238,241,242,243,246,248,
  253,255,257,262,265,272,282,284,286,288,293,294,295,297,298,300]].
[[5,8,19,26,28,34,42,45,50,53,57,63,66,68,70,73,75,76,78,82,84,85,86,90,91,96,
  97,100,102,106,110,111,112,113,115,117,123,129,136,137,142,156,167,175,177,
  178,179,184,185,187,190,192,203,214,215,218,229,244,247,250,254,261,264,267,
  269,276,279,283,285,296],
 [10,11,13,15,23,29,30,35,40,49,51,52,54,56,60,61,64,65,74,79,88,101,108,109,
  116,122,125,126,131,132,135,140,143,145,146,155,158,159,161,163,168,169,170,
  171,173,176,181,183,186,191,196,197,198,199,207,208,211,220,223,224,226,231,
  233,234,235,236,237,240,249,251,252,259,266,270,271,274,275,280,281,291],
 [2,3,6,7,9,18,21,24,31,33,41,43,47,55,58,67,71,72,80,81,83,87,89,93,98,105,
  121,127,130,133,134,138,139,141,149,152,153,164,165,166,172,174,180,189,193,
  202,204,205,209,210,212,213,216,219,221,222,225,230,238,241,242,243,246,248,
  253,255,257,262,265,272,282,284,286,288,293,294,295,297,298,300]].
[[5,8,19,26,28,34,42,45,50,53,57,63,66,68,70,73,75,76,78,82,84,85,86,90,91,96,
  97,100,102,106,110,111,112,113,115,117,123,129,136,137,142,156,167,175,177,
  178,179,184,185,187,190,192,203,214,215,218,229,244,247,250,254,261,264,267,
  269,276,279,283,285,296],
 [10,11,13,15,23,29,30,35,40,49,51,52,54,56,60,61,64,65,74,79,88,101,108,109,
  116,122,125,126,131,132,135,140,143,145,146,155,158,159,161,163,168,169,170,
  171,173,176,181,183,186,191,196,197,198,199,207,208,211,220,223,224,226,231,
  233,234,235,236,237,240,249,251,252,259,266,270,271,274,275,280,281,291],
 [2,3,6,7,9,18,21,24,31,33,41,43,47,55,58,67,71,72,80,81,83,87,89,93,98,105,
  121,127,130,133,134,138,139,141,149,152,153,164,165,166,172,174,180,189,193,
  202,204,205,209,210,212,213,216,219,221,222,225,230,238,241,242,243,246,248,
  253,255,257,262,265,272,282,284,286,288,293,294,295,297,298,300]].
[[5,8,19,26,28,34,42,45,50,53,57,63,66,68,70,73,75,76,78,82,84,85,86,90,91,96,
  97,100,102,106,110,111,112,113,115,117,123,129,136,137,142,156,167,175,177,
  178,179,184,185,187,190,192,203,214,215,218,229,244,247,250,254,261,264,267,
  269,276,279,283,285,296],
 [10,11,13,15,23,29,30,35,40,49,51,52,54,56,60,61,64,65,74,79,88,101,108,109,
  116,122,125,126,131,132,135,140,143,145,146,155,158,159,161,163,168,169,170,
  171,173,176,181,183,186,191,196,197,198,199,207,208,211,220,223,224,226,231,
  233,234,235,236,237,240,249,251,252,259,266,270,271,274,275,280,281,291],
 [2,3,6,7,9,18,21,24,31,33,41,43,47,55,58,67,71,72,80,81,83,87,89,93,98,105,
  121,127,130,133,134,138,139,141,149,152,153,164,165,166,172,174,180,189,193,
  202,204,205,209,210,212,213,216,219,221,222,225,230,238,241,242,243,246,248,
  253,255,257,262,265,272,282,284,286,288,293,294,295,297,298,300]].
[[10,11,13,15,23,29,30,35,40,49,51,52,54,56,60,61,64,65,74,79,88,101,108,109,
  116,122,125,126,131,132,135,140,143,145,146,155,158,159,161,163,168,169,170,
  171,173,176,181,183,186,191,196,197,198,199,207,208,211,220,223,224,226,231,
  233,234,235,236,237,240,249,251,252,259,266,270,271,274,275,280,281,291],
 [5,8,19,26,28,34,42,45,50,53,57,63,66,68,70,73,75,76,78,82,84,85,86,90,91,96,
  97,100,102,106,110,111,112,113,115,117,123,129,136,137,142,156,167,175,177,
  178,179,184,185,187,190,192,203,214,215,218,229,244,247,250,254,261,264,267,
  269,276,279,283,285,296],
 [1,4,12,14,16,17,20,22,25,27,32,36,37,38,39,44,46,48,59,62,69,77,92,94,95,99,
  103,104,107,114,118,119,120,124,128,144,147,148,150,151,154,157,160,162,182,
  188,194,195,200,201,206,217,227,228,232,239,245,256,258,260,263,268,273,277,
  278,287,289,290,292,299]].
[[5,8,19,26,28,34,42,45,50,53,57,63,66,68,70,73,75,76,78,82,84,85,86,90,91,96,
  97,100,102,106,110,111,112,113,115,117,123,129,136,137,142,156,167,175,177,
  178,179,184,185,187,190,192,203,214,215,218,229,244,247,250,254,261,264,267,
  269,276,279,283,285,296],
 [10,11,13,15,23,29,30,35,40,49,51,52,54,56,60,61,64,65,74,79,88,101,108,109,
  116,122,125,126,131,132,135,140,143,145,146,155,158,159,161,163,168,169,170,
  171,173,176,181,183,186,191,196,197,198,199,207,208,211,220,223,224,226,231,
  233,234,235,236,237,240,249,251,252,259,266,270,271,274,275,280,281,291],
 [2,3,6,7,9,18,21,24,31,33,41,43,47,55,58,67,71,72,80,81,83,87,89,93,98,105,
  121,127,130,133,134,138,139,141,149,152,153,164,165,166,172,174,180,189,193,
  202,204,205,209,210,212,213,216,219,221,222,225,230,238,241,242,243,246,248,
  253,255,257,262,265,272,282,284,286,288,293,294,295,297,298,300]].
[[5,8,19,26,28,34,42,45,50,53,57,63,66,68,70,73,75,76,78,82,84,85,86,90,91,96,
  97,100,102,106,110,111,112,113,115,117,123,129,136,137,142,156,167,175,177,
  178,179,184,185,187,190,192,203,214,215,218,229,244,247,250,254,261,264,267,
  269,276,279,283,285,296],
 [10,11,13,15,23,29,30,35,40,49,51,52,54,56,60,61,64,65,74,79,88,101,108,109,
  116,122,125,126,131,132,135,140,143,145,146,155,158,159,161,163,168,169,170,
  171,173,176,181,183,186,191,196,197,198,199,207,208,211,220,223,224,226,231,
  233,234,235,236,237,240,249,251,252,259,266,270,271,274,275,280,281,291],
 [2,3,6,7,9,18,21,24,31,33,41,43,47,55,58,67,71,72,80,81,83,87,89,93,98,105,
  121,127,130,133,134,138,139,141,149,152,153,164,165,166,172,174,180,189,193,
  202,204,205,209,210,212,213,216,219,221,222,225,230,238,241,242,243,246,248,
  253,255,257,262,265,272,282,284,286,288,293,294,295,297,298,300]].
[[5,8,19,26,28,34,42,45,50,53,57,63,66,68,70,73,75,76,78,82,84,85,86,90,91,96,
  97,100,102,106,110,111,112,113,115,117,123,129,136,137,142,156,167,175,177,
  178,179,184,185,187,190,192,203,214,215,218,229,244,247,250,254,261,264,267,
  269,276,279,283,285,296],
 [10,11,13,15,23,29,30,35,40,49,51,52,54,56,60,61,64,65,74,79,88,101,108,109,
  116,122,125,126,131,132,135,140,143,145,146,155,158,159,161,163,168,169,170,
  171,173,176,181,183,186,191,196,197,198,199,207,208,211,220,223,224,226,231,
  233,234,235,236,237,240,249,251,252,259,266,270,271,274,275,280,281,291],
 [2,3,6,7,9,18,21,24,31,33,41,43,47,55,58,67,71,72,80,81,83,87,89,93,98,105,
  121,127,130,133,134,138,139,141,149,152,153,164,165,166,172,174,180,189,193,
  202,204,205,209,210,212,213,216,219,221,222,225,230,238,241,242,243,246,248,
  253,255,257,262,265,272,282,284,286,288,293,294,295,297,298,300]].
[[5,8,19,26,28,34,42,45,50,53,57,63,66,68,70,73,75,76,78,82,84,85,86,90,91,96,
  97,100,102,106,110,111,112,113,115,117,123,129,136,137,142,156,167,175,177,
  178,179,184,185,187,190,192,203,214,215,218,229,244,247,250,254,261,264,267,
  269,276,279,283,285,296],
 [10,11,13,15,23,29,30,35,40,49,51,52,54,56,60,61,64,65,74,79,88,101,108,109,
  116,122,125,126,131,132,135,140,143,145,146,155,158,159,161,163,168,169,170,
  171,173,176,181,183,186,191,196,197,198,199,207,208,211,220,223,224,226,231,
  233,234,235,236,237,240,249,251,252,259,266,270,271,274,275,280,281,291],
 [2,3,6,7,9,18,21,24,31,33,41,43,47,55,58,67,71,72,80,81,83,87,89,93,98,105,
  121,127,130,133,134,138,139,141,149,152,153,164,165,166,172,174,180,189,193,
  202,204,205,209,210,212,213,216,219,221,222,225,230,238,241,242,243,246,248,
  253,255,257,262,265,272,282,284,286,288,293,294,295,297,298,300]].
[[5,8,19,26,28,34,42,45,50,53,57,63,66,68,70,73,75,76,78,82,84,85,86,90,91,96,
  97,100,102,106,110,111,112,113,115,117,123,129,136,137,142,156,167,175,177,
  178,179,184,185,187,190,192,203,214,215,218,229,244,247,250,254,261,264,267,
  269,276,279,283,285,296],
 [10,11,13,15,23,29,30,35,40,49,51,52,54,56,60,61,64,65,74,79,88,101,108,109,
  116,122,125,126,131,132,135,140,143,145,146,155,158,159,161,163,168,169,170,
  171,173,176,181,183,186,191,196,197,198,199,207,208,211,220,223,224,226,231,
  233,234,235,236,237,240,249,251,252,259,266,270,271,274,275,280,281,291],
 [2,3,6,7,9,18,21,24,31,33,41,43,47,55,58,67,71,72,80,81,83,87,89,93,98,105,
  121,127,130,133,134,138,139,141,149,152,153,164,165,166,172,174,180,189,193,
  202,204,205,209,210,212,213,216,219,221,222,225,230,238,241,242,243,246,248,
  253,255,257,262,265,272,282,284,286,288,293,294,295,297,298,300]].
[[10,11,13,15,23,29,30,35,40,49,51,52,54,56,60,61,64,65,74,79,88,101,108,109,
  116,122,125,126,131,132,135,140,143,145,146,155,158,159,161,163,168,169,170,
  171,173,176,181,183,186,191,196,197,198,199,207,208,211,220,223,224,226,231,
  233,234,235,236,237,240,249,251,252,259,266,270,271,274,275,280,281,291],
 [5,8,19,26,28,34,42,45,50,53,57,63,66,68,70,73,75,76,78,82,84,85,86,90,91,96,
  97,100,102,106,110,111,112,113,115,117,123,129,136,137,142,156,167,175,177,
  178,179,184,185,187,190,192,203,214,215,218,229,244,247,250,254,261,264,267,
  269,276,279,283,285,296],
 [1,4,12,14,16,17,20,22,25,27,32,36,37,38,39,44,46,48,59,62,69,77,92,94,95,99,
  103,104,107,114,118,119,120,124,128,144,147,148,150,151,154,157,160,162,182,
  188,194,195,200,201,206,217,227,228,232,239,245,256,258,260,263,268,273,277,
  278,287,289,290,292,299]].
[[5,8,19,26,28,34,42,45,50,53,57,63,66,68,70,73,75,76,78,82,84,85,86,90,91,96,
  97,100,102,106,110,111,112,113,115,117,123,129,136,137,142,156,167,175,177,
  178,179,184,185,187,190,192,203,214,215,218,229,244,247,250,254,261,264,267,
  269,276,279,283,285,296],
 [10,11,13,15,23,29,30,35,40,49,51,52,54,56,60,61,64,65,74,79,88,101,108,109,
  116,122,125,126,131,132,135,140,143,145,146,155,158,159,161,163,168,169,170,
  171,173,176,181,183,186,191,196,197,198,199,207,208,211,220,223,224,226,231,
  233,234,235,236,237,240,249,251,252,259,266,270,271,274,275,280,281,291],
 [2,3,6,7,9,18,21,24,31,33,41,43,47,55,58,67,71,72,80,81,83,87,89,93,98,105,
  121,127,130,133,134,138,139,141,149,152,153,164,165,166,172,174,180,189,193,
  202,204,205,209,210,212,213,216,219,221,222,225,230,238,241,242,243,246,248,
  253,255,257,262,265,272,282,284,286,288,293,294,295,297,298,300]].
[[5,8,19,26,28,34,42,45,50,53,57,63,66,68,70,73,75,76,78,82,84,85,86,90,91,96,
  97,100,102,106,110,111,112,113,115,117,123,129,136,137,142,156,167,175,177,
  178,179,184,185,187,190,192,203,214,215,218,229,244,247,250,254,261,264,267,
  269,276,279,283,285,296],
 [10,11,13,15,23,29,30,35,40,49,51,52,54,56,60,61,64,65,74,79,88,101,108,109,
  116,122,125,126,131,132,135,140,143,145,146,155,158,159,161,163,168,169,170,
  171,173,176,181,183,186,191,196,197,198,199,207,208,211,220,223,224,226,231,
  233,234,235,236,237,240,249,251,252,259,266,270,271,274,275,280,281,291],
 [2,3,6,7,9,18,21,24,31,33,41,43,47,55,58,67,71,72,80,81,83,87,89,93,98,105,
  121,127,130,133,134,138,139,141,149,152,153,164,165,166,172,174,180,189,193,
  202,204,205,209,210,212,213,216,219,221,222,225,230,238,241,242,243,246,248,
  253,255,257,262,265,272,282,284,286,288,293,294,295,297,298,300]].
[[10,11,13,15,23,29,30,35,40,49,51,52,54,56,60,61,64,65,74,79,88,101,108,109,
  116,122,125,126,131,132,135,140,143,145,146,155,158,159,161,163,168,169,170,
  171,173,176,181,183,186,191,196,197,198,199,207,208,211,220,223,224,226,231,
  233,234,235,236,237,240,249,251,252,259,266,270,271,274,275,280,281,291],
 [5,8,19,26,28,34,42,45,50,53,57,63,66,68,70,73,75,76,78,82,84,85,86,90,91,96,
  97,100,102,106,110,111,112,113,115,117,123,129,136,137,142,156,167,175,177,
  178,179,184,185,187,190,192,203,214,215,218,229,244,247,250,254,261,264,267,
  269,276,279,283,285,296],
 [1,4,12,14,16,17,20,22,25,27,32,36,37,38,39,44,46,48,59,62,69,77,92,94,95,99,
  103,104,107,114,118,119,120,124,128,144,147,148,150,151,154,157,160,162,182,
  188,194,195,200,201,206,217,227,228,232,239,245,256,258,260,263,268,273,277,
  278,287,289,290,292,299]].
[[5,8,19,26,28,34,42,45,50,53,57,63,66,68,70,73,75,76,78,82,84,85,86,90,91,96,
  97,100,102,106,110,111,112,113,115,117,123,129,136,137,142,156,167,175,177,
  178,179,184,185,187,190,192,203,214,215,218,229,244,247,250,254,261,264,267,
  269,276,279,283,285,296],
 [10,11,13,15,23,29,30,35,40,49,51,52,54,56,60,61,64,65,74,79,88,101,108,109,
  116,122,125,126,131,132,135,140,143,145,146,155,158,159,161,163,168,169,170,
  171,173,176,181,183,186,191,196,197,198,199,207,208,211,220,223,224,226,231,
  233,234,235,236,237,240,249,251,252,259,266,270,271,274,275,280,281,291],
 [2,3,6,7,9,18,21,24,31,33,41,43,47,55,58,67,71,72,80,81,83,87,89,93,98,105,
  121,127,130,133,134,138,139,141,149,152,153,164,165,166,172,174,180,189,193,
  202,204,205,209,210,212,213,216,219,221,222,225,230,238,241,242,243,246,248,
  253,255,257,262,265,272,282,284,286,288,293,294,295,297,298,300]].
[[5,8,19,26,28,34,42,45,50,53,57,63,66,68,70,73,75,76,78,82,84,85,86,90,91,96,
  97,100,102,106,110,111,112,113,115,117,123,129,136,137,142,156,167,175,177,
  178,179,184,185,187,190,192,203,214,215,218,229,244,247,250,254,261,264,267,
  269,276,279,283,285,296],
 [10,11,13,15,23,29,30,35,40,49,51,52,54,56,60,61,64,65,74,79,88,101,108,109,
  116,122,125,126,131,132,135,140,143,145,146,155,158,159,161,163,168,169,170,
  171,173,176,181,183,186,191,196,197,198,199,207,208,211,220,223,224,226,231,
  233,234,235,236,237,240,249,251,252,259,266,270,271,274,275,280,281,291],
 [2,3,6,7,9,18,21,24,31,33,41,43,47,55,58,67,71,72,80,81,83,87,89,93,98,105,
  121,127,130,133,134,138,139,141,149,152,153,164,165,166,172,174,180,189,193,
  202,204,205,209,210,212,213,216,219,221,222,225,230,238,241,242,243,246,248,
