[[4,6,13,15,18,19,30,41,43,49,54,59,61,72,80,84,87,100,103,111,114,115,117,135,144,148,151,152,154,158,160,170,171,173,174,177,191,195,203,209,230,237,238,240,241,260,265,274,278,292,296,299],[1,2,3,5,7,8,9,11,16,20,21,22,23,25,26,29,31,32,33,35,37,38,39,40,42,44,48,50,51,52,53,55,56,57,60,62,63,65,66,68,70,71,73,75,76,77,78,79,81,82,83,88,90,91,92,95,96,97,98,101,104,105,106,107,108,109,112,113,116,118,119,120,121,122,123,124,125,126,127,128,130,131,133,134,136,137,138,139,140,141,142,143,145,146,147,149,150,153,155,157,159,161,162,163,164,166,169,172,175,179,180,182,183,184,185,186,187,190,192,194,196,198,199,200,201,202,205,206,207,208,211,213,214,215,216,217,218,222,224,225,226,227,229,234,235,236,239,242,243,244,245,246,247,248,249,250,251,252,253,254,255,256,258,259,261,262,263,264,266,267,268,269,270,272,273,276,279,280,281,283,284,286,287,290,295,297,298,300],[45,85,89,99,168,181,277,285]].
[[4,6,13,15,18,19,30,41,43,49,54,59,61,72,80,84,87,100,103,111,114,115,117,135,144,148,151,152,154,158,160,170,171,173,174,177,191,195,203,209,230,237,238,240,241,260,265,274,278,292,296,299],[1,2,3,5,7,8,9,11,16,20,21,22,23,25,26,29,31,32,33,35,37,38,39,40,42,44,48,50,51,52,53,55,56,57,60,62,63,65,66,68,70,71,73,75,76,77,78,79,81,82,83,88,90,91,92,95,96,97,98,101,104,105,106,107,108,109,112,113,116,118,119,120,121,122,123,124,125,126,127,128,130,131,133,134,136,137,138,139,140,141,142,143,145,146,147,149,150,153,155,157,159,161,162,163,164,166,169,172,175,179,180,182,183,184,185,186,187,190,192,194,196,198,199,200,201,202,205,206,207,208,211,213,214,215,216,217,218,222,224,225,226,227,229,234,235,236,239,242,243,244,245,246,247,248,249,250,251,252,253,254,255,256,258,259,261,262,263,264,266,267,268,269,270,272,273,276,279,280,281,283,284,286,287,290,295,297,298,300],[45,85,89,99,168,181,277,285]].
[[4,6,13,15,18,19,30,41,43,49,54,59,61,72,80,84,87,100,103,111,114,115,117,135,144,148,151,152,154,158,160,170,171,173,174,177,191,195,203,209,230,237,238,240,241,260,265,274,278,292,296,299],[1,2,3,5,7,8,9,11,16,20,21,22,23,25,26,29,31,32,33,35,37,38,39,40,42,44,48,50,51,52,53,55,56,57,60,62,63,65,66,68,70,71,73,75,76,77,78,79,81,82,83,88,90,91,92,95,96,97,98,101,104,105,106,107,108,109,112,113,116,118,119,120,121,122,123,124,125,126,127,128,130,131,133,134,136,137,138,139,140,141,142,143,145,146,147,149,150,153,155,157,159,161,162,163,164,166,169,172,175,179,180,182,183,184,185,186,187,190,192,194,196,198,199,200,201,202,205,206,207,208,211,213,214,215,216,217,218,222,224,225,226,227,229,234,235,236,239,242,243,244,245,246,247,248,249,250,251,252,253,254,255,256,258,259,261,262,263,264,266,267,268,269,270,272,273,276,279,280,281,283,284,286,287,290,295,297,298,300],[45,85,89,99,168,181,277,285]].
[[4,6,13,15,18,19,30,41,43,49,54,59,61,72,80,84,87,100,103,111,114,115,117,135,144,148,151,152,154,158,160,170,171,173,174,177,191,195,203,209,230,237,238,240,241,260,265,274,278,292,296,299],[1,2,3,5,7,8,9,11,16,20,21,22,23,25,26,29,31,32,33,35,37,38,39,40,42,44,48,50,51,52,53,55,56,57,60,62,63,65,66,68,70,71,73,75,76,77,78,79,81,82,83,88,90,91,92,95,96,97,98,101,104,105,106,107,108,109,112,113,116,118,119,120,121,122,123,124,125,126,127,128,130,131,133,134,136,137,138,139,140,141,142,143,145,146,147,149,150,153,155,157,159,161,162,163,164,166,169,172,175,179,180,182,183,184,185,186,187,190,192,194,196,198,199,200,201,202,205,206,207,208,211,213,214,215,216,217,218,222,224,225,226,227,229,234,235,236,239,242,243,244,245,246,247,248,249,250,251,252,253,254,255,256,258,259,261,262,263,264,266,267,268,269,270,272,273,276,279,280,281,283,284,286,287,290,295,297,298,300],[45,85,89,99,168,181,277,285]].
[[10,12,14,17,24,27,28,34,36,46,47,58,64,67,69,74,86,93,94,102,110,129,132,156,165,167,176,178,188,189,193,197,204,210,212,219,220,221,223,228,231,232,233,257,271,275,282,288,289,291,293,294],[45,85,89,99,168,181,277,285],[1,2,3,5,7,8,9,11,16,20,21,22,23,25,26,29,31,32,33,35,37,38,39,40,42,44,48,50,51,52,53,55,56,57,60,62,63,65,66,68,70,71,73,75,76,77,78,79,81,82,83,88,90,91,92,95,96,97,98,101,104,105,106,107,108,109,112,113,116,118,119,120,121,122,123,124,125,126,127,128,130,131,133,134,136,137,138,139,140,141,142,143,145,146,147,149,150,153,155,157,159,161,162,163,164,166,169,172,175,179,180,182,183,184,185,186,187,190,192,194,196,198,199,200,201,202,205,206,207,208,211,213,214,215,216,217,218,222,224,225,226,227,229,234,235,236,239,242,243,244,245,246,247,248,249,250,251,252,253,254,255,256,258,259,261,262,263,264,266,267,268,269,270,272,273,276,279,280,281,283,284,286,287,290,295,297,298,300]].
[[45,85,89,99,168,181,277,285],[10,12,14,17,24,27,28,34,36,46,47,58,64,67,69,74,86,93,94,102,110,129,132,156,165,167,176,178,188,189,193,197,204,210,212,219,220,221,223,228,231,232,233,257,271,275,282,288,289,291,293,294],[4,6,13,15,18,19,30,41,43,49,54,59,61,72,80,84,87,100,103,111,114,115,117,135,144,148,151,152,154,158,160,170,171,173,174,177,191,195,203,209,230,237,238,240,241,260,265,274,278,292,296,299]].
[[45,85,89,99,168,181,277,285],[10,12,14,17,24,27,28,34,36,46,47,58,64,67,69,74,86,93,94,102,110,129,132,156,165,167,176,178,188,189,193,197,204,210,212,219,220,221,223,228,231,232,233,257,271,275,282,288,289,291,293,294],[4,6,13,15,18,19,30,41,43,49,54,59,61,72,80,84,87,100,103,111,114,115,117,135,144,148,151,152,154,158,160,170,171,173,174,177,191,195,203,209,230,237,238,240,241,260,265,274,278,292,296,299]].
[[1,2,3,5,7,8,9,11,16,20,21,22,23,25,26,29,31,32,33,35,37,38,39,40,42,44,48,50,51,52,53,55,56,57,60,62,63,65,66,68,70,71,73,75,76,77,78,79,81,82,83,88,90,91,92,95,96,97,98,101,104,105,106,107,108,109,112,113,116,118,119,120,121,122,123,124,125,126,127,128,130,131,133,134,136,137,138,139,140,141,142,143,145,146,147,149,150,153,155,157,159,161,162,163,164,166,169,172,175,179,180,182,183,184,185,186,187,190,192,194,196,198,199,200,201,202,205,206,207,208,211,213,214,215,216,217,218,222,224,225,226,227,229,234,235,236,239,242,243,244,245,246,247,248,249,250,251,252,253,254,255,256,258,259,261,262,263,264,266,267,268,269,270,272,273,276,279,280,281,283,284,286,287,290,295,297,298,300],[4,6,13,15,18,19,30,41,43,49,54,59,61,72,80,84,87,100,103,111,114,115,117,135,144,148,151,152,154,158,160,170,171,173,174,177,191,195,203,209,230,237,238,240,241,260,265,274,278,292,296,299],[10,12,14,17,24,27,28,34,36,46,47,58,64,67,69,74,86,93,94,102,110,129,132,156,165,167,176,178,188,189,193,197,204,210,212,219,220,221,223,228,231,232,233,257,271,275,282,288,289,291,293,294]].
[[1,2,3,5,7,8,9,11,16,20,21,22,23,25,26,29,31,32,33,35,37,38,39,40,42,44,48,50,51,52,53,55,56,57,60,62,63,65,66,68,70,71,73,75,76,77,78,79,81,82,83,88,90,91,92,95,96,97,98,101,104,105,106,107,108,109,112,113,116,118,119,120,121,122,123,124,125,126,127,128,130,131,133,134,136,137,138,139,140,141,142,143,145,146,147,149,150,153,155,157,159,161,162,163,164,166,169,172,175,179,180,182,183,184,185,186,187,190,192,194,196,198,199,200,201,202,205,206,207,208,211,213,214,215,216,217,218,222,224,225,226,227,229,234,235,236,239,242,243,244,245,246,247,248,249,250,251,252,253,254,255,256,258,259,261,262,263,264,266,267,268,269,270,272,273,276,279,280,281,283,284,286,287,290,295,297,298,300],[4,6,13,15,18,19,30,41,43,49,54,59,61,72,80,84,87,100,103,111,114,115,117,135,144,148,151,152,154,158,160,170,171,173,174,177,191,195,203,209,230,237,238,240,241,260,265,274,278,292,296,299],[10,12,14,17,24,27,28,34,36,46,47,58,64,67,69,74,86,93,94,102,110,129,132,156,165,167,176,178,188,189,193,197,204,210,212,219,220,221,223,228,231,232,233,257,271,275,282,288,289,291,293,294]].
[[10,12,14,17,24,27,28,34,36,46,47,58,64,67,69,74,86,93,94,102,110,129,132,156,165,167,176,178,188,189,193,197,204,210,212,219,220,221,223,228,231,232,233,257,271,275,282,288,289,291,293,294],[45,85,89,99,168,181,277,285],[1,2,3,5,7,8,9,11,16,20,21,22,23,25,26,29,31,32,33,35,37,38,39,40,42,44,48,50,51,52,53,55,56,57,60,62,63,65,66,68,70,71,73,75,76,77,78,79,81,82,83,88,90,91,92,95,96,97,98,101,104,105,106,107,108,109,112,113,116,118,119,120,121,122,123,124,125,126,127,128,130,131,133,134,136,137,138,139,140,141,142,143,145,146,147,149,150,153,155,157,159,161,162,163,164,166,169,172,175,179,180,182,183,184,185,186,187,190,192,194,196,198,199,200,201,202,205,206,207,208,211,213,214,215,216,217,218,222,224,225,226,227,229,234,235,236,239,242,243,244,245,246,247,248,249,250,251,252,253,254,255,256,258,259,261,262,263,264,266,267,268,269,270,272,273,276,279,280,281,283,284,286,287,290,295,297,298,300]].
[[45,85,89,99,168,181,277,285],[10,12,14,17,24,27,28,34,36,46,47,58,64,67,69,74,86,93,94,102,110,129,132,156,165,167,176,178,188,189,193,197,204,210,212,219,220,221,223,228,231,232,233,257,271,275,282,288,289,291,293,294],[4,6,13,15,18,19,30,41,43,49,54,59,61,72,80,84,87,100,103,111,114,115,117,135,144,148,151,152,154,158,160,170,171,173,174,177,191,195,203,209,230,237,238,240,241,260,265,274,278,292,296,299]].
[[1,2,3,5,7,8,9,11,16,20,21,22,23,25,26,29,31,32,33,35,37,38,39,40,42,44,48,50,51,52,53,55,56,57,60,62,63,65,66,68,70,71,73,75,76,77,78,79,81,82,83,88,90,91,92,95,96,97,98,101,104,105,106,107,108,109,112,113,116,118,119,120,121,122,123,124,125,126,127,128,130,131,133,134,136,137,138,139,140,141,142,143,145,146,147,149,150,153,155,157,159,161,162,163,164,166,169,172,175,179,180,182,183,184,185,186,187,190,192,194,196,198,199,200,201,202,205,206,207,208,211,213,214,215,216,217,218,222,224,225,226,227,229,234,235,236,239,242,243,244,245,246,247,248,249,250,251,252,253,254,255,256,258,259,261,262,263,264,266,267,268,269,270,272,273,276,279,280,281,283,284,286,287,290,295,297,298,300],[4,6,13,15,18,19,30,41,43,49,54,59,61,72,80,84,87,100,103,111,114,115,117,135,144,148,151,152,154,158,160,170,171,173,174,177,191,195,203,209,230,237,238,240,241,260,265,274,278,292,296,299],[10,12,14,17,24,27,28,34,36,46,47,58,64,67,69,74,86,93,94,102,110,129,132,156,165,167,176,178,188,189,193,197,204,210,212,219,220,221,223,228,231,232,233,257,271,275,282,288,289,291,293,294]].
[[10,12,14,17,24,27,28,34,36,46,47,58,64,67,69,74,86,93,94,102,110,129,132,156,165,167,176,178,188,189,193,197,204,210,212,219,220,221,223,228,231,232,233,257,271,275,282,288,289,291,293,294],[45,85,89,99,168,181,277,285],[1,2,3,5,7,8,9,11,16,20,21,22,23,25,26,29,31,32,33,35,37,38,39,40,42,44,48,50,51,52,53,55,56,57,60,62,63,65,66,68,70,71,73,75,76,77,78,79,81,82,83,88,90,91,92,95,96,97,98,101,104,105,106,107,108,109,112,113,116,118,119,120,121,122,123,124,125,126,127,128,130,131,133,134,136,137,138,139,140,141,142,143,145,146,147,149,150,153,155,157,159,161,162,163,164,166,169,172,175,179,180,182,183,184,185,186,187,190,192,194,196,198,199,200,201,202,205,206,207,208,211,213,214,215,216,217,218,222,224,225,226,227,229,234,235,236,239,242,243,244,245,246,247,248,249,250,251,252,253,254,255,256,258,259,261,262,263,264,266,267,268,269,270,272,273,276,279,280,281,283,284,286,287,290,295,297,298,300]].
[[4,6,13,15,18,19,30,41,43,49,54,59,61,72,80,84,87,100,103,111,114,115,117,135,144,148,151,152,154,158,160,170,171,173,174,177,191,195,203,209,230,237,238,240,241,260,265,274,278,292,296,299],[1,2,3,5,7,8,9,11,16,20,21,22,23,25,26,29,31,32,33,35,37,38,39,40,42,44,48,50,51,52,53,55,56,57,60,62,63,65,66,68,70,71,73,75,76,77,78,79,81,82,83,88,90,91,92,95,96,97,98,101,104,105,106,107,108,109,112,113,116,118,119,120,121,122,123,124,125,126,127,128,130,131,133,134,136,137,138,139,140,141,142,143,145,146,147,149,150,153,155,157,159,161,162,163,164,166,169,172,175,179,180,182,183,184,185,186,187,190,192,194,196,198,199,200,201,202,205,206,207,208,211,213,214,215,216,217,218,222,224,225,226,227,229,234,235,236,239,242,243,244,245,246,247,248,249,250,251,252,253,254,255,256,258,259,261,262,263,264,266,267,268,269,270,272,273,276,279,280,281,283,284,286,287,290,295,297,298,300],[45,85,89,99,168,181,277,285]].
[[10,12,14,17,24,27,28,34,36,46,47,58,64,67,69,74,86,93,94,102,110,129,132,156,165,167,176,178,188,189,193,197,204,210,212,219,220,221,223,228,231,232,233,257,271,275,282,288,289,291,293,294],[45,85,89,99,168,181,277,285],[1,2,3,5,7,8,9,11,16,20,21,22,23,25,26,29,31,32,33,35,37,38,39,40,42,44,48,50,51,52,53,55,56,57,60,62,63,65,66,68,70,71,73,75,76,77,78,79,81,82,83,88,90,91,92,95,96,97,98,101,104,105,106,107,108,109,112,113,116,118,119,120,121,122,123,124,125,126,127,128,130,131,133,134,136,137,138,139,140,141,142,143,145,146,147,149,150,153,155,157,159,161,162,163,164,166,169,172,175,179,180,182,183,184,185,186,187,190,192,194,196,198,199,200,201,202,205,206,207,208,211,213,214,215,216,217,218,222,224,225,226,227,229,234,235,236,239,242,243,244,245,246,247,248,249,250,251,252,253,254,255,256,258,259,261,262,263,264,266,267,268,269,270,272,273,276,279,280,281,283,284,286,287,290,295,297,298,300]].
[[10,12,14,17,24,27,28,34,36,46,47,58,64,67,69,74,86,93,94,102,110,129,132,156,165,167,176,178,188,189,193,197,204,210,212,219,220,221,223,228,231,232,233,257,271,275,282,288,289,291,293,294],[45,85,89,99,168,181,277,285],[1,2,3,5,7,8,9,11,16,20,21,22,23,25,26,29,31,32,33,35,37,38,39,40,42,44,48,50,51,52,53,55,56,57,60,62,63,65,66,68,70,71,73,75,76,77,78,79,81,82,83,88,90,91,92,95,96,97,98,101,104,105,106,107,108,109,112,113,116,118,119,120,121,122,123,124,125,126,127,128,130,131,133,134,136,137,138,139,140,141,142,143,145,146,147,149,150,153,155,157,159,161,162,163,164,166,169,172,175,179,180,182,183,184,185,186,187,190,192,194,196,198,199,200,201,202,205,206,207,208,211,213,214,215,216,217,218,222,224,225,226,227,229,234,235,236,239,242,243,244,245,246,247,248,249,250,251,252,253,254,255,256,258,259,261,262,263,264,266,267,268,269,270,272,273,276,279,280,281,283,284,286,287,290,295,297,298,300]].
[[45,85,89,99,168,181,277,285],[10,12,14,17,24,27,28,34,36,46,47,58,64,67,69,74,86,93,94,102,110,129,132,156,165,167,176,178,188,189,193,197,204,210,212,219,220,221,223,228,231,232,233,257,271,275,282,288,289,291,293,294],[4,6,13,15,18,19,30,41,43,49,54,59,61,72,80,84,87,100,103,111,114,115,117,135,144,148,151,152,154,158,160,170,171,173,174,177,191,195,203,209,230,237,238,240,241,260,265,274,278,292,296,299]].
[[1,2,3,5,7,8,9,11,16,20,21,22,23,25,26,29,31,32,33,35,37,38,39,40,42,44,48,50,51,52,53,55,56,57,60,62,63,65,66,68,70,71,73,75,76,77,78,79,81,82,83,88,90,91,92,95,96,97,98,101,104,105,106,107,108,109,112,113,116,118,119,120,121,122,123,124,125,126,127,128,130,131,133,134,136,137,138,139,140,141,142,143,145,146,147,149,150,153,155,157,159,161,162,163,164,166,169,172,175,179,180,182,183,184,185,186,187,190,192,194,196,198,199,200,201,202,205,206,207,208,211,213,214,215,216,217,218,222,224,225,226,227,229,234,235,236,239,242,243,244,245,246,247,248,249,250,251,252,253,254,255,256,258,259,261,262,263,264,266,267,268,269,270,272,273,276,279,280,281,283,284,286,287,290,295,297,298,300],[4,6,13,15,18,19,30,41,43,49,54,59,61,72,80,84,87,100,103,111,114,115,117,135,144,148,151,152,154,158,160,170,171,173,174,177,191,195,203,209,230,237,238,240,241,260,265,274,278,292,296,299],[10,12,14,17,24,27,28,34,36,46,47,58,64,67,69,74,86,93,94,102,110,129,132,156,165,167,176,178,188,189,193,197,204,210,212,219,220,221,223,228,231,232,233,257,271,275,282,288,289,291,293,294]].
[[4,6,13,15,18,19,30,41,43,49,54,59,61,72,80,84,87,100,103,111,114,115,117,135,144,148,151,152,154,158,160,170,171,173,174,177,191,195,203,209,230,237,238,240,241,260,265,274,278,292,296,299],[1,2,3,5,7,8,9,11,16,20,21,22,23,25,26,29,31,32,33,35,37,38,39,40,42,44,48,50,51,52,53,55,56,57,60,62,63,65,66,68,70,71,73,75,76,77,78,79,81,82,83,88,90,91,92,95,96,97,98,101,104,105,106,107,108,109,112,113,116,118,119,120,121,122,123,124,125,126,127,128,130,131,133,134,136,137,138,139,140,141,142,143,145,146,147,149,150,153,155,157,159,161,162,163,164,166,169,172,175,179,180,182,183,184,185,186,187,190,192,194,196,198,199,200,201,202,205,206,207,208,211,213,214,215,216,217,218,222,224,225,226,227,229,234,235,236,239,242,243,244,245,246,247,248,249,250,251,252,253,254,255,256,258,259,261,262,263,264,266,267,268,269,270,272,273,276,279,280,281,283,284,286,287,290,295,297,298,300],[45,85,89,99,168,181,277,285]].
[[1,2,3,5,7,8,9,11,16,20,21,22,23,25,26,29,31,32,33,35,37,38,39,40,42,44,48,50,51,52,53,55,56,57,60,62,63,65,66,68,70,71,73,75,76,77,78,79,81,82,83,88,90,91,92,95,96,97,98,101,104,105,106,107,108,109,112,113,116,118,119,120,121,122,123,124,125,126,127,128,130,131,133,134,136,137,138,139,140,141,142,143,145,146,147,149,150,153,155,157,159,161,162,163,164,166,169,172,175,179,180,182,183,184,185,186,187,190,192,194,196,198,199,200,201,202,205,206,207,208,211,213,214,215,216,217,218,222,224,225,226,227,229,234,235,236,239,242,243,244,245,246,247,248,249,250,251,252,253,254,255,256,258,259,261,262,263,264,266,267,268,269,270,272,273,276,279,280,281,283,284,286,287,290,295,297,298,300],[4,6,13,15,18,19,30,41,43,49,54,59,61,72,80,84,87,100,103,111,114,115,117,135,144,148,151,152,154,158,160,170,171,173,174,177,191,195,203,209,230,237,238,240,241,260,265,274,278,292,296,299],[10,12,14,17,24,27,28,34,36,46,47,58,64,67,69,74,86,93,94,102,110,129,132,156,165,167,176,178,188,189,193,197,204,210,212,219,220,221,223,228,231,232,233,257,271,275,282,288,289,291,293,294]].
[[4,6,13,15,18,19,30,41,43,49,54,59,61,72,80,84,87,100,103,111,114,115,117,135,144,148,151,152,154,158,160,170,171,173,174,177,191,195,203,209,230,237,238,240,241,260,265,274,278,292,296,299],[1,2,3,5,7,8,9,11,16,20,21,22,23,25,26,29,31,32,33,35,37,38,39,40,42,44,48,50,51,52,53,55,56,57,60,62,63,65,66,68,70,71,73,75,76,77,78,79,81,82,83,88,90,91,92,95,96,97,98,101,104,105,106,107,108,109,112,113,116,118,119,120,121,122,123,124,125,126,127,128,130,131,133,134,136,137,138,139,140,141,142,143,145,146,147,149,150,153,155,157,159,161,162,163,164,166,169,172,175,179,180,182,183,184,185,186,187,190,192,194,196,198,199,200,201,202,205,206,207,208,211,213,214,215,216,217,218,222,224,225,226,227,229,234,235,236,239,242,243,244,245,246,247,248,249,250,251,252,253,254,255,256,258,259,261,262,263,264,266,267,268,269,270,272,273,276,279,280,281,283,284,286,287,290,295,297,298,300],[45,85,89,99,168,181,277,285]].
[[10,12,14,17,24,27,28,34,36,46,47,58,64,67,69,74,86,93,94,102,110,129,132,156,165,167,176,178,188,189,193,197,204,210,212,219,220,221,223,228,231,232,233,257,271,275,282,288,289,291,293,294],[45,85,89,99,168,181,277,285],[1,2,3,5,7,8,9,11,16,20,21,22,23,25,26,29,31,32,33,35,37,38,39,40,42,44,48,50,51,52,53,55,56,57,60,62,63,65,66,68,70,71,73,75,76,77,78,79,81,82,83,88,90,91,92,95,96,97,98,101,104,105,106,107,108,109,112,113,116,118,119,120,121,122,123,124,125,126,127,128,130,131,133,134,136,137,138,139,140,141,142,143,145,146,147,149,150,153,155,157,159,161,162,163,164,166,169,172,175,179,180,182,183,184,185,186,187,190,192,194,196,198,199,200,201,202,205,206,207,208,211,213,214,215,216,217,218,222,224,225,226,227,229,234,235,236,239,242,243,244,245,246,247,248,249,250,251,252,253,254,255,256,258,259,261,262,263,264,266,267,268,269,270,272,273,276,279,280,281,283,284,286,287,290,295,297,298,300]].
[[45,85,89,99,168,181,277,285],[10,12,14,17,24,27,28,34,36,46,47,58,64,67,69,74,86,93,94,102,110,129,132,156,165,167,176,178,188,189,193,197,204,210,212,219,220,221,223,228,231,232,233,257,271,275,282,288,289,291,293,294],[4,6,13,15,18,19,30,41,43,49,54,59,61,72,80,84,87,100,103,111,114,115,117,135,144,148,151,152,154,158,160,170,171,173,174,177,191,195,203,209,230,237,238,240,241,260,265,274,278,292,296,299]].
[[4,6,13,15,18,19,30,41,43,49,54,59,61,72,80,84,87,100,103,111,114,115,117,135,144,148,151,152,154,158,160,170,171,173,174,177,191,195,203,209,230,237,238,240,241,260,265,274,278,292,296,299],[1,2,3,5,7,8,9,11,16,20,21,22,23,25,26,29,31,32,33,35,37,38,39,40,42,44,48,50,51,52,53,55,56,57,60,62,63,65,66,68,70,71,73,75,76,77,78,79,81,82,83,88,90,91,92,95,96,97,98,101,104,105,106,107,108,109,112,113,116,118,119,120,121,122,123,124,125,126,127,128,130,131,133,134,136,137,138,139,140,141,142,143,145,146,147,149,150,153,155,157,159,161,162,163,164,166,169,172,175,179,180,182,183,184,185,186,187,190,192,194,196,198,199,200,201,202,205,206,207,208,211,213,214,215,216,217,218,222,224,225,226,227,229,234,235,236,239,242,243,244,245,246,247,248,249,250,251,252,253,254,255,256,258,259,261,262,263,264,266,267,268,269,270,272,273,276,279,280,281,283,284,286,287,290,295,297,298,300],[45,85,89,99,168,181,277,285]].
[[45,85,89,99,168,181,277,285],[10,12,14,17,24,27,28,34,36,46,47,58,64,67,69,74,86,93,94,102,110,129,132,156,165,167,176,178,188,189,193,197,204,210,212,219,220,221,223,228,231,232,233,257,271,275,282,288,289,291,293,294],[4,6,13,15,18,19,30,41,43,49,54,59,61,72,80,84,87,100,103,111,114,115,117,135,144,148,151,152,154,158,160,170,171,173,174,177,191,195,203,209,230,237,238,240,241,260,265,274,278,292,296,299]].
[[1,2,3,5,7,8,9,11,16,20,21,22,23,25,26,29,31,32,33,35,37,38,39,40,42,44,48,50,51,52,53,55,56,57,60,62,63,65,66,68,70,71,73,75,76,77,78,79,81,82,83,88,90,91,92,95,96,97,98,101,104,105,106,107,108,109,112,113,116,118,119,120,121,122,123,124,125,126,127,128,130,131,133,134,136,137,138,139,140,141,142,143,145,146,147,149,150,153,155,157,159,161,162,163,164,166,169,172,175,179,180,182,183,184,185,186,187,190,192,194,196,198,199,200,201,202,205,206,207,208,211,213,214,215,216,217,218,222,224,225,226,227,229,234,235,236,239,242,243,244,245,246,247,248,249,250,251,252,253,254,255,256,258,259,261,262,263,264,266,267,268,269,270,272,273,276,279,280,281,283,284,286,287,290,295,297,298,300],[4,6,13,15,18,19,30,41,43,49,54,59,61,72,80,84,87,100,103,111,114,115,117,135,144,148,151,152,154,158,160,170,171,173,174,177,191,195,203,209,230,237,238,240,241,260,265,274,278,292,296,299],[10,12,14,17,24,27,28,34,36,46,47,58,64,67,69,74,86,93,94,102,110,129,132,156,165,167,176,178,188,189,193,197,204,210,212,219,220,221,223,228,231,232,233,257,271,275,282,288,289,291,293,294]].
[[45,85,89,99,168,181,277,285],[10,12,14,17,24,27,28,34,36,46,47,58,64,67,69,74,86,93,94,102,110,129,132,156,165,167,176,178,188,189,193,197,204,210,212,219,220,221,223,228,231,232,233,257,271,275,282,288,289,291,293,294],[4,6,13,15,18,19,30,41,43,49,54,59,61,72,80,84,87,100,103,111,114,115,117,135,144,148,151,152,154,158,160,170,171,173,174,177,191,195,203,209,230,237,238,240,241,260,265,274,278,292,296,299]].
[[1,2,3,5,7,8,9,11,16,20,21,22,23,25,26,29,31,32,33,35,37,38,39,40,42,44,48,50,51,52,53,55,56,57,60,62,63,65,66,68,70,71,73,75,76,77,78,79,81,82,83,88,90,91,92,95,96,97,98,101,104,105,106,107,108,109,112,113,116,118,119,120,121,122,123,124,125,126,127,128,130,131,133,134,136,137,138,139,140,141,142,143,145,146,147,149,150,153,155,157,159,161,162,163,164,166,169,172,175,179,180,182,183,184,185,186,187,190,192,194,196,198,199,200,201,202,205,206,207,208,211,213,214,215,216,217,218,222,224,225,226,227,229,234,235,236,239,242,243,244,245,246,247,248,249,250,251,252,253,254,255,256,258,259,261,262,263,264,266,267,268,269,270,272,273,276,279,280,281,283,284,286,287,290,295,297,298,300],[4,6,13,15,18,19,30,41,43,49,54,59,61,72,80,84,87,100,103,111,114,115,117,135,144,148,151,152,154,158,160,170,171,173,174,177,191,195,203,209,230,237,238,240,241,260,265,274,278,292,296,299],[10,12,14,17,24,27,28,34,36,46,47,58,64,67,69,74,86,93,94,102,110,129,132,156,165,167,176,178,188,189,193,197,204,210,212,219,220,221,223,228,231,232,233,257,271,275,282,288,289,291,293,294]].
[[1,2,3,5,7,8,9,11,16,20,21,22,23,25,26,29,31,32,33,35,37,38,39,40,42,44,48,50,51,52,53,55,56,57,60,62,63,65,66,68,70,71,73,75,76,77,78,79,81,82,83,88,90,91,92,95,96,97,98,101,104,105,106,107,108,109,112,113,116,118,119,120,121,122,123,124,125,126,127,128,130,131,133,134,136,137,138,139,140,141,142,143,145,146,147,149,150,153,155,157,159,161,162,163,164,166,169,172,175,179,180,182,183,184,185,186,187,190,192,194,196,198,199,200,201,202,205,206,207,208,211,213,214,215,216,217,218,222,224,225,226,227,229,234,235,236,239,242,243,244,245,246,247,248,249,250,251,252,253,254,255,256,258,259,261,262,263,264,266,267,268,269,270,272,273,276,279,280,281,283,284,286,287,290,295,297,298,300],[4,6,13,15,18,19,30,41,43,49,54,59,61,72,80,84,87,100,103,111,114,115,117,135,144,148,151,152,154,158,160,170,171,173,174,177,191,195,203,209,230,237,238,240,241,260,265,274,278,292,296,299],[10,12,14,17,24,27,28,34,36,46,47,58,64,67,69,74,86,93,94,102,110,129,132,156,165,167,176,178,188,189,193,197,204,210,212,219,220,221,223,228,231,232,233,257,271,275,282,288,289,291,293,294]].
[[4,6,13,15,18,19,30,41,43,49,54,59,61,72,80,84,87,100,103,111,114,115,117,135,144,148,151,152,154,158,160,170,171,173,174,177,191,195,203,209,230,237,238,240,241,260,265,274,278,292,296,299],[1,2,3,5,7,8,9,11,16,20,21,22,23,25,26,29,31,32,33,35,37,38,39,40,42,44,48,50,51,52,53,55,56,57,60,62,63,65,66,68,70,71,73,75,76,77,78,79,81,82,83,88,90,91,92,95,96,97,98,101,104,105,106,107,108,109,112,113,116,118,119,120,121,122,123,124,125,126,127,128,130,131,133,134,136,137,138,139,140,141,142,143,145,146,147,149,150,153,155,157,159,161,162,163,164,166,169,172,175,179,180,182,183,184,185,186,187,190,192,194,196,198,199,200,201,202,205,206,207,208,211,213,214,215,216,217,218,222,224,225,226,227,229,234,235,236,239,242,243,244,245,246,247,248,249,250,251,252,253,254,255,256,258,259,261,262,263,264,266,267,268,269,270,272,273,276,279,280,281,283,284,286,287,290,295,297,298,300],[45,85,89,99,168,181,277,285]].
[[45,85,89,99,168,181,277,285],[10,12,14,17,24,27,28,34,36,46,47,58,64,67,69,74,86,93,94,102,110,129,132,156,165,167,176,178,188,189,193,197,204,210,212,219,220,221,223,228,231,232,233,257,271,275,282,288,289,291,293,294],[4,6,13,15,18,19,30,41,43,49,54,59,61,72,80,84,87,100,103,111,114,115,117,135,144,148,151,152,154,158,160,170,171,173,174,177,191,195,203,209,230,237,238,240,241,260,265,274,278,292,296,299]].
[[1,2,3,5,7,8,9,11,16,20,21,22,23,25,26,29,31,32,33,35,37,38,39,40,42,44,48,50,51,52,53,55,56,57,60,62,63,65,66,68,70,71,73,75,76,77,78,79,81,82,83,88,90,91,92,95,96,97,98,101,104,105,106,107,108,109,112,113,116,118,119,120,121,122,123,124,125,126,127,128,130,131,133,134,136,137,138,139,140,141,142,143,145,146,147,149,150,153,155,157,159,161,162,163,164,166,169,172,175,179,180,182,183,184,185,186,187,190,192,194,196,198,199,200,201,202,205,206,207,208,211,213,214,215,216,217,218,222,224,225,226,227,229,234,235,236,239,242,243,244,245,246,247,248,249,250,251,252,253,254,255,256,258,259,261,262,263,264,266,267,268,269,270,272,273,276,279,280,281,283,284,286,287,290,295,297,298,300],[4,6,13,15,18,19,30,41,43,49,54,59,61,72,80,84,87,100,103,111,114,115,117,135,144,148,151,152,154,158,160,170,171,173,174,177,191,195,203,209,230,237,238,240,241,260,265,274,278,292,296,299],[10,12,14,17,24,27,28,34,36,46,47,58,64,67,69,74,86,93,94,102,110,129,132,156,165,167,176,178,188,189,193,197,204,210,212,219,220,221,223,228,231,232,233,257,271,275,282,288,289,291,293,294]].
[[45,85,89,99,168,181,277,285],[10,12,14,17,24,27,28,34,36,46,47,58,64,67,69,74,86,93,94,102,110,129,132,156,165,167,176,178,188,189,193,197,204,210,212,219,220,221,223,228,231,232,233,257,271,275,282,288,289,291,293,294],[4,6,13,15,18,19,30,41,43,49,54,59,61,72,80,84,87,100,103,111,114,115,117,135,144,148,151,152,154,158,160,170,171,173,174,177,191,195,203,209,230,237,238,240,241,260,265,274,278,292,296,299]].
[[10,12,14,17,24,27,28,34,36,46,47,58,64,67,69,74,86,93,94,102,110,129,132,156,165,167,176,178,188,189,193,197,204,210,212,219,220,221,223,228,231,232,233,257,271,275,282,288,289,291,293,294],[45,85,89,99,168,181,277,285],[1,2,3,5,7,8,9,11,16,20,21,22,23,25,26,29,31,32,33,35,37,38,39,40,42,44,48,50,51,52,53,55,56,57,60,62,63,65,66,68,70,71,73,75,76,77,78,79,81,82,83,88,90,91,92,95,96,97,98,101,104,105,106,107,108,109,112,113,116,118,119,120,121,122,123,124,125,126,127,128,130,131,133,134,136,137,138,139,140,141,142,143,145,146,147,149,150,153,155,157,159,161,162,163,164,166,169,172,175,179,180,182,183,184,185,186,187,190,192,194,196,198,199,200,201,202,205,206,207,208,211,213,214,215,216,217,218,222,224,225,226,227,229,234,235,236,239,242,243,244,245,246,247,248,249,250,251,252,253,254,255,256,258,259,261,262,263,264,266,267,268,269,270,272,273,276,279,280,281,283,284,286,287,290,295,297,298,300]].
[[1,2,3,5,7,8,9,11,16,20,21,22,23,25,26,29,31,32,33,35,37,38,39,40,42,44,48,50,51,52,53,55,56,57,60,62,63,65,66,68,70,71,73,75,76,77,78,79,81,82,83,88,90,91,92,95,96,97,98,101,104,105,106,107,108,109,112,113,116,118,119,120,121,122,123,124,125,126,127,128,130,131,133,134,136,137,138,139,140,141,142,143,145,146,147,149,150,153,155,157,159,161,162,163,164,166,169,172,175,179,180,182,183,184,185,186,187,190,192,194,196,198,199,200,201,202,205,206,207,208,211,213,214,215,216,217,218,222,224,225,226,227,229,234,235,236,239,242,243,244,245,246,247,248,249,250,251,252,253,254,255,256,258,259,261,262,263,264,266,267,268,269,270,272,273,276,279,280,281,283,284,286,287,290,295,297,298,300],[4,6,13,15,18,19,30,41,43,49,54,59,61,72,80,84,87,100,103,111,114,115,117,135,144,148,151,152,154,158,160,170,171,173,174,177,191,195,203,209,230,237,238,240,241,260,265,274,278,292,296,299],[10,12,14,17,24,27,28,34,36,46,47,58,64,67,69,74,86,93,94,102,110,129,132,156,165,167,176,178,188,189,193,197,204,210,212,219,220,221,223,228,231,232,233,257,271,275,282,288,289,291,293,294]].
[[4,6,13,15,18,19,30,41,43,49,54,59,61,72,80,84,87,100,103,111,114,115,117,135,144,148,151,152,154,158,160,170,171,173,174,177,191,195,203,209,230,237,238,240,241,260,265,274,278,292,296,299],[1,2,3,5,7,8,9,11,16,20,21,22,23,25,26,29,31,32,33,35,37,38,39,40,42,44,48,50,51,52,53,55,56,57,60,62,63,65,66,68,70,71,73,75,76,77,78,79,81,82,83,88,90,91,92,95,96,97,98,101,104,105,106,107,108,109,112,113,116,118,119,120,121,122,123,124,125,126,127,128,130,131,133,134,136,137,138,139,140,141,142,143,145,146,147,149,150,153,155,157,159,161,162,163,164,166,169,172,175,179,180,182,183,184,185,186,187,190,192,194,196,198,199,200,201,202,205,206,207,208,211,213,214,215,216,217,218,222,224,225,226,227,229,234,235,236,239,242,243,244,245,246,247,248,249,250,251,252,253,254,255,256,258,259,261,262,263,264,266,267,268,269,270,272,273,276,279,280,281,283,284,286,287,290,295,297,298,300],[45,85,89,99,168,181,277,285]].
[[10,12,14,17,24,27,28,34,36,46,47,58,64,67,69,74,86,93,94,102,110,129,132,156,165,167,176,178,188,189,193,197,204,210,212,219,220,221,223,228,231,232,233,257,271,275,282,288,289,291,293,294],[45,85,89,99,168,181,277,285],[1,2,3,5,7,8,9,11,16,20,21,22,23,25,26,29,31,32,33,35,37,38,39,40,42,44,48,50,51,52,53,55,56,57,60,62,63,65,66,68,70,71,73,75,76,77,78,79,81,82,83,88,90,91,92,95,96,97,98,101,104,105,106,107,108,109,112,113,116,118,119,120,121,122,123,124,125,126,127,128,130,131,133,134,136,137,138,139,140,141,142,143,145,146,147,149,150,153,155,157,159,161,162,163,164,166,169,172,175,179,180,182,183,184,185,186,187,190,192,194,196,198,199,200,201,202,205,206,207,208,211,213,214,215,216,217,218,222,224,225,226,227,229,234,235,236,239,242,243,244,245,246,247,248,249,250,251,252,253,254,255,256,258,259,261,262,263,264,266,267,268,269,270,272,273,276,279,280,281,283,284,286,287,290,295,297,298,300]].
[[45,85,89,99,168,181,277,285],[10,12,14,17,24,27,28,34,36,46,47,58,64,67,69,74,86,93,94,102,110,129,132,156,165,167,176,178,188,189,193,197,204,210,212,219,220,221,223,228,231,232,233,257,271,275,282,288,289,291,293,294],[4,6,13,15,18,19,30,41,43,49,54,59,61,72,80,84,87,100,103,111,114,115,117,135,144,148,151,152,154,158,160,170,171,173,174,177,191,195,203,209,230,237,238,240,241,260,265,274,278,292,296,299]].
[[10,12,14,17,24,27,28,34,36,46,47,58,64,67,69,74,86,93,94,102,110,129,132,156,165,167,176,178,188,189,193,197,204,210,212,219,220,221,223,228,231,232,233,257,271,275,282,288,289,291,293,294],[45,85,89,99,168,181,277,285],[1,2,3,5,7,8,9,11,16,20,21,22,23,25,26,29,31,32,33,35,37,38,39,40,42,44,48,50,51,52,53,55,56,57,60,62,63,65,66,68,70,71,73,75,76,77,78,79,81,82,83,88,90,91,92,95,96,97,98,101,104,105,106,107,108,109,112,113,116,118,119,120,121,122,123,124,125,126,127,128,130,131,133,134,136,137,138,139,140,141,142,143,145,146,147,149,150,153,155,157,159,161,162,163,164,166,169,172,175,179,180,182,183,184,185,186,187,190,192,194,196,198,199,200,201,202,205,206,207,208,211,213,214,215,216,217,218,222,224,225,226,227,229,234,235,236,239,242,243,244,245,246,247,248,249,250,251,252,253,254,255,256,258,259,261,262,263,264,266,267,268,269,270,272,273,276,279,280,281,283,284,286,287,290,295,297,298,300]].
[[45,85,89,99,168,181,277,285],[10,12,14,17,24,27,28,34,36,46,47,58,64,67,69,74,86,93,94,102,110,129,132,156,165,167,176,178,188,189,193,197,204,210,212,219,220,221,223,228,231,232,233,257,271,275,282,288,289,291,293,294],[4,6,13,15,18,19,30,41,43,49,54,59,61,72,80,84,87,100,103,111,114,115,117,135,144,148,151,152,154,158,160,170,171,173,174,177,191,195,203,209,230,237,238,240,241,260,265,274,278,292,296,299]].
[[4,6,13,15,18,19,30,41,43,49,54,59,61,72,80,84,87,100,103,111,114,115,117,135,144,148,151,152,154,158,160,170,171,173,174,177,191,195,203,209,230,237,238,240,241,260,265,274,278,292,296,299],[1,2,3,5,7,8,9,11,16,20,21,22,23,25,26,29,31,32,33,35,37,38,39,40,42,44,48,50,51,52,53,55,56,57,60,62,63,65,66,68,70,71,73,75,76,77,78,79,81,82,83,88,90,91,92,95,96,97,98,101,104,105,106,107,108,109,112,113,116,118,119,120,121,122,123,124,125,126,127,128,130,131,133,134,136,137,138,139,140,141,142,143,145,146,147,149,150,153,155,157,159,161,162,163,164,166,169,172,175,179,180,182,183,184,185,186,187,190,192,194,196,198,199,200,201,202,205,206,207,208,211,213,214,215,216,217,218,222,224,225,226,227,229,234,235,236,239,242,243,244,245,246,247,248,249,250,251,252,253,254,255,256,258,259,261,262,263,264,266,267,268,269,270,272,273,276,279,280,281,283,284,286,287,290,295,297,298,300],[45,85,89,99,168,181,277,285]].
[[4,6,13,15,18,19,30,41,43,49,54,59,61,72,80,84,87,100,103,111,114,115,117,135,144,148,151,152,154,158,160,170,171,173,174,177,191,195,203,209,230,237,238,240,241,260,265,274,278,292,296,299],[1,2,3,5,7,8,9,11,16,20,21,22,23,25,26,29,31,32,33,35,37,38,39,40,42,44,48,50,51,52,53,55,56,57,60,62,63,65,66,68,70,71,73,75,76,77,78,79,81,82,83,88,90,91,92,95,96,97,98,101,104,105,106,107,108,109,112,113,116,118,119,120,121,122,123,124,125,126,127,128,130,131,133,134,136,137,138,139,140,141,142,143,145,146,147,149,150,153,155,157,159,161,162,163,164,166,169,172,175,179,180,182,183,184,185,186,187,190,192,194,196,198,199,200,201,202,205,206,207,208,211,213,214,215,216,217,218,222,224,225,226,227,229,234,235,236,239,242,243,244,245,246,247,248,249,250,251,252,253,254,255,256,258,259,261,262,263,264,266,267,268,269,270,272,273,276,279,280,281,283,284,286,287,290,295,297,298,300],[45,85,89,99,168,181,277,285]].
[[4,6,13,15,18,19,30,41,43,49,54,59,61,72,80,84,87,100,103,111,114,115,117,135,144,148,151,152,154,158,160,170,171,173,174,177,191,195,203,209,230,237,238,240,241,260,265,274,278,292,296,299],[1,2,3,5,7,8,9,11,16,20,21,22,23,25,26,29,31,32,33,35,37,38,39,40,42,44,48,50,51,52,53,55,56,57,60,62,63,65,66,68,70,71,73,75,76,77,78,79,81,82,83,88,90,91,92,95,96,97,98,101,104,105,106,107,108,109,112,113,116,118,119,120,121,122,123,124,125,126,127,128,130,131,133,134,136,137,138,139,140,141,142,143,145,146,147,149,150,153,155,157,159,161,162,163,164,166,169,172,175,179,180,182,183,184,185,186,187,190,192,194,196,198,199,200,201,202,205,206,207,208,211,213,214,215,216,217,218,222,224,225,226,227,229,234,235,236,239,242,243,244,245,246,247,248,249,250,251,252,253,254,255,256,258,259,261,262,263,264,266,267,268,269,270,272,273,276,279,280,281,283,284,286,287,290,295,297,298,300],[45,85,89,99,168,181,277,285]].
[[1,2,3,5,7,8,9,11,16,20,21,22,23,25,26,29,31,32,33,35,37,38,39,40,42,44,48,50,51,52,53,55,56,57,60,62,63,65,66,68,70,71,73,75,76,77,78,79,81,82,83,88,90,91,92,95,96,97,98,101,104,105,106,107,108,109,112,113,116,118,119,120,121,122,123,124,125,126,127,128,130,131,133,134,136,137,138,139,140,141,142,143,145,146,147,149,150,153,155,157,159,161,162,163,164,166,169,172,175,179,180,182,183,184,185,186,187,190,192,194,196,198,199,200,201,202,205,206,207,208,211,213,214,215,216,217,218,222,224,225,226,227,229,234,235,236,239,242,243,244,245,246,247,248,249,250,251,252,253,254,255,256,258,259,261,262,263,264,266,267,268,269,270,272,273,276,279,280,281,283,284,286,287,290,295,297,298,300],[4,6,13,15,18,19,30,41,43,49,54,59,61,72,80,84,87,100,103,111,114,115,117,135,144,148,151,152,154,158,160,170,171,173,174,177,191,195,203,209,230,237,238,240,241,260,265,274,278,292,296,299],[10,12,14,17,24,27,28,34,36,46,47,58,64,67,69,74,86,93,94,102,110,129,132,156,165,167,176,178,188,189,193,197,204,210,212,219,220,221,223,228,231,232,233,257,271,275,282,288,289,291,293,294]].
[[45,85,89,99,168,181,277,285],[10,12,14,17,24,27,28,34,36,46,47,58,64,67,69,74,86,93,94,102,110,129,132,156,165,167,176,178,188,189,193,197,204,210,212,219,220,221,223,228,231,232,233,257,271,275,282,288,289,291,293,294],[4,6,13,15,18,19,30,41,43,49,54,59,61,72,80,84,87,100,103,111,114,115,117,135,144,148,151,152,154,158,160,170,171,173,174,177,191,195,203,209,230,237,238,240,241,260,265,274,278,292,296,299]].
[[4,6,13,15,18,19,30,41,43,49,54,59,61,72,80,84,87,100,103,111,114,115,117,135,144,148,151,152,154,158,160,170,171,173,174,177,191,195,203,209,230,237,238,240,241,260,265,274,278,292,296,299],[1,2,3,5,7,8,9,11,16,20,21,22,23,25,26,29,31,32,33,35,37,38,39,40,42,44,48,50,51,52,53,55,56,57,60,62,63,65,66,68,70,71,73,75,76,77,78,79,81,82,83,88,90,91,92,95,96,97,98,101,104,105,106,107,108,109,112,113,116,118,119,120,121,122,123,124,125,126,127,128,130,131,133,134,136,137,138,139,140,141,142,143,145,146,147,149,150,153,155,157,159,161,162,163,164,166,169,172,175,179,180,182,183,184,185,186,187,190,192,194,196,198,199,200,201,202,205,206,207,208,211,213,214,215,216,217,218,222,224,225,226,227,229,234,235,236,239,242,243,244,245,246,247,248,249,250,251,252,253,254,255,256,258,259,261,262,263,264,266,267,268,269,270,272,273,276,279,280,281,283,284,286,287,290,295,297,298,300],[45,85,89,99,168,181,277,285]].
[[45,85,89,99,168,181,277,285],[10,12,14,17,24,27,28,34,36,46,47,58,64,67,69,74,86,93,94,102,110,129,132,156,165,167,176,178,188,189,193,197,204,210,212,219,220,221,223,228,231,232,233,257,271,275,282,288,289,291,293,294],[4,6,13,15,18,19,30,41,43,49,54,59,61,72,80,84,87,100,103,111,114,115,117,135,144,148,151,152,154,158,160,170,171,173,174,177,191,195,203,209,230,237,238,240,241,260,265,274,278,292,296,299]].
[[45,85,89,99,168,181,277,285],[10,12,14,17,24,27,28,34,36,46,47,58,64,67,69,74,86,93,94,102,110,129,132,156,165,167,176,178,188,189,193,197,204,210,212,219,220,221,223,228,231,232,233,257,271,275,282,288,289,291,293,294],[4,6,13,15,18,19,30,41,43,49,54,59,61,72,80,84,87,100,103,111,114,115,117,135,144,148,151,152,154,158,160,170,171,173,174,177,191,195,203,209,230,237,238,240,241,260,265,274,278,292,296,299]].
[[10,12,14,17,24,27,28,34,36,46,47,58,64,67,69,74,86,93,94,102,110,129,132,156,165,167,176,178,188,189,193,197,204,210,212,219,220,221,223,228,231,232,233,257,271,275,282,288,289,291,293,294],[45,85,89,99,168,181,277,285],[1,2,3,5,7,8,9,11,16,20,21,22,23,25,26,29,31,32,33,35,37,38,39,40,42,44,48,50,51,52,53,55,56,57,60,62,63,65,66,68,70,71,73,75,76,77,78,79,81,82,83,88,90,91,92,95,96,97,98,101,104,105,106,107,108,109,112,113,116,118,119,120,121,122,123,124,125,126,127,128,130,131,133,134,136,137,138,139,140,141,142,143,145,146,147,149,150,153,155,157,159,161,162,163,164,166,169,172,175,179,180,182,183,184,185,186,187,190,192,194,196,198,199,200,201,202,205,206,207,208,211,213,214,215,216,217,218,222,224,225,226,227,229,234,235,236,239,242,243,244,245,246,247,248,249,250,251,252,253,254,255,256,258,259,261,262,263,264,266,267,268,269,270,272,273,276,279,280,281,283,284,286,287,290,295,297,298,300]].
