[[4,12,18,22,31,34,38,42,43,51,55,60,63,68,71,74,76,79,80,82,106,107,108,134,136,140,145,161,166,169,171,176,183,192,201,209,212,215,230,231,234,242,254,263,284,290,291,298],[1,3,5,6,7,8,9,10,11,13,14,15,20,23,25,27,28,29,30,35,36,37,39,40,41,44,46,48,50,53,56,57,59,61,62,64,66,67,70,73,75,77,78,81,83,86,87,88,89,90,91,92,93,94,95,97,99,100,101,102,103,105,109,110,111,112,114,115,116,117,118,119,120,121,122,126,127,128,130,131,133,135,137,138,139,141,142,143,144,150,153,156,157,158,159,162,163,164,165,167,168,170,177,178,179,180,181,182,184,185,186,188,190,191,194,195,196,197,198,199,200,202,203,204,205,208,210,211,213,214,217,218,221,222,223,224,225,226,227,228,229,232,233,235,236,238,240,241,243,244,246,247,248,250,252,253,255,257,258,260,261,262,264,265,266,267,268,269,270,271,272,273,274,275,276,277,278,279,280,281,283,285,286,287,288,292,293,294,295,296,297,300],[24,96,98,123,124,129,152,206,219,220,245,299]].
[[1,3,5,6,7,8,9,10,11,13,14,15,20,23,25,27,28,29,30,35,36,37,39,40,41,44,46,48,50,53,56,57,59,61,62,64,66,67,70,73,75,77,78,81,83,86,87,88,89,90,91,92,93,94,95,97,99,100,101,102,103,105,109,110,111,112,114,115,116,117,118,119,120,121,122,126,127,128,130,131,133,135,137,138,139,141,142,143,144,150,153,156,157,158,159,162,163,164,165,167,168,170,177,178,179,180,181,182,184,185,186,188,190,191,194,195,196,197,198,199,200,202,203,204,205,208,210,211,213,214,217,218,221,222,223,224,225,226,227,228,229,232,233,235,236,238,240,241,243,244,246,247,248,250,252,253,255,257,258,260,261,262,264,265,266,267,268,269,270,271,272,273,274,275,276,277,278,279,280,281,283,285,286,287,288,292,293,294,295,296,297,300],[4,12,18,22,31,34,38,42,43,51,55,60,63,68,71,74,76,79,80,82,106,107,108,134,136,140,145,161,166,169,171,176,183,192,201,209,212,215,230,231,234,242,254,263,284,290,291,298],[2,16,17,19,21,26,32,33,45,47,49,52,54,58,65,69,72,84,85,104,113,125,132,146,147,148,149,151,154,155,160,172,173,174,175,187,189,193,207,216,237,239,249,251,256,259,282,289]].
[[4,12,18,22,31,34,38,42,43,51,55,60,63,68,71,74,76,79,80,82,106,107,108,134,136,140,145,161,166,169,171,176,183,192,201,209,212,215,230,231,234,242,254,263,284,290,291,298],[1,3,5,6,7,8,9,10,11,13,14,15,20,23,25,27,28,29,30,35,36,37,39,40,41,44,46,48,50,53,56,57,59,61,62,64,66,67,70,73,75,77,78,81,83,86,87,88,89,90,91,92,93,94,95,97,99,100,101,102,103,105,109,110,111,112,114,115,116,117,118,119,120,121,122,126,127,128,130,131,133,135,137,138,139,141,142,143,144,150,153,156,157,158,159,162,163,164,165,167,168,170,177,178,179,180,181,182,184,185,186,188,190,191,194,195,196,197,198,199,200,202,203,204,205,208,210,211,213,214,217,218,221,222,223,224,225,226,227,228,229,232,233,235,236,238,240,241,243,244,246,247,248,250,252,253,255,257,258,260,261,262,264,265,266,267,268,269,270,271,272,273,274,275,276,277,278,279,280,281,283,285,286,287,288,292,293,294,295,296,297,300],[24,96,98,123,124,129,152,206,219,220,245,299]].
[[2,16,17,19,21,26,32,33,45,47,49,52,54,58,65,69,72,84,85,104,113,125,132,146,147,148,149,151,154,155,160,172,173,174,175,187,189,193,207,216,237,239,249,251,256,259,282,289],[24,96,98,123,124,129,152,206,219,220,245,299],[1,3,5,6,7,8,9,10,11,13,14,15,20,23,25,27,28,29,30,35,36,37,39,40,41,44,46,48,50,53,56,57,59,61,62,64,66,67,70,73,75,77,78,81,83,86,87,88,89,90,91,92,93,94,95,97,99,100,101,102,103,105,109,110,111,112,114,115,116,117,118,119,120,121,122,126,127,128,130,131,133,135,137,138,139,141,142,143,144,150,153,156,157,158,159,162,163,164,165,167,168,170,177,178,179,180,181,182,184,185,186,188,190,191,194,195,196,197,198,199,200,202,203,204,205,208,210,211,213,214,217,218,221,222,223,224,225,226,227,228,229,232,233,235,236,238,240,241,243,244,246,247,248,250,252,253,255,257,258,260,261,262,264,265,266,267,268,269,270,271,272,273,274,275,276,277,278,279,280,281,283,285,286,287,288,292,293,294,295,296,297,300]].
[[24,96,98,123,124,129,152,206,219,220,245,299],[2,16,17,19,21,26,32,33,45,47,49,52,54,58,65,69,72,84,85,104,113,125,132,146,147,148,149,151,154,155,160,172,173,174,175,187,189,193,207,216,237,239,249,251,256,259,282,289],[4,12,18,22,31,34,38,42,43,51,55,60,63,68,71,74,76,79,80,82,106,107,108,134,136,140,145,161,166,169,171,176,183,192,201,209,212,215,230,231,234,242,254,263,284,290,291,298]].
[[2,16,17,19,21,26,32,33,45,47,49,52,54,58,65,69,72,84,85,104,113,125,132,146,147,148,149,151,154,155,160,172,173,174,175,187,189,193,207,216,237,239,249,251,256,259,282,289],[24,96,98,123,124,129,152,206,219,220,245,299],[1,3,5,6,7,8,9,10,11,13,14,15,20,23,25,27,28,29,30,35,36,37,39,40,41,44,46,48,50,53,56,57,59,61,62,64,66,67,70,73,75,77,78,81,83,86,87,88,89,90,91,92,93,94,95,97,99,100,101,102,103,105,109,110,111,112,114,115,116,117,118,119,120,121,122,126,127,128,130,131,133,135,137,138,139,141,142,143,144,150,153,156,157,158,159,162,163,164,165,167,168,170,177,178,179,180,181,182,184,185,186,188,190,191,194,195,196,197,198,199,200,202,203,204,205,208,210,211,213,214,217,218,221,222,223,224,225,226,227,228,229,232,233,235,236,238,240,241,243,244,246,247,248,250,252,253,255,257,258,260,261,262,264,265,266,267,268,269,270,271,272,273,274,275,276,277,278,279,280,281,283,285,286,287,288,292,293,294,295,296,297,300]].
[[1,3,5,6,7,8,9,10,11,13,14,15,20,23,25,27,28,29,30,35,36,37,39,40,41,44,46,48,50,53,56,57,59,61,62,64,66,67,70,73,75,77,78,81,83,86,87,88,89,90,91,92,93,94,95,97,99,100,101,102,103,105,109,110,111,112,114,115,116,117,118,119,120,121,122,126,127,128,130,131,133,135,137,138,139,141,142,143,144,150,153,156,157,158,159,162,163,164,165,167,168,170,177,178,179,180,181,182,184,185,186,188,190,191,194,195,196,197,198,199,200,202,203,204,205,208,210,211,213,214,217,218,221,222,223,224,225,226,227,228,229,232,233,235,236,238,240,241,243,244,246,247,248,250,252,253,255,257,258,260,261,262,264,265,266,267,268,269,270,271,272,273,274,275,276,277,278,279,280,281,283,285,286,287,288,292,293,294,295,296,297,300],[4,12,18,22,31,34,38,42,43,51,55,60,63,68,71,74,76,79,80,82,106,107,108,134,136,140,145,161,166,169,171,176,183,192,201,209,212,215,230,231,234,242,254,263,284,290,291,298],[2,16,17,19,21,26,32,33,45,47,49,52,54,58,65,69,72,84,85,104,113,125,132,146,147,148,149,151,154,155,160,172,173,174,175,187,189,193,207,216,237,239,249,251,256,259,282,289]].
[[1,3,5,6,7,8,9,10,11,13,14,15,20,23,25,27,28,29,30,35,36,37,39,40,41,44,46,48,50,53,56,57,59,61,62,64,66,67,70,73,75,77,78,81,83,86,87,88,89,90,91,92,93,94,95,97,99,100,101,102,103,105,109,110,111,112,114,115,116,117,118,119,120,121,122,126,127,128,130,131,133,135,137,138,139,141,142,143,144,150,153,156,157,158,159,162,163,164,165,167,168,170,177,178,179,180,181,182,184,185,186,188,190,191,194,195,196,197,198,199,200,202,203,204,205,208,210,211,213,214,217,218,221,222,223,224,225,226,227,228,229,232,233,235,236,238,240,241,243,244,246,247,248,250,252,253,255,257,258,260,261,262,264,265,266,267,268,269,270,271,272,273,274,275,276,277,278,279,280,281,283,285,286,287,288,292,293,294,295,296,297,300],[4,12,18,22,31,34,38,42,43,51,55,60,63,68,71,74,76,79,80,82,106,107,108,134,136,140,145,161,166,169,171,176,183,192,201,209,212,215,230,231,234,242,254,263,284,290,291,298],[2,16,17,19,21,26,32,33,45,47,49,52,54,58,65,69,72,84,85,104,113,125,132,146,147,148,149,151,154,155,160,172,173,174,175,187,189,193,207,216,237,239,249,251,256,259,282,289]].
[[2,16,17,19,21,26,32,33,45,47,49,52,54,58,65,69,72,84,85,104,113,125,132,146,147,148,149,151,154,155,160,172,173,174,175,187,189,193,207,216,237,239,249,251,256,259,282,289],[24,96,98,123,124,129,152,206,219,220,245,299],[1,3,5,6,7,8,9,10,11,13,14,15,20,23,25,27,28,29,30,35,36,37,39,40,41,44,46,48,50,53,56,57,59,61,62,64,66,67,70,73,75,77,78,81,83,86,87,88,89,90,91,92,93,94,95,97,99,100,101,102,103,105,109,110,111,112,114,115,116,117,118,119,120,121,122,126,127,128,130,131,133,135,137,138,139,141,142,143,144,150,153,156,157,158,159,162,163,164,165,167,168,170,177,178,179,180,181,182,184,185,186,188,190,191,194,195,196,197,198,199,200,202,203,204,205,208,210,211,213,214,217,218,221,222,223,224,225,226,227,228,229,232,233,235,236,238,240,241,243,244,246,247,248,250,252,253,255,257,258,260,261,262,264,265,266,267,268,269,270,271,272,273,274,275,276,277,278,279,280,281,283,285,286,287,288,292,293,294,295,296,297,300]].
[[4,12,18,22,31,34,38,42,43,51,55,60,63,68,71,74,76,79,80,82,106,107,108,134,136,140,145,161,166,169,171,176,183,192,201,209,212,215,230,231,234,242,254,263,284,290,291,298],[1,3,5,6,7,8,9,10,11,13,14,15,20,23,25,27,28,29,30,35,36,37,39,40,41,44,46,48,50,53,56,57,59,61,62,64,66,67,70,73,75,77,78,81,83,86,87,88,89,90,91,92,93,94,95,97,99,100,101,102,103,105,109,110,111,112,114,115,116,117,118,119,120,121,122,126,127,128,130,131,133,135,137,138,139,141,142,143,144,150,153,156,157,158,159,162,163,164,165,167,168,170,177,178,179,180,181,182,184,185,186,188,190,191,194,195,196,197,198,199,200,202,203,204,205,208,210,211,213,214,217,218,221,222,223,224,225,226,227,228,229,232,233,235,236,238,240,241,243,244,246,247,248,250,252,253,255,257,258,260,261,262,264,265,266,267,268,269,270,271,272,273,274,275,276,277,278,279,280,281,283,285,286,287,288,292,293,294,295,296,297,300],[24,96,98,123,124,129,152,206,219,220,245,299]].
[[24,96,98,123,124,129,152,206,219,220,245,299],[2,16,17,19,21,26,32,33,45,47,49,52,54,58,65,69,72,84,85,104,113,125,132,146,147,148,149,151,154,155,160,172,173,174,175,187,189,193,207,216,237,239,249,251,256,259,282,289],[4,12,18,22,31,34,38,42,43,51,55,60,63,68,71,74,76,79,80,82,106,107,108,134,136,140,145,161,166,169,171,176,183,192,201,209,212,215,230,231,234,242,254,263,284,290,291,298]].
[[24,96,98,123,124,129,152,206,219,220,245,299],[2,16,17,19,21,26,32,33,45,47,49,52,54,58,65,69,72,84,85,104,113,125,132,146,147,148,149,151,154,155,160,172,173,174,175,187,189,193,207,216,237,239,249,251,256,259,282,289],[4,12,18,22,31,34,38,42,43,51,55,60,63,68,71,74,76,79,80,82,106,107,108,134,136,140,145,161,166,169,171,176,183,192,201,209,212,215,230,231,234,242,254,263,284,290,291,298]].
[[24,96,98,123,124,129,152,206,219,220,245,299],[2,16,17,19,21,26,32,33,45,47,49,52,54,58,65,69,72,84,85,104,113,125,132,146,147,148,149,151,154,155,160,172,173,174,175,187,189,193,207,216,237,239,249,251,256,259,282,289],[4,12,18,22,31,34,38,42,43,51,55,60,63,68,71,74,76,79,80,82,106,107,108,134,136,140,145,161,166,169,171,176,183,192,201,209,212,215,230,231,234,242,254,263,284,290,291,298]].
[[1,3,5,6,7,8,9,10,11,13,14,15,20,23,25,27,28,29,30,35,36,37,39,40,41,44,46,48,50,53,56,57,59,61,62,64,66,67,70,73,75,77,78,81,83,86,87,88,89,90,91,92,93,94,95,97,99,100,101,102,103,105,109,110,111,112,114,115,116,117,118,119,120,121,122,126,127,128,130,131,133,135,137,138,139,141,142,143,144,150,153,156,157,158,159,162,163,164,165,167,168,170,177,178,179,180,181,182,184,185,186,188,190,191,194,195,196,197,198,199,200,202,203,204,205,208,210,211,213,214,217,218,221,222,223,224,225,226,227,228,229,232,233,235,236,238,240,241,243,244,246,247,248,250,252,253,255,257,258,260,261,262,264,265,266,267,268,269,270,271,272,273,274,275,276,277,278,279,280,281,283,285,286,287,288,292,293,294,295,296,297,300],[4,12,18,22,31,34,38,42,43,51,55,60,63,68,71,74,76,79,80,82,106,107,108,134,136,140,145,161,166,169,171,176,183,192,201,209,212,215,230,231,234,242,254,263,284,290,291,298],[2,16,17,19,21,26,32,33,45,47,49,52,54,58,65,69,72,84,85,104,113,125,132,146,147,148,149,151,154,155,160,172,173,174,175,187,189,193,207,216,237,239,249,251,256,259,282,289]].
[[2,16,17,19,21,26,32,33,45,47,49,52,54,58,65,69,72,84,85,104,113,125,132,146,147,148,149,151,154,155,160,172,173,174,175,187,189,193,207,216,237,239,249,251,256,259,282,289],[24,96,98,123,124,129,152,206,219,220,245,299],[1,3,5,6,7,8,9,10,11,13,14,15,20,23,25,27,28,29,30,35,36,37,39,40,41,44,46,48,50,53,56,57,59,61,62,64,66,67,70,73,75,77,78,81,83,86,87,88,89,90,91,92,93,94,95,97,99,100,101,102,103,105,109,110,111,112,114,115,116,117,118,119,120,121,122,126,127,128,130,131,133,135,137,138,139,141,142,143,144,150,153,156,157,158,159,162,163,164,165,167,168,170,177,178,179,180,181,182,184,185,186,188,190,191,194,195,196,197,198,199,200,202,203,204,205,208,210,211,213,214,217,218,221,222,223,224,225,226,227,228,229,232,233,235,236,238,240,241,243,244,246,247,248,250,252,253,255,257,258,260,261,262,264,265,266,267,268,269,270,271,272,273,274,275,276,277,278,279,280,281,283,285,286,287,288,292,293,294,295,296,297,300]].
[[1,3,5,6,7,8,9,10,11,13,14,15,20,23,25,27,28,29,30,35,36,37,39,40,41,44,46,48,50,53,56,57,59,61,62,64,66,67,70,73,75,77,78,81,83,86,87,88,89,90,91,92,93,94,95,97,99,100,101,102,103,105,109,110,111,112,114,115,116,117,118,119,120,121,122,126,127,128,130,131,133,135,137,138,139,141,142,143,144,150,153,156,157,158,159,162,163,164,165,167,168,170,177,178,179,180,181,182,184,185,186,188,190,191,194,195,196,197,198,199,200,202,203,204,205,208,210,211,213,214,217,218,221,222,223,224,225,226,227,228,229,232,233,235,236,238,240,241,243,244,246,247,248,250,252,253,255,257,258,260,261,262,264,265,266,267,268,269,270,271,272,273,274,275,276,277,278,279,280,281,283,285,286,287,288,292,293,294,295,296,297,300],[4,12,18,22,31,34,38,42,43,51,55,60,63,68,71,74,76,79,80,82,106,107,108,134,136,140,145,161,166,169,171,176,183,192,201,209,212,215,230,231,234,242,254,263,284,290,291,298],[2,16,17,19,21,26,32,33,45,47,49,52,54,58,65,69,72,84,85,104,113,125,132,146,147,148,149,151,154,155,160,172,173,174,175,187,189,193,207,216,237,239,249,251,256,259,282,289]].
[[2,16,17,19,21,26,32,33,45,47,49,52,54,58,65,69,72,84,85,104,113,125,132,146,147,148,149,151,154,155,160,172,173,174,175,187,189,193,207,216,237,239,249,251,256,259,282,289],[24,96,98,123,124,129,152,206,219,220,245,299],[1,3,5,6,7,8,9,10,11,13,14,15,20,23,25,27,28,29,30,35,36,37,39,40,41,44,46,48,50,53,56,57,59,61,62,64,66,67,70,73,75,77,78,81,83,86,87,88,89,90,91,92,93,94,95,97,99,100,101,102,103,105,109,110,111,112,114,115,116,117,118,119,120,121,122,126,127,128,130,131,133,135,137,138,139,141,142,143,144,150,153,156,157,158,159,162,163,164,165,167,168,170,177,178,179,180,181,182,184,185,186,188,190,191,194,195,196,197,198,199,200,202,203,204,205,208,210,211,213,214,217,218,221,222,223,224,225,226,227,228,229,232,233,235,236,238,240,241,243,244,246,247,248,250,252,253,255,257,258,260,261,262,264,265,266,267,268,269,270,271,272,273,274,275,276,277,278,279,280,281,283,285,286,287,288,292,293,294,295,296,297,300]].
[[4,12,18,22,31,34,38,42,43,51,55,60,63,68,71,74,76,79,80,82,106,107,108,134,136,140,145,161,166,169,171,176,183,192,201,209,212,215,230,231,234,242,254,263,284,290,291,298],[1,3,5,6,7,8,9,10,11,13,14,15,20,23,25,27,28,29,30,35,36,37,39,40,41,44,46,48,50,53,56,57,59,61,62,64,66,67,70,73,75,77,78,81,83,86,87,88,89,90,91,92,93,94,95,97,99,100,101,102,103,105,109,110,111,112,114,115,116,117,118,119,120,121,122,126,127,128,130,131,133,135,137,138,139,141,142,143,144,150,153,156,157,158,159,162,163,164,165,167,168,170,177,178,179,180,181,182,184,185,186,188,190,191,194,195,196,197,198,199,200,202,203,204,205,208,210,211,213,214,217,218,221,222,223,224,225,226,227,228,229,232,233,235,236,238,240,241,243,244,246,247,248,250,252,253,255,257,258,260,261,262,264,265,266,267,268,269,270,271,272,273,274,275,276,277,278,279,280,281,283,285,286,287,288,292,293,294,295,296,297,300],[24,96,98,123,124,129,152,206,219,220,245,299]].
[[1,3,5,6,7,8,9,10,11,13,14,15,20,23,25,27,28,29,30,35,36,37,39,40,41,44,46,48,50,53,56,57,59,61,62,64,66,67,70,73,75,77,78,81,83,86,87,88,89,90,91,92,93,94,95,97,99,100,101,102,103,105,109,110,111,112,114,115,116,117,118,119,120,121,122,126,127,128,130,131,133,135,137,138,139,141,142,143,144,150,153,156,157,158,159,162,163,164,165,167,168,170,177,178,179,180,181,182,184,185,186,188,190,191,194,195,196,197,198,199,200,202,203,204,205,208,210,211,213,214,217,218,221,222,223,224,225,226,227,228,229,232,233,235,236,238,240,241,243,244,246,247,248,250,252,253,255,257,258,260,261,262,264,265,266,267,268,269,270,271,272,273,274,275,276,277,278,279,280,281,283,285,286,287,288,292,293,294,295,296,297,300],[4,12,18,22,31,34,38,42,43,51,55,60,63,68,71,74,76,79,80,82,106,107,108,134,136,140,145,161,166,169,171,176,183,192,201,209,212,215,230,231,234,242,254,263,284,290,291,298],[2,16,17,19,21,26,32,33,45,47,49,52,54,58,65,69,72,84,85,104,113,125,132,146,147,148,149,151,154,155,160,172,173,174,175,187,189,193,207,216,237,239,249,251,256,259,282,289]].
[[24,96,98,123,124,129,152,206,219,220,245,299],[2,16,17,19,21,26,32,33,45,47,49,52,54,58,65,69,72,84,85,104,113,125,132,146,147,148,149,151,154,155,160,172,173,174,175,187,189,193,207,216,237,239,249,251,256,259,282,289],[4,12,18,22,31,34,38,42,43,51,55,60,63,68,71,74,76,79,80,82,106,107,108,134,136,140,145,161,166,169,171,176,183,192,201,209,212,215,230,231,234,242,254,263,284,290,291,298]].
[[24,96,98,123,124,129,152,206,219,220,245,299],[2,16,17,19,21,26,32,33,45,47,49,52,54,58,65,69,72,84,85,104,113,125,132,146,147,148,149,151,154,155,160,172,173,174,175,187,189,193,207,216,237,239,249,251,256,259,282,289],[4,12,18,22,31,34,38,42,43,51,55,60,63,68,71,74,76,79,80,82,106,107,108,134,136,140,145,161,166,169,171,176,183,192,201,209,212,215,230,231,234,242,254,263,284,290,291,298]].
[[24,96,98,123,124,129,152,206,219,220,245,299],[2,16,17,19,21,26,32,33,45,47,49,52,54,58,65,69,72,84,85,104,113,125,132,146,147,148,149,151,154,155,160,172,173,174,175,187,189,193,207,216,237,239,249,251,256,259,282,289],[4,12,18,22,31,34,38,42,43,51,55,60,63,68,71,74,76,79,80,82,106,107,108,134,136,140,145,161,166,169,171,176,183,192,201,209,212,215,230,231,234,242,254,263,284,290,291,298]].
[[1,3,5,6,7,8,9,10,11,13,14,15,20,23,25,27,28,29,30,35,36,37,39,40,41,44,46,48,50,53,56,57,59,61,62,64,66,67,70,73,75,77,78,81,83,86,87,88,89,90,91,92,93,94,95,97,99,100,101,102,103,105,109,110,111,112,114,115,116,117,118,119,120,121,122,126,127,128,130,131,133,135,137,138,139,141,142,143,144,150,153,156,157,158,159,162,163,164,165,167,168,170,177,178,179,180,181,182,184,185,186,188,190,191,194,195,196,197,198,199,200,202,203,204,205,208,210,211,213,214,217,218,221,222,223,224,225,226,227,228,229,232,233,235,236,238,240,241,243,244,246,247,248,250,252,253,255,257,258,260,261,262,264,265,266,267,268,269,270,271,272,273,274,275,276,277,278,279,280,281,283,285,286,287,288,292,293,294,295,296,297,300],[4,12,18,22,31,34,38,42,43,51,55,60,63,68,71,74,76,79,80,82,106,107,108,134,136,140,145,161,166,169,171,176,183,192,201,209,212,215,230,231,234,242,254,263,284,290,291,298],[2,16,17,19,21,26,32,33,45,47,49,52,54,58,65,69,72,84,85,104,113,125,132,146,147,148,149,151,154,155,160,172,173,174,175,187,189,193,207,216,237,239,249,251,256,259,282,289]].
[[24,96,98,123,124,129,152,206,219,220,245,299],[2,16,17,19,21,26,32,33,45,47,49,52,54,58,65,69,72,84,85,104,113,125,132,146,147,148,149,151,154,155,160,172,173,174,175,187,189,193,207,216,237,239,249,251,256,259,282,289],[4,12,18,22,31,34,38,42,43,51,55,60,63,68,71,74,76,79,80,82,106,107,108,134,136,140,145,161,166,169,171,176,183,192,201,209,212,215,230,231,234,242,254,263,284,290,291,298]].
[[4,12,18,22,31,34,38,42,43,51,55,60,63,68,71,74,76,79,80,82,106,107,108,134,136,140,145,161,166,169,171,176,183,192,201,209,212,215,230,231,234,242,254,263,284,290,291,298],[1,3,5,6,7,8,9,10,11,13,14,15,20,23,25,27,28,29,30,35,36,37,39,40,41,44,46,48,50,53,56,57,59,61,62,64,66,67,70,73,75,77,78,81,83,86,87,88,89,90,91,92,93,94,95,97,99,100,101,102,103,105,109,110,111,112,114,115,116,117,118,119,120,121,122,126,127,128,130,131,133,135,137,138,139,141,142,143,144,150,153,156,157,158,159,162,163,164,165,167,168,170,177,178,179,180,181,182,184,185,186,188,190,191,194,195,196,197,198,199,200,202,203,204,205,208,210,211,213,214,217,218,221,222,223,224,225,226,227,228,229,232,233,235,236,238,240,241,243,244,246,247,248,250,252,253,255,257,258,260,261,262,264,265,266,267,268,269,270,271,272,273,274,275,276,277,278,279,280,281,283,285,286,287,288,292,293,294,295,296,297,300],[24,96,98,123,124,129,152,206,219,220,245,299]].
[[24,96,98,123,124,129,152,206,219,220,245,299],[2,16,17,19,21,26,32,33,45,47,49,52,54,58,65,69,72,84,85,104,113,125,132,146,147,148,149,151,154,155,160,172,173,174,175,187,189,193,207,216,237,239,249,251,256,259,282,289],[4,12,18,22,31,34,38,42,43,51,55,60,63,68,71,74,76,79,80,82,106,107,108,134,136,140,145,161,166,169,171,176,183,192,201,209,212,215,230,231,234,242,254,263,284,290,291,298]].
[[4,12,18,22,31,34,38,42,43,51,55,60,63,68,71,74,76,79,80,82,106,107,108,134,136,140,145,161,166,169,171,176,183,192,201,209,212,215,230,231,234,242,254,263,284,290,291,298],[1,3,5,6,7,8,9,10,11,13,14,15,20,23,25,27,28,29,30,35,36,37,39,40,41,44,46,48,50,53,56,57,59,61,62,64,66,67,70,73,75,77,78,81,83,86,87,88,89,90,91,92,93,94,95,97,99,100,101,102,103,105,109,110,111,112,114,115,116,117,118,119,120,121,122,126,127,128,130,131,133,135,137,138,139,141,142,143,144,150,153,156,157,158,159,162,163,164,165,167,168,170,177,178,179,180,181,182,184,185,186,188,190,191,194,195,196,197,198,199,200,202,203,204,205,208,210,211,213,214,217,218,221,222,223,224,225,226,227,228,229,232,233,235,236,238,240,241,243,244,246,247,248,250,252,253,255,257,258,260,261,262,264,265,266,267,268,269,270,271,272,273,274,275,276,277,278,279,280,281,283,285,286,287,288,292,293,294,295,296,297,300],[24,96,98,123,124,129,152,206,219,220,245,299]].
[[24,96,98,123,124,129,152,206,219,220,245,299],[2,16,17,19,21,26,32,33,45,47,49,52,54,58,65,69,72,84,85,104,113,125,132,146,147,148,149,151,154,155,160,172,173,174,175,187,189,193,207,216,237,239,249,251,256,259,282,289],[4,12,18,22,31,34,38,42,43,51,55,60,63,68,71,74,76,79,80,82,106,107,108,134,136,140,145,161,166,169,171,176,183,192,201,209,212,215,230,231,234,242,254,263,284,290,291,298]].
[[1,3,5,6,7,8,9,10,11,13,14,15,20,23,25,27,28,29,30,35,36,37,39,40,41,44,46,48,50,53,56,57,59,61,62,64,66,67,70,73,75,77,78,81,83,86,87,88,89,90,91,92,93,94,95,97,99,100,101,102,103,105,109,110,111,112,114,115,116,117,118,119,120,121,122,126,127,128,130,131,133,135,137,138,139,141,142,143,144,150,153,156,157,158,159,162,163,164,165,167,168,170,177,178,179,180,181,182,184,185,186,188,190,191,194,195,196,197,198,199,200,202,203,204,205,208,210,211,213,214,217,218,221,222,223,224,225,226,227,228,229,232,233,235,236,238,240,241,243,244,246,247,248,250,252,253,255,257,258,260,261,262,264,265,266,267,268,269,270,271,272,273,274,275,276,277,278,279,280,281,283,285,286,287,288,292,293,294,295,296,297,300],[4,12,18,22,31,34,38,42,43,51,55,60,63,68,71,74,76,79,80,82,106,107,108,134,136,140,145,161,166,169,171,176,183,192,201,209,212,215,230,231,234,242,254,263,284,290,291,298],[2,16,17,19,21,26,32,33,45,47,49,52,54,58,65,69,72,84,85,104,113,125,132,146,147,148,149,151,154,155,160,172,173,174,175,187,189,193,207,216,237,239,249,251,256,259,282,289]].
[[1,3,5,6,7,8,9,10,11,13,14,15,20,23,25,27,28,29,30,35,36,37,39,40,41,44,46,48,50,53,56,57,59,61,62,64,66,67,70,73,75,77,78,81,83,86,87,88,89,90,91,92,93,94,95,97,99,100,101,102,103,105,109,110,111,112,114,115,116,117,118,119,120,121,122,126,127,128,130,131,133,135,137,138,139,141,142,143,144,150,153,156,157,158,159,162,163,164,165,167,168,170,177,178,179,180,181,182,184,185,186,188,190,191,194,195,196,197,198,199,200,202,203,204,205,208,210,211,213,214,217,218,221,222,223,224,225,226,227,228,229,232,233,235,236,238,240,241,243,244,246,247,248,250,252,253,255,257,258,260,261,262,264,265,266,267,268,269,270,271,272,273,274,275,276,277,278,279,280,281,283,285,286,287,288,292,293,294,295,296,297,300],[4,12,18,22,31,34,38,42,43,51,55,60,63,68,71,74,76,79,80,82,106,107,108,134,136,140,145,161,166,169,171,176,183,192,201,209,212,215,230,231,234,242,254,263,284,290,291,298],[2,16,17,19,21,26,32,33,45,47,49,52,54,58,65,69,72,84,85,104,113,125,132,146,147,148,149,151,154,155,160,172,173,174,175,187,189,193,207,216,237,239,249,251,256,259,282,289]].
[[24,96,98,123,124,129,152,206,219,220,245,299],[2,16,17,19,21,26,32,33,45,47,49,52,54,58,65,69,72,84,85,104,113,125,132,146,147,148,149,151,154,155,160,172,173,174,175,187,189,193,207,216,237,239,249,251,256,259,282,289],[4,12,18,22,31,34,38,42,43,51,55,60,63,68,71,74,76,79,80,82,106,107,108,134,136,140,145,161,166,169,171,176,183,192,201,209,212,215,230,231,234,242,254,263,284,290,291,298]].
[[1,3,5,6,7,8,9,10,11,13,14,15,20,23,25,27,28,29,30,35,36,37,39,40,41,44,46,48,50,53,56,57,59,61,62,64,66,67,70,73,75,77,78,81,83,86,87,88,89,90,91,92,93,94,95,97,99,100,101,102,103,105,109,110,111,112,114,115,116,117,118,119,120,121,122,126,127,128,130,131,133,135,137,138,139,141,142,143,144,150,153,156,157,158,159,162,163,164,165,167,168,170,177,178,179,180,181,182,184,185,186,188,190,191,194,195,196,197,198,199,200,202,203,204,205,208,210,211,213,214,217,218,221,222,223,224,225,226,227,228,229,232,233,235,236,238,240,241,243,244,246,247,248,250,252,253,255,257,258,260,261,262,264,265,266,267,268,269,270,271,272,273,274,275,276,277,278,279,280,281,283,285,286,287,288,292,293,294,295,296,297,300],[4,12,18,22,31,34,38,42,43,51,55,60,63,68,71,74,76,79,80,82,106,107,108,134,136,140,145,161,166,169,171,176,183,192,201,209,212,215,230,231,234,242,254,263,284,290,291,298],[2,16,17,19,21,26,32,33,45,47,49,52,54,58,65,69,72,84,85,104,113,125,132,146,147,148,149,151,154,155,160,172,173,174,175,187,189,193,207,216,237,239,249,251,256,259,282,289]].
[[1,3,5,6,7,8,9,10,11,13,14,15,20,23,25,27,28,29,30,35,36,37,39,40,41,44,46,48,50,53,56,57,59,61,62,64,66,67,70,73,75,77,78,81,83,86,87,88,89,90,91,92,93,94,95,97,99,100,101,102,103,105,109,110,111,112,114,115,116,117,118,119,120,121,122,126,127,128,130,131,133,135,137,138,139,141,142,143,144,150,153,156,157,158,159,162,163,164,165,167,168,170,177,178,179,180,181,182,184,185,186,188,190,191,194,195,196,197,198,199,200,202,203,204,205,208,210,211,213,214,217,218,221,222,223,224,225,226,227,228,229,232,233,235,236,238,240,241,243,244,246,247,248,250,252,253,255,257,258,260,261,262,264,265,266,267,268,269,270,271,272,273,274,275,276,277,278,279,280,281,283,285,286,287,288,292,293,294,295,296,297,300],[4,12,18,22,31,34,38,42,43,51,55,60,63,68,71,74,76,79,80,82,106,107,108,134,136,140,145,161,166,169,171,176,183,192,201,209,212,215,230,231,234,242,254,263,284,290,291,298],[2,16,17,19,21,26,32,33,45,47,49,52,54,58,65,69,72,84,85,104,113,125,132,146,147,148,149,151,154,155,160,172,173,174,175,187,189,193,207,216,237,239,249,251,256,259,282,289]].
[[1,3,5,6,7,8,9,10,11,13,14,15,20,23,25,27,28,29,30,35,36,37,39,40,41,44,46,48,50,53,56,57,59,61,62,64,66,67,70,73,75,77,78,81,83,86,87,88,89,90,91,92,93,94,95,97,99,100,101,102,103,105,109,110,111,112,114,115,116,117,118,119,120,121,122,126,127,128,130,131,133,135,137,138,139,141,142,143,144,150,153,156,157,158,159,162,163,164,165,167,168,170,177,178,179,180,181,182,184,185,186,188,190,191,194,195,196,197,198,199,200,202,203,204,205,208,210,211,213,214,217,218,221,222,223,224,225,226,227,228,229,232,233,235,236,238,240,241,243,244,246,247,248,250,252,253,255,257,258,260,261,262,264,265,266,267,268,269,270,271,272,273,274,275,276,277,278,279,280,281,283,285,286,287,288,292,293,294,295,296,297,300],[4,12,18,22,31,34,38,42,43,51,55,60,63,68,71,74,76,79,80,82,106,107,108,134,136,140,145,161,166,169,171,176,183,192,201,209,212,215,230,231,234,242,254,263,284,290,291,298],[2,16,17,19,21,26,32,33,45,47,49,52,54,58,65,69,72,84,85,104,113,125,132,146,147,148,149,151,154,155,160,172,173,174,175,187,189,193,207,216,237,239,249,251,256,259,282,289]].
[[4,12,18,22,31,34,38,42,43,51,55,60,63,68,71,74,76,79,80,82,106,107,108,134,136,140,145,161,166,169,171,176,183,192,201,209,212,215,230,231,234,242,254,263,284,290,291,298],[1,3,5,6,7,8,9,10,11,13,14,15,20,23,25,27,28,29,30,35,36,37,39,40,41,44,46,48,50,53,56,57,59,61,62,64,66,67,70,73,75,77,78,81,83,86,87,88,89,90,91,92,93,94,95,97,99,100,101,102,103,105,109,110,111,112,114,115,116,117,118,119,120,121,122,126,127,128,130,131,133,135,137,138,139,141,142,143,144,150,153,156,157,158,159,162,163,164,165,167,168,170,177,178,179,180,181,182,184,185,186,188,190,191,194,195,196,197,198,199,200,202,203,204,205,208,210,211,213,214,217,218,221,222,223,224,225,226,227,228,229,232,233,235,236,238,240,241,243,244,246,247,248,250,252,253,255,257,258,260,261,262,264,265,266,267,268,269,270,271,272,273,274,275,276,277,278,279,280,281,283,285,286,287,288,292,293,294,295,296,297,300],[24,96,98,123,124,129,152,206,219,220,245,299]].
[[1,3,5,6,7,8,9,10,11,13,14,15,20,23,25,27,28,29,30,35,36,37,39,40,41,44,46,48,50,53,56,57,59,61,62,64,66,67,70,73,75,77,78,81,83,86,87,88,89,90,91,92,93,94,95,97,99,100,101,102,103,105,109,110,111,112,114,115,116,117,118,119,120,121,122,126,127,128,130,131,133,135,137,138,139,141,142,143,144,150,153,156,157,158,159,162,163,164,165,167,168,170,177,178,179,180,181,182,184,185,186,188,190,191,194,195,196,197,198,199,200,202,203,204,205,208,210,211,213,214,217,218,221,222,223,224,225,226,227,228,229,232,233,235,236,238,240,241,243,244,246,247,248,250,252,253,255,257,258,260,261,262,264,265,266,267,268,269,270,271,272,273,274,275,276,277,278,279,280,281,283,285,286,287,288,292,293,294,295,296,297,300],[4,12,18,22,31,34,38,42,43,51,55,60,63,68,71,74,76,79,80,82,106,107,108,134,136,140,145,161,166,169,171,176,183,192,201,209,212,215,230,231,234,242,254,263,284,290,291,298],[2,16,17,19,21,26,32,33,45,47,49,52,54,58,65,69,72,84,85,104,113,125,132,146,147,148,149,151,154,155,160,172,173,174,175,187,189,193,207,216,237,239,249,251,256,259,282,289]].
[[24,96,98,123,124,129,152,206,219,220,245,299],[2,16,17,19,21,26,32,33,45,47,49,52,54,58,65,69,72,84,85,104,113,125,132,146,147,148,149,151,154,155,160,172,173,174,175,187,189,193,207,216,237,239,249,251,256,259,282,289],[4,12,18,22,31,34,38,42,43,51,55,60,63,68,71,74,76,79,80,82,106,107,108,134,136,140,145,161,166,169,171,176,183,192,201,209,212,215,230,231,234,242,254,263,284,290,291,298]].
[[4,12,18,22,31,34,38,42,43,51,55,60,63,68,71,74,76,79,80,82,106,107,108,134,136,140,145,161,166,169,171,176,183,192,201,209,212,215,230,231,234,242,254,263,284,290,291,298],[1,3,5,6,7,8,9,10,11,13,14,15,20,23,25,27,28,29,30,35,36,37,39,40,41,44,46,48,50,53,56,57,59,61,62,64,66,67,70,73,75,77,78,81,83,86,87,88,89,90,91,92,93,94,95,97,99,100,101,102,103,105,109,110,111,112,114,115,116,117,118,119,120,121,122,126,127,128,130,131,133,135,137,138,139,141,142,143,144,150,153,156,157,158,159,162,163,164,165,167,168,170,177,178,179,180,181,182,184,185,186,188,190,191,194,195,196,197,198,199,200,202,203,204,205,208,210,211,213,214,217,218,221,222,223,224,225,226,227,228,229,232,233,235,236,238,240,241,243,244,246,247,248,250,252,253,255,257,258,260,261,262,264,265,266,267,268,269,270,271,272,273,274,275,276,277,278,279,280,281,283,285,286,287,288,292,293,294,295,296,297,300],[24,96,98,123,124,129,152,206,219,220,245,299]].
[[2,16,17,19,21,26,32,33,45,47,49,52,54,58,65,69,72,84,85,104,113,125,132,146,147,148,149,151,154,155,160,172,173,174,175,187,189,193,207,216,237,239,249,251,256,259,282,289],[24,96,98,123,124,129,152,206,219,220,245,299],[1,3,5,6,7,8,9,10,11,13,14,15,20,23,25,27,28,29,30,35,36,37,39,40,41,44,46,48,50,53,56,57,59,61,62,64,66,67,70,73,75,77,78,81,83,86,87,88,89,90,91,92,93,94,95,97,99,100,101,102,103,105,109,110,111,112,114,115,116,117,118,119,120,121,122,126,127,128,130,131,133,135,137,138,139,141,142,143,144,150,153,156,157,158,159,162,163,164,165,167,168,170,177,178,179,180,181,182,184,185,186,188,190,191,194,195,196,197,198,199,200,202,203,204,205,208,210,211,213,214,217,218,221,222,223,224,225,226,227,228,229,232,233,235,236,238,240,241,243,244,246,247,248,250,252,253,255,257,258,260,261,262,264,265,266,267,268,269,270,271,272,273,274,275,276,277,278,279,280,281,283,285,286,287,288,292,293,294,295,296,297,300]].
[[1,3,5,6,7,8,9,10,11,13,14,15,20,23,25,27,28,29,30,35,36,37,39,40,41,44,46,48,50,53,56,57,59,61,62,64,66,67,70,73,75,77,78,81,83,86,87,88,89,90,91,92,93,94,95,97,99,100,101,102,103,105,109,110,111,112,114,115,116,117,118,119,120,121,122,126,127,128,130,131,133,135,137,138,139,141,142,143,144,150,153,156,157,158,159,162,163,164,165,167,168,170,177,178,179,180,181,182,184,185,186,188,190,191,194,195,196,197,198,199,200,202,203,204,205,208,210,211,213,214,217,218,221,222,223,224,225,226,227,228,229,232,233,235,236,238,240,241,243,244,246,247,248,250,252,253,255,257,258,260,261,262,264,265,266,267,268,269,270,271,272,273,274,275,276,277,278,279,280,281,283,285,286,287,288,292,293,294,295,296,297,300],[4,12,18,22,31,34,38,42,43,51,55,60,63,68,71,74,76,79,80,82,106,107,108,134,136,140,145,161,166,169,171,176,183,192,201,209,212,215,230,231,234,242,254,263,284,290,291,298],[2,16,17,19,21,26,32,33,45,47,49,52,54,58,65,69,72,84,85,104,113,125,132,146,147,148,149,151,154,155,160,172,173,174,175,187,189,193,207,216,237,239,249,251,256,259,282,289]].
[[4,12,18,22,31,34,38,42,43,51,55,60,63,68,71,74,76,79,80,82,106,107,108,134,136,140,145,161,166,169,171,176,183,192,201,209,212,215,230,231,234,242,254,263,284,290,291,298],[1,3,5,6,7,8,9,10,11,13,14,15,20,23,25,27,28,29,30,35,36,37,39,40,41,44,46,48,50,53,56,57,59,61,62,64,66,67,70,73,75,77,78,81,83,86,87,88,89,90,91,92,93,94,95,97,99,100,101,102,103,105,109,110,111,112,114,115,116,117,118,119,120,121,122,126,127,128,130,131,133,135,137,138,139,141,142,143,144,150,153,156,157,158,159,162,163,164,165,167,168,170,177,178,179,180,181,182,184,185,186,188,190,191,194,195,196,197,198,199,200,202,203,204,205,208,210,211,213,214,217,218,221,222,223,224,225,226,227,228,229,232,233,235,236,238,240,241,243,244,246,247,248,250,252,253,255,257,258,260,261,262,264,265,266,267,268,269,270,271,272,273,274,275,276,277,278,279,280,281,283,285,286,287,288,292,293,294,295,296,297,300],[24,96,98,123,124,129,152,206,219,220,245,299]].
[[1,3,5,6,7,8,9,10,11,13,14,15,20,23,25,27,28,29,30,35,36,37,39,40,41,44,46,48,50,53,56,57,59,61,62,64,66,67,70,73,75,77,78,81,83,86,87,88,89,90,91,92,93,94,95,97,99,100,101,102,103,105,109,110,111,112,114,115,116,117,118,119,120,121,122,126,127,128,130,131,133,135,137,138,139,141,142,143,144,150,153,156,157,158,159,162,163,164,165,167,168,170,177,178,179,180,181,182,184,185,186,188,190,191,194,195,196,197,198,199,200,202,203,204,205,208,210,211,213,214,217,218,221,222,223,224,225,226,227,228,229,232,233,235,236,238,240,241,243,244,246,247,248,250,252,253,255,257,258,260,261,262,264,265,266,267,268,269,270,271,272,273,274,275,276,277,278,279,280,281,283,285,286,287,288,292,293,294,295,296,297,300],[4,12,18,22,31,34,38,42,43,51,55,60,63,68,71,74,76,79,80,82,106,107,108,134,136,140,145,161,166,169,171,176,183,192,201,209,212,215,230,231,234,242,254,263,284,290,291,298],[2,16,17,19,21,26,32,33,45,47,49,52,54,58,65,69,72,84,85,104,113,125,132,146,147,148,149,151,154,155,160,172,173,174,175,187,189,193,207,216,237,239,249,251,256,259,282,289]].
[[1,3,5,6,7,8,9,10,11,13,14,15,20,23,25,27,28,29,30,35,36,37,39,40,41,44,46,48,50,53,56,57,59,61,62,64,66,67,70,73,75,77,78,81,83,86,87,88,89,90,91,92,93,94,95,97,99,100,101,102,103,105,109,110,111,112,114,115,116,117,118,119,120,121,122,126,127,128,130,131,133,135,137,138,139,141,142,143,144,150,153,156,157,158,159,162,163,164,165,167,168,170,177,178,179,180,181,182,184,185,186,188,190,191,194,195,196,197,198,199,200,202,203,204,205,208,210,211,213,214,217,218,221,222,223,224,225,226,227,228,229,232,233,235,236,238,240,241,243,244,246,247,248,250,252,253,255,257,258,260,261,262,264,265,266,267,268,269,270,271,272,273,274,275,276,277,278,279,280,281,283,285,286,287,288,292,293,294,295,296,297,300],[4,12,18,22,31,34,38,42,43,51,55,60,63,68,71,74,76,79,80,82,106,107,108,134,136,140,145,161,166,169,171,176,183,192,201,209,212,215,230,231,234,242,254,263,284,290,291,298],[2,16,17,19,21,26,32,33,45,47,49,52,54,58,65,69,72,84,85,104,113,125,132,146,147,148,149,151,154,155,160,172,173,174,175,187,189,193,207,216,237,239,249,251,256,259,282,289]].
[[4,12,18,22,31,34,38,42,43,51,55,60,63,68,71,74,76,79,80,82,106,107,108,134,136,140,145,161,166,169,171,176,183,192,201,209,212,215,230,231,234,242,254,263,284,290,291,298],[1,3,5,6,7,8,9,10,11,13,14,15,20,23,25,27,28,29,30,35,36,37,39,40,41,44,46,48,50,53,56,57,59,61,62,64,66,67,70,73,75,77,78,81,83,86,87,88,89,90,91,92,93,94,95,97,99,100,101,102,103,105,109,110,111,112,114,115,116,117,118,119,120,121,122,126,127,128,130,131,133,135,137,138,139,141,142,143,144,150,153,156,157,158,159,162,163,164,165,167,168,170,177,178,179,180,181,182,184,185,186,188,190,191,194,195,196,197,198,199,200,202,203,204,205,208,210,211,213,214,217,218,221,222,223,224,225,226,227,228,229,232,233,235,236,238,240,241,243,244,246,247,248,250,252,253,255,257,258,260,261,262,264,265,266,267,268,269,270,271,272,273,274,275,276,277,278,279,280,281,283,285,286,287,288,292,293,294,295,296,297,300],[24,96,98,123,124,129,152,206,219,220,245,299]].
[[4,12,18,22,31,34,38,42,43,51,55,60,63,68,71,74,76,79,80,82,106,107,108,134,136,140,145,161,166,169,171,176,183,192,201,209,212,215,230,231,234,242,254,263,284,290,291,298],[1,3,5,6,7,8,9,10,11,13,14,15,20,23,25,27,28,29,30,35,36,37,39,40,41,44,46,48,50,53,56,57,59,61,62,64,66,67,70,73,75,77,78,81,83,86,87,88,89,90,91,92,93,94,95,97,99,100,101,102,103,105,109,110,111,112,114,115,116,117,118,119,120,121,122,126,127,128,130,131,133,135,137,138,139,141,142,143,144,150,153,156,157,158,159,162,163,164,165,167,168,170,177,178,179,180,181,182,184,185,186,188,190,191,194,195,196,197,198,199,200,202,203,204,205,208,210,211,213,214,217,218,221,222,223,224,225,226,227,228,229,232,233,235,236,238,240,241,243,244,246,247,248,250,252,253,255,257,258,260,261,262,264,265,266,267,268,269,270,271,272,273,274,275,276,277,278,279,280,281,283,285,286,287,288,292,293,294,295,296,297,300],[24,96,98,123,124,129,152,206,219,220,245,299]].
[[1,3,5,6,7,8,9,10,11,13,14,15,20,23,25,27,28,29,30,35,36,37,39,40,41,44,46,48,50,53,56,57,59,61,62,64,66,67,70,73,75,77,78,81,83,86,87,88,89,90,91,92,93,94,95,97,99,100,101,102,103,105,109,110,111,112,114,115,116,117,118,119,120,121,122,126,127,128,130,131,133,135,137,138,139,141,142,143,144,150,153,156,157,158,159,162,163,164,165,167,168,170,177,178,179,180,181,182,184,185,186,188,190,191,194,195,196,197,198,199,200,202,203,204,205,208,210,211,213,214,217,218,221,222,223,224,225,226,227,228,229,232,233,235,236,238,240,241,243,244,246,247,248,250,252,253,255,257,258,260,261,262,264,265,266,267,268,269,270,271,272,273,274,275,276,277,278,279,280,281,283,285,286,287,288,292,293,294,295,296,297,300],[4,12,18,22,31,34,38,42,43,51,55,60,63,68,71,74,76,79,80,82,106,107,108,134,136,140,145,161,166,169,171,176,183,192,201,209,212,215,230,231,234,242,254,263,284,290,291,298],[2,16,17,19,21,26,32,33,45,47,49,52,54,58,65,69,72,84,85,104,113,125,132,146,147,148,149,151,154,155,160,172,173,174,175,187,189,193,207,216,237,239,249,251,256,259,282,289]].
[[2,16,17,19,21,26,32,33,45,47,49,52,54,58,65,69,72,84,85,104,113,125,132,146,147,148,149,151,154,155,160,172,173,174,175,187,189,193,207,216,237,239,249,251,256,259,282,289],[24,96,98,123,124,129,152,206,219,220,245,299],[1,3,5,6,7,8,9,10,11,13,14,15,20,23,25,27,28,29,30,35,36,37,39,40,41,44,46,48,50,53,56,57,59,61,62,64,66,67,70,73,75,77,78,81,83,86,87,88,89,90,91,92,93,94,95,97,99,100,101,102,103,105,109,110,111,112,114,115,116,117,118,119,120,121,122,126,127,128,130,131,133,135,137,138,139,141,142,143,144,150,153,156,157,158,159,162,163,164,165,167,168,170,177,178,179,180,181,182,184,185,186,188,190,191,194,195,196,197,198,199,200,202,203,204,205,208,210,211,213,214,217,218,221,222,223,224,225,226,227,228,229,232,233,235,236,238,240,241,243,244,246,247,248,250,252,253,255,257,258,260,261,262,264,265,266,267,268,269,270,271,272,273,274,275,276,277,278,279,280,281,283,285,286,287,288,292,293,294,295,296,297,300]].
[[24,96,98,123,124,129,152,206,219,220,245,299],[2,16,17,19,21,26,32,33,45,47,49,52,54,58,65,69,72,84,85,104,113,125,132,146,147,148,149,151,154,155,160,172,173,174,175,187,189,193,207,216,237,239,249,251,256,259,282,289],[4,12,18,22,31,34,38,42,43,51,55,60,63,68,71,74,76,79,80,82,106,107,108,134,136,140,145,161,166,169,171,176,183,192,201,209,212,215,230,231,234,242,254,263,284,290,291,298]].
