[[4,5,8,10,11,13,14,16,17,24,26,41,45,47,50,51,53,56,58,62,63,66,73,75,84,85,109,110,116,118,120,125,126,129,130,131,132,139,143,147,160,163,165,168,170,185,186,188,189,197,201,204,212,213,216,220,225,228,235,237,238,240,241,244,245,254,256,270,271,272,273,280,282,284,285,298,299,300],[1,12,15,20,21,22,28,31,33,35,36,39,42,48,49,61,76,77,80,83,87,89,91,92,112,121,127,128,135,142,146,150,152,156,161,162,166,167,171,172,174,176,180,181,183,187,193,202,203,207,208,215,217,218,222,227,233,236,242,247,249,255,266,268,274,275,279,281,287,289,293,295],[2,3,6,7,18,23,25,29,30,32,37,38,40,44,54,57,59,64,67,70,72,78,79,88,90,100,104,105,106,111,113,117,123,134,136,137,138,141,144,148,149,169,175,179,182,191,194,196,198,199,200,205,206,211,214,219,224,230,232,250,252,259,260,262,267,269,276,278,288,290,292,294]].
[[1,12,15,20,21,22,28,31,33,35,36,39,42,48,49,61,76,77,80,83,87,89,91,92,112,121,127,128,135,142,146,150,152,156,161,162,166,167,171,172,174,176,180,181,183,187,193,202,203,207,208,215,217,218,222,227,233,236,242,247,249,255,266,268,274,275,279,281,287,289,293,295],[4,5,8,10,11,13,14,16,17,24,26,41,45,47,50,51,53,56,58,62,63,66,73,75,84,85,109,110,116,118,120,125,126,129,130,131,132,139,143,147,160,163,165,168,170,185,186,188,189,197,201,204,212,213,216,220,225,228,235,237,238,240,241,244,245,254,256,270,271,272,273,280,282,284,285,298,299,300],[9,19,27,34,43,46,52,55,60,65,68,69,71,74,81,82,86,93,94,95,96,97,98,99,101,102,103,107,108,114,115,119,122,124,133,140,145,151,153,154,155,157,158,159,164,173,177,178,184,190,192,195,209,210,221,223,226,229,231,234,239,243,246,248,251,253,257,258,261,263,264,265,277,283,286,291,296,297]].
[[9,19,27,34,43,46,52,55,60,65,68,69,71,74,81,82,86,93,94,95,96,97,98,99,101,102,103,107,108,114,115,119,122,124,133,140,145,151,153,154,155,157,158,159,164,173,177,178,184,190,192,195,209,210,221,223,226,229,231,234,239,243,246,248,251,253,257,258,261,263,264,265,277,283,286,291,296,297],[2,3,6,7,18,23,25,29,30,32,37,38,40,44,54,57,59,64,67,70,72,78,79,88,90,100,104,105,106,111,113,117,123,134,136,137,138,141,144,148,149,169,175,179,182,191,194,196,198,199,200,205,206,211,214,219,224,230,232,250,252,259,260,262,267,269,276,278,288,290,292,294],[1,12,15,20,21,22,28,31,33,35,36,39,42,48,49,61,76,77,80,83,87,89,91,92,112,121,127,128,135,142,146,150,152,156,161,162,166,167,171,172,174,176,180,181,183,187,193,202,203,207,208,215,217,218,222,227,233,236,242,247,249,255,266,268,274,275,279,281,287,289,293,295]].
[[4,5,8,10,11,13,14,16,17,24,26,41,45,47,50,51,53,56,58,62,63,66,73,75,84,85,109,110,116,118,120,125,126,129,130,131,132,139,143,147,160,163,165,168,170,185,186,188,189,197,201,204,212,213,216,220,225,228,235,237,238,240,241,244,245,254,256,270,271,272,273,280,282,284,285,298,299,300],[1,12,15,20,21,22,28,31,33,35,36,39,42,48,49,61,76,77,80,83,87,89,91,92,112,121,127,128,135,142,146,150,152,156,161,162,166,167,171,172,174,176,180,181,183,187,193,202,203,207,208,215,217,218,222,227,233,236,242,247,249,255,266,268,274,275,279,281,287,289,293,295],[2,3,6,7,18,23,25,29,30,32,37,38,40,44,54,57,59,64,67,70,72,78,79,88,90,100,104,105,106,111,113,117,123,134,136,137,138,141,144,148,149,169,175,179,182,191,194,196,198,199,200,205,206,211,214,219,224,230,232,250,252,259,260,262,267,269,276,278,288,290,292,294]].
[[4,5,8,10,11,13,14,16,17,24,26,41,45,47,50,51,53,56,58,62,63,66,73,75,84,85,109,110,116,118,120,125,126,129,130,131,132,139,143,147,160,163,165,168,170,185,186,188,189,197,201,204,212,213,216,220,225,228,235,237,238,240,241,244,245,254,256,270,271,272,273,280,282,284,285,298,299,300],[1,12,15,20,21,22,28,31,33,35,36,39,42,48,49,61,76,77,80,83,87,89,91,92,112,121,127,128,135,142,146,150,152,156,161,162,166,167,171,172,174,176,180,181,183,187,193,202,203,207,208,215,217,218,222,227,233,236,242,247,249,255,266,268,274,275,279,281,287,289,293,295],[2,3,6,7,18,23,25,29,30,32,37,38,40,44,54,57,59,64,67,70,72,78,79,88,90,100,104,105,106,111,113,117,123,134,136,137,138,141,144,148,149,169,175,179,182,191,194,196,198,199,200,205,206,211,214,219,224,230,232,250,252,259,260,262,267,269,276,278,288,290,292,294]].
[[1,12,15,20,21,22,28,31,33,35,36,39,42,48,49,61,76,77,80,83,87,89,91,92,112,121,127,128,135,142,146,150,152,156,161,162,166,167,171,172,174,176,180,181,183,187,193,202,203,207,208,215,217,218,222,227,233,236,242,247,249,255,266,268,274,275,279,281,287,289,293,295],[4,5,8,10,11,13,14,16,17,24,26,41,45,47,50,51,53,56,58,62,63,66,73,75,84,85,109,110,116,118,120,125,126,129,130,131,132,139,143,147,160,163,165,168,170,185,186,188,189,197,201,204,212,213,216,220,225,228,235,237,238,240,241,244,245,254,256,270,271,272,273,280,282,284,285,298,299,300],[9,19,27,34,43,46,52,55,60,65,68,69,71,74,81,82,86,93,94,95,96,97,98,99,101,102,103,107,108,114,115,119,122,124,133,140,145,151,153,154,155,157,158,159,164,173,177,178,184,190,192,195,209,210,221,223,226,229,231,234,239,243,246,248,251,253,257,258,261,263,264,265,277,283,286,291,296,297]].
[[1,12,15,20,21,22,28,31,33,35,36,39,42,48,49,61,76,77,80,83,87,89,91,92,112,121,127,128,135,142,146,150,152,156,161,162,166,167,171,172,174,176,180,181,183,187,193,202,203,207,208,215,217,218,222,227,233,236,242,247,249,255,266,268,274,275,279,281,287,289,293,295],[4,5,8,10,11,13,14,16,17,24,26,41,45,47,50,51,53,56,58,62,63,66,73,75,84,85,109,110,116,118,120,125,126,129,130,131,132,139,143,147,160,163,165,168,170,185,186,188,189,197,201,204,212,213,216,220,225,228,235,237,238,240,241,244,245,254,256,270,271,272,273,280,282,284,285,298,299,300],[9,19,27,34,43,46,52,55,60,65,68,69,71,74,81,82,86,93,94,95,96,97,98,99,101,102,103,107,108,114,115,119,122,124,133,140,145,151,153,154,155,157,158,159,164,173,177,178,184,190,192,195,209,210,221,223,226,229,231,234,239,243,246,248,251,253,257,258,261,263,264,265,277,283,286,291,296,297]].
[[1,12,15,20,21,22,28,31,33,35,36,39,42,48,49,61,76,77,80,83,87,89,91,92,112,121,127,128,135,142,146,150,152,156,161,162,166,167,171,172,174,176,180,181,183,187,193,202,203,207,208,215,217,218,222,227,233,236,242,247,249,255,266,268,274,275,279,281,287,289,293,295],[4,5,8,10,11,13,14,16,17,24,26,41,45,47,50,51,53,56,58,62,63,66,73,75,84,85,109,110,116,118,120,125,126,129,130,131,132,139,143,147,160,163,165,168,170,185,186,188,189,197,201,204,212,213,216,220,225,228,235,237,238,240,241,244,245,254,256,270,271,272,273,280,282,284,285,298,299,300],[9,19,27,34,43,46,52,55,60,65,68,69,71,74,81,82,86,93,94,95,96,97,98,99,101,102,103,107,108,114,115,119,122,124,133,140,145,151,153,154,155,157,158,159,164,173,177,178,184,190,192,195,209,210,221,223,226,229,231,234,239,243,246,248,251,253,257,258,261,263,264,265,277,283,286,291,296,297]].
[[2,3,6,7,18,23,25,29,30,32,37,38,40,44,54,57,59,64,67,70,72,78,79,88,90,100,104,105,106,111,113,117,123,134,136,137,138,141,144,148,149,169,175,179,182,191,194,196,198,199,200,205,206,211,214,219,224,230,232,250,252,259,260,262,267,269,276,278,288,290,292,294],[9,19,27,34,43,46,52,55,60,65,68,69,71,74,81,82,86,93,94,95,96,97,98,99,101,102,103,107,108,114,115,119,122,124,133,140,145,151,153,154,155,157,158,159,164,173,177,178,184,190,192,195,209,210,221,223,226,229,231,234,239,243,246,248,251,253,257,258,261,263,264,265,277,283,286,291,296,297],[4,5,8,10,11,13,14,16,17,24,26,41,45,47,50,51,53,56,58,62,63,66,73,75,84,85,109,110,116,118,120,125,126,129,130,131,132,139,143,147,160,163,165,168,170,185,186,188,189,197,201,204,212,213,216,220,225,228,235,237,238,240,241,244,245,254,256,270,271,272,273,280,282,284,285,298,299,300]].
[[4,5,8,10,11,13,14,16,17,24,26,41,45,47,50,51,53,56,58,62,63,66,73,75,84,85,109,110,116,118,120,125,126,129,130,131,132,139,143,147,160,163,165,168,170,185,186,188,189,197,201,204,212,213,216,220,225,228,235,237,238,240,241,244,245,254,256,270,271,272,273,280,282,284,285,298,299,300],[1,12,15,20,21,22,28,31,33,35,36,39,42,48,49,61,76,77,80,83,87,89,91,92,112,121,127,128,135,142,146,150,152,156,161,162,166,167,171,172,174,176,180,181,183,187,193,202,203,207,208,215,217,218,222,227,233,236,242,247,249,255,266,268,274,275,279,281,287,289,293,295],[2,3,6,7,18,23,25,29,30,32,37,38,40,44,54,57,59,64,67,70,72,78,79,88,90,100,104,105,106,111,113,117,123,134,136,137,138,141,144,148,149,169,175,179,182,191,194,196,198,199,200,205,206,211,214,219,224,230,232,250,252,259,260,262,267,269,276,278,288,290,292,294]].
[[2,3,6,7,18,23,25,29,30,32,37,38,40,44,54,57,59,64,67,70,72,78,79,88,90,100,104,105,106,111,113,117,123,134,136,137,138,141,144,148,149,169,175,179,182,191,194,196,198,199,200,205,206,211,214,219,224,230,232,250,252,259,260,262,267,269,276,278,288,290,292,294],[9,19,27,34,43,46,52,55,60,65,68,69,71,74,81,82,86,93,94,95,96,97,98,99,101,102,103,107,108,114,115,119,122,124,133,140,145,151,153,154,155,157,158,159,164,173,177,178,184,190,192,195,209,210,221,223,226,229,231,234,239,243,246,248,251,253,257,258,261,263,264,265,277,283,286,291,296,297],[4,5,8,10,11,13,14,16,17,24,26,41,45,47,50,51,53,56,58,62,63,66,73,75,84,85,109,110,116,118,120,125,126,129,130,131,132,139,143,147,160,163,165,168,170,185,186,188,189,197,201,204,212,213,216,220,225,228,235,237,238,240,241,244,245,254,256,270,271,272,273,280,282,284,285,298,299,300]].
[[4,5,8,10,11,13,14,16,17,24,26,41,45,47,50,51,53,56,58,62,63,66,73,75,84,85,109,110,116,118,120,125,126,129,130,131,132,139,143,147,160,163,165,168,170,185,186,188,189,197,201,204,212,213,216,220,225,228,235,237,238,240,241,244,245,254,256,270,271,272,273,280,282,284,285,298,299,300],[1,12,15,20,21,22,28,31,33,35,36,39,42,48,49,61,76,77,80,83,87,89,91,92,112,121,127,128,135,142,146,150,152,156,161,162,166,167,171,172,174,176,180,181,183,187,193,202,203,207,208,215,217,218,222,227,233,236,242,247,249,255,266,268,274,275,279,281,287,289,293,295],[2,3,6,7,18,23,25,29,30,32,37,38,40,44,54,57,59,64,67,70,72,78,79,88,90,100,104,105,106,111,113,117,123,134,136,137,138,141,144,148,149,169,175,179,182,191,194,196,198,199,200,205,206,211,214,219,224,230,232,250,252,259,260,262,267,269,276,278,288,290,292,294]].
[[2,3,6,7,18,23,25,29,30,32,37,38,40,44,54,57,59,64,67,70,72,78,79,88,90,100,104,105,106,111,113,117,123,134,136,137,138,141,144,148,149,169,175,179,182,191,194,196,198,199,200,205,206,211,214,219,224,230,232,250,252,259,260,262,267,269,276,278,288,290,292,294],[9,19,27,34,43,46,52,55,60,65,68,69,71,74,81,82,86,93,94,95,96,97,98,99,101,102,103,107,108,114,115,119,122,124,133,140,145,151,153,154,155,157,158,159,164,173,177,178,184,190,192,195,209,210,221,223,226,229,231,234,239,243,246,248,251,253,257,258,261,263,264,265,277,283,286,291,296,297],[4,5,8,10,11,13,14,16,17,24,26,41,45,47,50,51,53,56,58,62,63,66,73,75,84,85,109,110,116,118,120,125,126,129,130,131,132,139,143,147,160,163,165,168,170,185,186,188,189,197,201,204,212,213,216,220,225,228,235,237,238,240,241,244,245,254,256,270,271,272,273,280,282,284,285,298,299,300]].
[[4,5,8,10,11,13,14,16,17,24,26,41,45,47,50,51,53,56,58,62,63,66,73,75,84,85,109,110,116,118,120,125,126,129,130,131,132,139,143,147,160,163,165,168,170,185,186,188,189,197,201,204,212,213,216,220,225,228,235,237,238,240,241,244,245,254,256,270,271,272,273,280,282,284,285,298,299,300],[1,12,15,20,21,22,28,31,33,35,36,39,42,48,49,61,76,77,80,83,87,89,91,92,112,121,127,128,135,142,146,150,152,156,161,162,166,167,171,172,174,176,180,181,183,187,193,202,203,207,208,215,217,218,222,227,233,236,242,247,249,255,266,268,274,275,279,281,287,289,293,295],[2,3,6,7,18,23,25,29,30,32,37,38,40,44,54,57,59,64,67,70,72,78,79,88,90,100,104,105,106,111,113,117,123,134,136,137,138,141,144,148,149,169,175,179,182,191,194,196,198,199,200,205,206,211,214,219,224,230,232,250,252,259,260,262,267,269,276,278,288,290,292,294]].
[[2,3,6,7,18,23,25,29,30,32,37,38,40,44,54,57,59,64,67,70,72,78,79,88,90,100,104,105,106,111,113,117,123,134,136,137,138,141,144,148,149,169,175,179,182,191,194,196,198,199,200,205,206,211,214,219,224,230,232,250,252,259,260,262,267,269,276,278,288,290,292,294],[9,19,27,34,43,46,52,55,60,65,68,69,71,74,81,82,86,93,94,95,96,97,98,99,101,102,103,107,108,114,115,119,122,124,133,140,145,151,153,154,155,157,158,159,164,173,177,178,184,190,192,195,209,210,221,223,226,229,231,234,239,243,246,248,251,253,257,258,261,263,264,265,277,283,286,291,296,297],[4,5,8,10,11,13,14,16,17,24,26,41,45,47,50,51,53,56,58,62,63,66,73,75,84,85,109,110,116,118,120,125,126,129,130,131,132,139,143,147,160,163,165,168,170,185,186,188,189,197,201,204,212,213,216,220,225,228,235,237,238,240,241,244,245,254,256,270,271,272,273,280,282,284,285,298,299,300]].
[[1,12,15,20,21,22,28,31,33,35,36,39,42,48,49,61,76,77,80,83,87,89,91,92,112,121,127,128,135,142,146,150,152,156,161,162,166,167,171,172,174,176,180,181,183,187,193,202,203,207,208,215,217,218,222,227,233,236,242,247,249,255,266,268,274,275,279,281,287,289,293,295],[4,5,8,10,11,13,14,16,17,24,26,41,45,47,50,51,53,56,58,62,63,66,73,75,84,85,109,110,116,118,120,125,126,129,130,131,132,139,143,147,160,163,165,168,170,185,186,188,189,197,201,204,212,213,216,220,225,228,235,237,238,240,241,244,245,254,256,270,271,272,273,280,282,284,285,298,299,300],[9,19,27,34,43,46,52,55,60,65,68,69,71,74,81,82,86,93,94,95,96,97,98,99,101,102,103,107,108,114,115,119,122,124,133,140,145,151,153,154,155,157,158,159,164,173,177,178,184,190,192,195,209,210,221,223,226,229,231,234,239,243,246,248,251,253,257,258,261,263,264,265,277,283,286,291,296,297]].
[[9,19,27,34,43,46,52,55,60,65,68,69,71,74,81,82,86,93,94,95,96,97,98,99,101,102,103,107,108,114,115,119,122,124,133,140,145,151,153,154,155,157,158,159,164,173,177,178,184,190,192,195,209,210,221,223,226,229,231,234,239,243,246,248,251,253,257,258,261,263,264,265,277,283,286,291,296,297],[2,3,6,7,18,23,25,29,30,32,37,38,40,44,54,57,59,64,67,70,72,78,79,88,90,100,104,105,106,111,113,117,123,134,136,137,138,141,144,148,149,169,175,179,182,191,194,196,198,199,200,205,206,211,214,219,224,230,232,250,252,259,260,262,267,269,276,278,288,290,292,294],[1,12,15,20,21,22,28,31,33,35,36,39,42,48,49,61,76,77,80,83,87,89,91,92,112,121,127,128,135,142,146,150,152,156,161,162,166,167,171,172,174,176,180,181,183,187,193,202,203,207,208,215,217,218,222,227,233,236,242,247,249,255,266,268,274,275,279,281,287,289,293,295]].
[[4,5,8,10,11,13,14,16,17,24,26,41,45,47,50,51,53,56,58,62,63,66,73,75,84,85,109,110,116,118,120,125,126,129,130,131,132,139,143,147,160,163,165,168,170,185,186,188,189,197,201,204,212,213,216,220,225,228,235,237,238,240,241,244,245,254,256,270,271,272,273,280,282,284,285,298,299,300],[1,12,15,20,21,22,28,31,33,35,36,39,42,48,49,61,76,77,80,83,87,89,91,92,112,121,127,128,135,142,146,150,152,156,161,162,166,167,171,172,174,176,180,181,183,187,193,202,203,207,208,215,217,218,222,227,233,236,242,247,249,255,266,268,274,275,279,281,287,289,293,295],[2,3,6,7,18,23,25,29,30,32,37,38,40,44,54,57,59,64,67,70,72,78,79,88,90,100,104,105,106,111,113,117,123,134,136,137,138,141,144,148,149,169,175,179,182,191,194,196,198,199,200,205,206,211,214,219,224,230,232,250,252,259,260,262,267,269,276,278,288,290,292,294]].
[[1,12,15,20,21,22,28,31,33,35,36,39,42,48,49,61,76,77,80,83,87,89,91,92,112,121,127,128,135,142,146,150,152,156,161,162,166,167,171,172,174,176,180,181,183,187,193,202,203,207,208,215,217,218,222,227,233,236,242,247,249,255,266,268,274,275,279,281,287,289,293,295],[4,5,8,10,11,13,14,16,17,24,26,41,45,47,50,51,53,56,58,62,63,66,73,75,84,85,109,110,116,118,120,125,126,129,130,131,132,139,143,147,160,163,165,168,170,185,186,188,189,197,201,204,212,213,216,220,225,228,235,237,238,240,241,244,245,254,256,270,271,272,273,280,282,284,285,298,299,300],[9,19,27,34,43,46,52,55,60,65,68,69,71,74,81,82,86,93,94,95,96,97,98,99,101,102,103,107,108,114,115,119,122,124,133,140,145,151,153,154,155,157,158,159,164,173,177,178,184,190,192,195,209,210,221,223,226,229,231,234,239,243,246,248,251,253,257,258,261,263,264,265,277,283,286,291,296,297]].
[[4,5,8,10,11,13,14,16,17,24,26,41,45,47,50,51,53,56,58,62,63,66,73,75,84,85,109,110,116,118,120,125,126,129,130,131,132,139,143,147,160,163,165,168,170,185,186,188,189,197,201,204,212,213,216,220,225,228,235,237,238,240,241,244,245,254,256,270,271,272,273,280,282,284,285,298,299,300],[1,12,15,20,21,22,28,31,33,35,36,39,42,48,49,61,76,77,80,83,87,89,91,92,112,121,127,128,135,142,146,150,152,156,161,162,166,167,171,172,174,176,180,181,183,187,193,202,203,207,208,215,217,218,222,227,233,236,242,247,249,255,266,268,274,275,279,281,287,289,293,295],[2,3,6,7,18,23,25,29,30,32,37,38,40,44,54,57,59,64,67,70,72,78,79,88,90,100,104,105,106,111,113,117,123,134,136,137,138,141,144,148,149,169,175,179,182,191,194,196,198,199,200,205,206,211,214,219,224,230,232,250,252,259,260,262,267,269,276,278,288,290,292,294]].
[[4,5,8,10,11,13,14,16,17,24,26,41,45,47,50,51,53,56,58,62,63,66,73,75,84,85,109,110,116,118,120,125,126,129,130,131,132,139,143,147,160,163,165,168,170,185,186,188,189,197,201,204,212,213,216,220,225,228,235,237,238,240,241,244,245,254,256,270,271,272,273,280,282,284,285,298,299,300],[1,12,15,20,21,22,28,31,33,35,36,39,42,48,49,61,76,77,80,83,87,89,91,92,112,121,127,128,135,142,146,150,152,156,161,162,166,167,171,172,174,176,180,181,183,187,193,202,203,207,208,215,217,218,222,227,233,236,242,247,249,255,266,268,274,275,279,281,287,289,293,295],[2,3,6,7,18,23,25,29,30,32,37,38,40,44,54,57,59,64,67,70,72,78,79,88,90,100,104,105,106,111,113,117,123,134,136,137,138,141,144,148,149,169,175,179,182,191,194,196,198,199,200,205,206,211,214,219,224,230,232,250,252,259,260,262,267,269,276,278,288,290,292,294]].
[[2,3,6,7,18,23,25,29,30,32,37,38,40,44,54,57,59,64,67,70,72,78,79,88,90,100,104,105,106,111,113,117,123,134,136,137,138,141,144,148,149,169,175,179,182,191,194,196,198,199,200,205,206,211,214,219,224,230,232,250,252,259,260,262,267,269,276,278,288,290,292,294],[9,19,27,34,43,46,52,55,60,65,68,69,71,74,81,82,86,93,94,95,96,97,98,99,101,102,103,107,108,114,115,119,122,124,133,140,145,151,153,154,155,157,158,159,164,173,177,178,184,190,192,195,209,210,221,223,226,229,231,234,239,243,246,248,251,253,257,258,261,263,264,265,277,283,286,291,296,297],[4,5,8,10,11,13,14,16,17,24,26,41,45,47,50,51,53,56,58,62,63,66,73,75,84,85,109,110,116,118,120,125,126,129,130,131,132,139,143,147,160,163,165,168,170,185,186,188,189,197,201,204,212,213,216,220,225,228,235,237,238,240,241,244,245,254,256,270,271,272,273,280,282,284,285,298,299,300]].
[[2,3,6,7,18,23,25,29,30,32,37,38,40,44,54,57,59,64,67,70,72,78,79,88,90,100,104,105,106,111,113,117,123,134,136,137,138,141,144,148,149,169,175,179,182,191,194,196,198,199,200,205,206,211,214,219,224,230,232,250,252,259,260,262,267,269,276,278,288,290,292,294],[9,19,27,34,43,46,52,55,60,65,68,69,71,74,81,82,86,93,94,95,96,97,98,99,101,102,103,107,108,114,115,119,122,124,133,140,145,151,153,154,155,157,158,159,164,173,177,178,184,190,192,195,209,210,221,223,226,229,231,234,239,243,246,248,251,253,257,258,261,263,264,265,277,283,286,291,296,297],[4,5,8,10,11,13,14,16,17,24,26,41,45,47,50,51,53,56,58,62,63,66,73,75,84,85,109,110,116,118,120,125,126,129,130,131,132,139,143,147,160,163,165,168,170,185,186,188,189,197,201,204,212,213,216,220,225,228,235,237,238,240,241,244,245,254,256,270,271,272,273,280,282,284,285,298,299,300]].
[[4,5,8,10,11,13,14,16,17,24,26,41,45,47,50,51,53,56,58,62,63,66,73,75,84,85,109,110,116,118,120,125,126,129,130,131,132,139,143,147,160,163,165,168,170,185,186,188,189,197,201,204,212,213,216,220,225,228,235,237,238,240,241,244,245,254,256,270,271,272,273,280,282,284,285,298,299,300],[1,12,15,20,21,22,28,31,33,35,36,39,42,48,49,61,76,77,80,83,87,89,91,92,112,121,127,128,135,142,146,150,152,156,161,162,166,167,171,172,174,176,180,181,183,187,193,202,203,207,208,215,217,218,222,227,233,236,242,247,249,255,266,268,274,275,279,281,287,289,293,295],[2,3,6,7,18,23,25,29,30,32,37,38,40,44,54,57,59,64,67,70,72,78,79,88,90,100,104,105,106,111,113,117,123,134,136,137,138,141,144,148,149,169,175,179,182,191,194,196,198,199,200,205,206,211,214,219,224,230,232,250,252,259,260,262,267,269,276,278,288,290,292,294]].
[[1,12,15,20,21,22,28,31,33,35,36,39,42,48,49,61,76,77,80,83,87,89,91,92,112,121,127,128,135,142,146,150,152,156,161,162,166,167,171,172,174,176,180,181,183,187,193,202,203,207,208,215,217,218,222,227,233,236,242,247,249,255,266,268,274,275,279,281,287,289,293,295],[4,5,8,10,11,13,14,16,17,24,26,41,45,47,50,51,53,56,58,62,63,66,73,75,84,85,109,110,116,118,120,125,126,129,130,131,132,139,143,147,160,163,165,168,170,185,186,188,189,197,201,204,212,213,216,220,225,228,235,237,238,240,241,244,245,254,256,270,271,272,273,280,282,284,285,298,299,300],[9,19,27,34,43,46,52,55,60,65,68,69,71,74,81,82,86,93,94,95,96,97,98,99,101,102,103,107,108,114,115,119,122,124,133,140,145,151,153,154,155,157,158,159,164,173,177,178,184,190,192,195,209,210,221,223,226,229,231,234,239,243,246,248,251,253,257,258,261,263,264,265,277,283,286,291,296,297]].
[[2,3,6,7,18,23,25,29,30,32,37,38,40,44,54,57,59,64,67,70,72,78,79,88,90,100,104,105,106,111,113,117,123,134,136,137,138,141,144,148,149,169,175,179,182,191,194,196,198,199,200,205,206,211,214,219,224,230,232,250,252,259,260,262,267,269,276,278,288,290,292,294],[9,19,27,34,43,46,52,55,60,65,68,69,71,74,81,82,86,93,94,95,96,97,98,99,101,102,103,107,108,114,115,119,122,124,133,140,145,151,153,154,155,157,158,159,164,173,177,178,184,190,192,195,209,210,221,223,226,229,231,234,239,243,246,248,251,253,257,258,261,263,264,265,277,283,286,291,296,297],[4,5,8,10,11,13,14,16,17,24,26,41,45,47,50,51,53,56,58,62,63,66,73,75,84,85,109,110,116,118,120,125,126,129,130,131,132,139,143,147,160,163,165,168,170,185,186,188,189,197,201,204,212,213,216,220,225,228,235,237,238,240,241,244,245,254,256,270,271,272,273,280,282,284,285,298,299,300]].
[[9,19,27,34,43,46,52,55,60,65,68,69,71,74,81,82,86,93,94,95,96,97,98,99,101,102,103,107,108,114,115,119,122,124,133,140,145,151,153,154,155,157,158,159,164,173,177,178,184,190,192,195,209,210,221,223,226,229,231,234,239,243,246,248,251,253,257,258,261,263,264,265,277,283,286,291,296,297],[2,3,6,7,18,23,25,29,30,32,37,38,40,44,54,57,59,64,67,70,72,78,79,88,90,100,104,105,106,111,113,117,123,134,136,137,138,141,144,148,149,169,175,179,182,191,194,196,198,199,200,205,206,211,214,219,224,230,232,250,252,259,260,262,267,269,276,278,288,290,292,294],[1,12,15,20,21,22,28,31,33,35,36,39,42,48,49,61,76,77,80,83,87,89,91,92,112,121,127,128,135,142,146,150,152,156,161,162,166,167,171,172,174,176,180,181,183,187,193,202,203,207,208,215,217,218,222,227,233,236,242,247,249,255,266,268,274,275,279,281,287,289,293,295]].
[[9,19,27,34,43,46,52,55,60,65,68,69,71,74,81,82,86,93,94,95,96,97,98,99,101,102,103,107,108,114,115,119,122,124,133,140,145,151,153,154,155,157,158,159,164,173,177,178,184,190,192,195,209,210,221,223,226,229,231,234,239,243,246,248,251,253,257,258,261,263,264,265,277,283,286,291,296,297],[2,3,6,7,18,23,25,29,30,32,37,38,40,44,54,57,59,64,67,70,72,78,79,88,90,100,104,105,106,111,113,117,123,134,136,137,138,141,144,148,149,169,175,179,182,191,194,196,198,199,200,205,206,211,214,219,224,230,232,250,252,259,260,262,267,269,276,278,288,290,292,294],[1,12,15,20,21,22,28,31,33,35,36,39,42,48,49,61,76,77,80,83,87,89,91,92,112,121,127,128,135,142,146,150,152,156,161,162,166,167,171,172,174,176,180,181,183,187,193,202,203,207,208,215,217,218,222,227,233,236,242,247,249,255,266,268,274,275,279,281,287,289,293,295]].
[[1,12,15,20,21,22,28,31,33,35,36,39,42,48,49,61,76,77,80,83,87,89,91,92,112,121,127,128,135,142,146,150,152,156,161,162,166,167,171,172,174,176,180,181,183,187,193,202,203,207,208,215,217,218,222,227,233,236,242,247,249,255,266,268,274,275,279,281,287,289,293,295],[4,5,8,10,11,13,14,16,17,24,26,41,45,47,50,51,53,56,58,62,63,66,73,75,84,85,109,110,116,118,120,125,126,129,130,131,132,139,143,147,160,163,165,168,170,185,186,188,189,197,201,204,212,213,216,220,225,228,235,237,238,240,241,244,245,254,256,270,271,272,273,280,282,284,285,298,299,300],[9,19,27,34,43,46,52,55,60,65,68,69,71,74,81,82,86,93,94,95,96,97,98,99,101,102,103,107,108,114,115,119,122,124,133,140,145,151,153,154,155,157,158,159,164,173,177,178,184,190,192,195,209,210,221,223,226,229,231,234,239,243,246,248,251,253,257,258,261,263,264,265,277,283,286,291,296,297]].
[[2,3,6,7,18,23,25,29,30,32,37,38,40,44,54,57,59,64,67,70,72,78,79,88,90,100,104,105,106,111,113,117,123,134,136,137,138,141,144,148,149,169,175,179,182,191,194,196,198,199,200,205,206,211,214,219,224,230,232,250,252,259,260,262,267,269,276,278,288,290,292,294],[9,19,27,34,43,46,52,55,60,65,68,69,71,74,81,82,86,93,94,95,96,97,98,99,101,102,103,107,108,114,115,119,122,124,133,140,145,151,153,154,155,157,158,159,164,173,177,178,184,190,192,195,209,210,221,223,226,229,231,234,239,243,246,248,251,253,257,258,261,263,264,265,277,283,286,291,296,297],[4,5,8,10,11,13,14,16,17,24,26,41,45,47,50,51,53,56,58,62,63,66,73,75,84,85,109,110,116,118,120,125,126,129,130,131,132,139,143,147,160,163,165,168,170,185,186,188,189,197,201,204,212,213,216,220,225,228,235,237,238,240,241,244,245,254,256,270,271,272,273,280,282,284,285,298,299,300]].
[[4,5,8,10,11,13,14,16,17,24,26,41,45,47,50,51,53,56,58,62,63,66,73,75,84,85,109,110,116,118,120,125,126,129,130,131,132,139,143,147,160,163,165,168,170,185,186,188,189,197,201,204,212,213,216,220,225,228,235,237,238,240,241,244,245,254,256,270,271,272,273,280,282,284,285,298,299,300],[1,12,15,20,21,22,28,31,33,35,36,39,42,48,49,61,76,77,80,83,87,89,91,92,112,121,127,128,135,142,146,150,152,156,161,162,166,167,171,172,174,176,180,181,183,187,193,202,203,207,208,215,217,218,222,227,233,236,242,247,249,255,266,268,274,275,279,281,287,289,293,295],[2,3,6,7,18,23,25,29,30,32,37,38,40,44,54,57,59,64,67,70,72,78,79,88,90,100,104,105,106,111,113,117,123,134,136,137,138,141,144,148,149,169,175,179,182,191,194,196,198,199,200,205,206,211,214,219,224,230,232,250,252,259,260,262,267,269,276,278,288,290,292,294]].
[[2,3,6,7,18,23,25,29,30,32,37,38,40,44,54,57,59,64,67,70,72,78,79,88,90,100,104,105,106,111,113,117,123,134,136,137,138,141,144,148,149,169,175,179,182,191,194,196,198,199,200,205,206,211,214,219,224,230,232,250,252,259,260,262,267,269,276,278,288,290,292,294],[9,19,27,34,43,46,52,55,60,65,68,69,71,74,81,82,86,93,94,95,96,97,98,99,101,102,103,107,108,114,115,119,122,124,133,140,145,151,153,154,155,157,158,159,164,173,177,178,184,190,192,195,209,210,221,223,226,229,231,234,239,243,246,248,251,253,257,258,261,263,264,265,277,283,286,291,296,297],[4,5,8,10,11,13,14,16,17,24,26,41,45,47,50,51,53,56,58,62,63,66,73,75,84,85,109,110,116,118,120,125,126,129,130,131,132,139,143,147,160,163,165,168,170,185,186,188,189,197,201,204,212,213,216,220,225,228,235,237,238,240,241,244,245,254,256,270,271,272,273,280,282,284,285,298,299,300]].
[[2,3,6,7,18,23,25,29,30,32,37,38,40,44,54,57,59,64,67,70,72,78,79,88,90,100,104,105,106,111,113,117,123,134,136,137,138,141,144,148,149,169,175,179,182,191,194,196,198,199,200,205,206,211,214,219,224,230,232,250,252,259,260,262,267,269,276,278,288,290,292,294],[9,19,27,34,43,46,52,55,60,65,68,69,71,74,81,82,86,93,94,95,96,97,98,99,101,102,103,107,108,114,115,119,122,124,133,140,145,151,153,154,155,157,158,159,164,173,177,178,184,190,192,195,209,210,221,223,226,229,231,234,239,243,246,248,251,253,257,258,261,263,264,265,277,283,286,291,296,297],[4,5,8,10,11,13,14,16,17,24,26,41,45,47,50,51,53,56,58,62,63,66,73,75,84,85,109,110,116,118,120,125,126,129,130,131,132,139,143,147,160,163,165,168,170,185,186,188,189,197,201,204,212,213,216,220,225,228,235,237,238,240,241,244,245,254,256,270,271,272,273,280,282,284,285,298,299,300]].
[[1,12,15,20,21,22,28,31,33,35,36,39,42,48,49,61,76,77,80,83,87,89,91,92,112,121,127,128,135,142,146,150,152,156,161,162,166,167,171,172,174,176,180,181,183,187,193,202,203,207,208,215,217,218,222,227,233,236,242,247,249,255,266,268,274,275,279,281,287,289,293,295],[4,5,8,10,11,13,14,16,17,24,26,41,45,47,50,51,53,56,58,62,63,66,73,75,84,85,109,110,116,118,120,125,126,129,130,131,132,139,143,147,160,163,165,168,170,185,186,188,189,197,201,204,212,213,216,220,225,228,235,237,238,240,241,244,245,254,256,270,271,272,273,280,282,284,285,298,299,300],[9,19,27,34,43,46,52,55,60,65,68,69,71,74,81,82,86,93,94,95,96,97,98,99,101,102,103,107,108,114,115,119,122,124,133,140,145,151,153,154,155,157,158,159,164,173,177,178,184,190,192,195,209,210,221,223,226,229,231,234,239,243,246,248,251,253,257,258,261,263,264,265,277,283,286,291,296,297]].
[[2,3,6,7,18,23,25,29,30,32,37,38,40,44,54,57,59,64,67,70,72,78,79,88,90,100,104,105,106,111,113,117,123,134,136,137,138,141,144,148,149,169,175,179,182,191,194,196,198,199,200,205,206,211,214,219,224,230,232,250,252,259,260,262,267,269,276,278,288,290,292,294],[9,19,27,34,43,46,52,55,60,65,68,69,71,74,81,82,86,93,94,95,96,97,98,99,101,102,103,107,108,114,115,119,122,124,133,140,145,151,153,154,155,157,158,159,164,173,177,178,184,190,192,195,209,210,221,223,226,229,231,234,239,243,246,248,251,253,257,258,261,263,264,265,277,283,286,291,296,297],[4,5,8,10,11,13,14,16,17,24,26,41,45,47,50,51,53,56,58,62,63,66,73,75,84,85,109,110,116,118,120,125,126,129,130,131,132,139,143,147,160,163,165,168,170,185,186,188,189,197,201,204,212,213,216,220,225,228,235,237,238,240,241,244,245,254,256,270,271,272,273,280,282,284,285,298,299,300]].
[[4,5,8,10,11,13,14,16,17,24,26,41,45,47,50,51,53,56,58,62,63,66,73,75,84,85,109,110,116,118,120,125,126,129,130,131,132,139,143,147,160,163,165,168,170,185,186,188,189,197,201,204,212,213,216,220,225,228,235,237,238,240,241,244,245,254,256,270,271,272,273,280,282,284,285,298,299,300],[1,12,15,20,21,22,28,31,33,35,36,39,42,48,49,61,76,77,80,83,87,89,91,92,112,121,127,128,135,142,146,150,152,156,161,162,166,167,171,172,174,176,180,181,183,187,193,202,203,207,208,215,217,218,222,227,233,236,242,247,249,255,266,268,274,275,279,281,287,289,293,295],[2,3,6,7,18,23,25,29,30,32,37,38,40,44,54,57,59,64,67,70,72,78,79,88,90,100,104,105,106,111,113,117,123,134,136,137,138,141,144,148,149,169,175,179,182,191,194,196,198,199,200,205,206,211,214,219,224,230,232,250,252,259,260,262,267,269,276,278,288,290,292,294]].
[[2,3,6,7,18,23,25,29,30,32,37,38,40,44,54,57,59,64,67,70,72,78,79,88,90,100,104,105,106,111,113,117,123,134,136,137,138,141,144,148,149,169,175,179,182,191,194,196,198,199,200,205,206,211,214,219,224,230,232,250,252,259,260,262,267,269,276,278,288,290,292,294],[9,19,27,34,43,46,52,55,60,65,68,69,71,74,81,82,86,93,94,95,96,97,98,99,101,102,103,107,108,114,115,119,122,124,133,140,145,151,153,154,155,157,158,159,164,173,177,178,184,190,192,195,209,210,221,223,226,229,231,234,239,243,246,248,251,253,257,258,261,263,264,265,277,283,286,291,296,297],[4,5,8,10,11,13,14,16,17,24,26,41,45,47,50,51,53,56,58,62,63,66,73,75,84,85,109,110,116,118,120,125,126,129,130,131,132,139,143,147,160,163,165,168,170,185,186,188,189,197,201,204,212,213,216,220,225,228,235,237,238,240,241,244,245,254,256,270,271,272,273,280,282,284,285,298,299,300]].
[[4,5,8,10,11,13,14,16,17,24,26,41,45,47,50,51,53,56,58,62,63,66,73,75,84,85,109,110,116,118,120,125,126,129,130,131,132,139,143,147,160,163,165,168,170,185,186,188,189,197,201,204,212,213,216,220,225,228,235,237,238,240,241,244,245,254,256,270,271,272,273,280,282,284,285,298,299,300],[1,12,15,20,21,22,28,31,33,35,36,39,42,48,49,61,76,77,80,83,87,89,91,92,112,121,127,128,135,142,146,150,152,156,161,162,166,167,171,172,174,176,180,181,183,187,193,202,203,207,208,215,217,218,222,227,233,236,242,247,249,255,266,268,274,275,279,281,287,289,293,295],[2,3,6,7,18,23,25,29,30,32,37,38,40,44,54,57,59,64,67,70,72,78,79,88,90,100,104,105,106,111,113,117,123,134,136,137,138,141,144,148,149,169,175,179,182,191,194,196,198,199,200,205,206,211,214,219,224,230,232,250,252,259,260,262,267,269,276,278,288,290,292,294]].
[[2,3,6,7,18,23,25,29,30,32,37,38,40,44,54,57,59,64,67,70,72,78,79,88,90,100,104,105,106,111,113,117,123,134,136,137,138,141,144,148,149,169,175,179,182,191,194,196,198,199,200,205,206,211,214,219,224,230,232,250,252,259,260,262,267,269,276,278,288,290,292,294],[9,19,27,34,43,46,52,55,60,65,68,69,71,74,81,82,86,93,94,95,96,97,98,99,101,102,103,107,108,114,115,119,122,124,133,140,145,151,153,154,155,157,158,159,164,173,177,178,184,190,192,195,209,210,221,223,226,229,231,234,239,243,246,248,251,253,257,258,261,263,264,265,277,283,286,291,296,297],[4,5,8,10,11,13,14,16,17,24,26,41,45,47,50,51,53,56,58,62,63,66,73,75,84,85,109,110,116,118,120,125,126,129,130,131,132,139,143,147,160,163,165,168,170,185,186,188,189,197,201,204,212,213,216,220,225,228,235,237,238,240,241,244,245,254,256,270,271,272,273,280,282,284,285,298,299,300]].
[[1,12,15,20,21,22,28,31,33,35,36,39,42,48,49,61,76,77,80,83,87,89,91,92,112,121,127,128,135,142,146,150,152,156,161,162,166,167,171,172,174,176,180,181,183,187,193,202,203,207,208,215,217,218,222,227,233,236,242,247,249,255,266,268,274,275,279,281,287,289,293,295],[4,5,8,10,11,13,14,16,17,24,26,41,45,47,50,51,53,56,58,62,63,66,73,75,84,85,109,110,116,118,120,125,126,129,130,131,132,139,143,147,160,163,165,168,170,185,186,188,189,197,201,204,212,213,216,220,225,228,235,237,238,240,241,244,245,254,256,270,271,272,273,280,282,284,285,298,299,300],[9,19,27,34,43,46,52,55,60,65,68,69,71,74,81,82,86,93,94,95,96,97,98,99,101,102,103,107,108,114,115,119,122,124,133,140,145,151,153,154,155,157,158,159,164,173,177,178,184,190,192,195,209,210,221,223,226,229,231,234,239,243,246,248,251,253,257,258,261,263,264,265,277,283,286,291,296,297]].
[[9,19,27,34,43,46,52,55,60,65,68,69,71,74,81,82,86,93,94,95,96,97,98,99,101,102,103,107,108,114,115,119,122,124,133,140,145,151,153,154,155,157,158,159,164,173,177,178,184,190,192,195,209,210,221,223,226,229,231,234,239,243,246,248,251,253,257,258,261,263,264,265,277,283,286,291,296,297],[2,3,6,7,18,23,25,29,30,32,37,38,40,44,54,57,59,64,67,70,72,78,79,88,90,100,104,105,106,111,113,117,123,134,136,137,138,141,144,148,149,169,175,179,182,191,194,196,198,199,200,205,206,211,214,219,224,230,232,250,252,259,260,262,267,269,276,278,288,290,292,294],[1,12,15,20,21,22,28,31,33,35,36,39,42,48,49,61,76,77,80,83,87,89,91,92,112,121,127,128,135,142,146,150,152,156,161,162,166,167,171,172,174,176,180,181,183,187,193,202,203,207,208,215,217,218,222,227,233,236,242,247,249,255,266,268,274,275,279,281,287,289,293,295]].
[[2,3,6,7,18,23,25,29,30,32,37,38,40,44,54,57,59,64,67,70,72,78,79,88,90,100,104,105,106,111,113,117,123,134,136,137,138,141,144,148,149,169,175,179,182,191,194,196,198,199,200,205,206,211,214,219,224,230,232,250,252,259,260,262,267,269,276,278,288,290,292,294],[9,19,27,34,43,46,52,55,60,65,68,69,71,74,81,82,86,93,94,95,96,97,98,99,101,102,103,107,108,114,115,119,122,124,133,140,145,151,153,154,155,157,158,159,164,173,177,178,184,190,192,195,209,210,221,223,226,229,231,234,239,243,246,248,251,253,257,258,261,263,264,265,277,283,286,291,296,297],[4,5,8,10,11,13,14,16,17,24,26,41,45,47,50,51,53,56,58,62,63,66,73,75,84,85,109,110,116,118,120,125,126,129,130,131,132,139,143,147,160,163,165,168,170,185,186,188,189,197,201,204,212,213,216,220,225,228,235,237,238,240,241,244,245,254,256,270,271,272,273,280,282,284,285,298,299,300]].
[[1,12,15,20,21,22,28,31,33,35,36,39,42,48,49,61,76,77,80,83,87,89,91,92,112,121,127,128,135,142,146,150,152,156,161,162,166,167,171,172,174,176,180,181,183,187,193,202,203,207,208,215,217,218,222,227,233,236,242,247,249,255,266,268,274,275,279,281,287,289,293,295],[4,5,8,10,11,13,14,16,17,24,26,41,45,47,50,51,53,56,58,62,63,66,73,75,84,85,109,110,116,118,120,125,126,129,130,131,132,139,143,147,160,163,165,168,170,185,186,188,189,197,201,204,212,213,216,220,225,228,235,237,238,240,241,244,245,254,256,270,271,272,273,280,282,284,285,298,299,300],[9,19,27,34,43,46,52,55,60,65,68,69,71,74,81,82,86,93,94,95,96,97,98,99,101,102,103,107,108,114,115,119,122,124,133,140,145,151,153,154,155,157,158,159,164,173,177,178,184,190,192,195,209,210,221,223,226,229,231,234,239,243,246,248,251,253,257,258,261,263,264,265,277,283,286,291,296,297]].
[[9,19,27,34,43,46,52,55,60,65,68,69,71,74,81,82,86,93,94,95,96,97,98,99,101,102,103,107,108,114,115,119,122,124,133,140,145,151,153,154,155,157,158,159,164,173,177,178,184,190,192,195,209,210,221,223,226,229,231,234,239,243,246,248,251,253,257,258,261,263,264,265,277,283,286,291,296,297],[2,3,6,7,18,23,25,29,30,32,37,38,40,44,54,57,59,64,67,70,72,78,79,88,90,100,104,105,106,111,113,117,123,134,136,137,138,141,144,148,149,169,175,179,182,191,194,196,198,199,200,205,206,211,214,219,224,230,232,250,252,259,260,262,267,269,276,278,288,290,292,294],[1,12,15,20,21,22,28,31,33,35,36,39,42,48,49,61,76,77,80,83,87,89,91,92,112,121,127,128,135,142,146,150,152,156,161,162,166,167,171,172,174,176,180,181,183,187,193,202,203,207,208,215,217,218,222,227,233,236,242,247,249,255,266,268,274,275,279,281,287,289,293,295]].
[[1,12,15,20,21,22,28,31,33,35,36,39,42,48,49,61,76,77,80,83,87,89,91,92,112,121,127,128,135,142,146,150,152,156,161,162,166,167,171,172,174,176,180,181,183,187,193,202,203,207,208,215,217,218,222,227,233,236,242,247,249,255,266,268,274,275,279,281,287,289,293,295],[4,5,8,10,11,13,14,16,17,24,26,41,45,47,50,51,53,56,58,62,63,66,73,75,84,85,109,110,116,118,120,125,126,129,130,131,132,139,143,147,160,163,165,168,170,185,186,188,189,197,201,204,212,213,216,220,225,228,235,237,238,240,241,244,245,254,256,270,271,272,273,280,282,284,285,298,299,300],[9,19,27,34,43,46,52,55,60,65,68,69,71,74,81,82,86,93,94,95,96,97,98,99,101,102,103,107,108,114,115,119,122,124,133,140,145,151,153,154,155,157,158,159,164,173,177,178,184,190,192,195,209,210,221,223,226,229,231,234,239,243,246,248,251,253,257,258,261,263,264,265,277,283,286,291,296,297]].
[[2,3,6,7,18,23,25,29,30,32,37,38,40,44,54,57,59,64,67,70,72,78,79,88,90,100,104,105,106,111,113,117,123,134,136,137,138,141,144,148,149,169,175,179,182,191,194,196,198,199,200,205,206,211,214,219,224,230,232,250,252,259,260,262,267,269,276,278,288,290,292,294],[9,19,27,34,43,46,52,55,60,65,68,69,71,74,81,82,86,93,94,95,96,97,98,99,101,102,103,107,108,114,115,119,122,124,133,140,145,151,153,154,155,157,158,159,164,173,177,178,184,190,192,195,209,210,221,223,226,229,231,234,239,243,246,248,251,253,257,258,261,263,264,265,277,283,286,291,296,297],[4,5,8,10,11,13,14,16,17,24,26,41,45,47,50,51,53,56,58,62,63,66,73,75,84,85,109,110,116,118,120,125,126,129,130,131,132,139,143,147,160,163,165,168,170,185,186,188,189,197,201,204,212,213,216,220,225,228,235,237,238,240,241,244,245,254,256,270,271,272,273,280,282,284,285,298,299,300]].
[[4,5,8,10,11,13,14,16,17,24,26,41,45,47,50,51,53,56,58,62,63,66,73,75,84,85,109,110,116,118,120,125,126,129,130,131,132,139,143,147,160,163,165,168,170,185,186,188,189,197,201,204,212,213,216,220,225,228,235,237,238,240,241,244,245,254,256,270,271,272,273,280,282,284,285,298,299,300],[1,12,15,20,21,22,28,31,33,35,36,39,42,48,49,61,76,77,80,83,87,89,91,92,112,121,127,128,135,142,146,150,152,156,161,162,166,167,171,172,174,176,180,181,183,187,193,202,203,207,208,215,217,218,222,227,233,236,242,247,249,255,266,268,274,275,279,281,287,289,293,295],[2,3,6,7,18,23,25,29,30,32,37,38,40,44,54,57,59,64,67,70,72,78,79,88,90,100,104,105,106,111,113,117,123,134,136,137,138,141,144,148,149,169,175,179,182,191,194,196,198,199,200,205,206,211,214,219,224,230,232,250,252,259,260,262,267,269,276,278,288,290,292,294]].
[[2,3,6,7,18,23,25,29,30,32,37,38,40,44,54,57,59,64,67,70,72,78,79,88,90,100,104,105,106,111,113,117,123,134,136,137,138,141,144,148,149,169,175,179,182,191,194,196,198,199,200,205,206,211,214,219,224,230,232,250,252,259,260,262,267,269,276,278,288,290,292,294],[9,19,27,34,43,46,52,55,60,65,68,69,71,74,81,82,86,93,94,95,96,97,98,99,101,102,103,107,108,114,115,119,122,124,133,140,145,151,153,154,155,157,158,159,164,173,177,178,184,190,192,195,209,210,221,223,226,229,231,234,239,243,246,248,251,253,257,258,261,263,264,265,277,283,286,291,296,297],[4,5,8,10,11,13,14,16,17,24,26,41,45,47,50,51,53,56,58,62,63,66,73,75,84,85,109,110,116,118,120,125,126,129,130,131,132,139,143,147,160,163,165,168,170,185,186,188,189,197,201,204,212,213,216,220,225,228,235,237,238,240,241,244,245,254,256,270,271,272,273,280,282,284,285,298,299,300]].
