[[5,11,12,20,24,27,33,39,42,49,54,63,64,67,69,70,72,78,82,83,89,90,93,94,97,102,109,111,114,117,118,125,129,131,135,138,145,150,156,164,166,168,176,178,179,183,190,195,196,201,202,206,207,212,217,218,219,221,223,226,228,230,231,234,236,244,247,250,251,254,255,258,262,263,267,271,272,276,290,297],[1,3,4,8,10,13,15,18,22,29,35,36,37,41,47,51,58,59,65,76,77,91,95,100,103,104,105,106,133,134,136,144,146,147,154,160,162,163,165,173,175,180,198,203,204,205,209,216,224,227,229,232,235,239,240,241,242,249,256,259,268,269,277,281,283,287,289,294,295,299],[7,17,25,30,31,32,34,38,40,45,48,60,62,68,75,80,86,87,92,99,101,107,108,112,113,116,119,121,128,140,142,148,152,155,159,161,169,177,182,184,189,193,194,197,199,200,210,211,215,222,237,246,248,252,253,257,260,261,265,266,274,275,278,279,282,284,285,286,293,296]].
[[5,11,12,20,24,27,33,39,42,49,54,63,64,67,69,70,72,78,82,83,89,90,93,94,97,102,109,111,114,117,118,125,129,131,135,138,145,150,156,164,166,168,176,178,179,183,190,195,196,201,202,206,207,212,217,218,219,221,223,226,228,230,231,234,236,244,247,250,251,254,255,258,262,263,267,271,272,276,290,297],[1,3,4,8,10,13,15,18,22,29,35,36,37,41,47,51,58,59,65,76,77,91,95,100,103,104,105,106,133,134,136,144,146,147,154,160,162,163,165,173,175,180,198,203,204,205,209,216,224,227,229,232,235,239,240,241,242,249,256,259,268,269,277,281,283,287,289,294,295,299],[7,17,25,30,31,32,34,38,40,45,48,60,62,68,75,80,86,87,92,99,101,107,108,112,113,116,119,121,128,140,142,148,152,155,159,161,169,177,182,184,189,193,194,197,199,200,210,211,215,222,237,246,248,252,253,257,260,261,265,266,274,275,278,279,282,284,285,286,293,296]].
[[1,3,4,8,10,13,15,18,22,29,35,36,37,41,47,51,58,59,65,76,77,91,95,100,103,104,105,106,133,134,136,144,146,147,154,160,162,163,165,173,175,180,198,203,204,205,209,216,224,227,229,232,235,239,240,241,242,249,256,259,268,269,277,281,283,287,289,294,295,299],[5,11,12,20,24,27,33,39,42,49,54,63,64,67,69,70,72,78,82,83,89,90,93,94,97,102,109,111,114,117,118,125,129,131,135,138,145,150,156,164,166,168,176,178,179,183,190,195,196,201,202,206,207,212,217,218,219,221,223,226,228,230,231,234,236,244,247,250,251,254,255,258,262,263,267,271,272,276,290,297],[2,6,9,14,16,19,21,23,26,28,43,44,46,50,52,53,55,56,57,61,66,71,73,74,79,81,84,85,88,96,98,110,115,120,122,123,124,126,127,130,132,137,139,141,143,149,151,153,157,158,167,170,171,172,174,181,185,186,187,188,191,192,208,213,214,220,225,233,238,243,245,264,270,273,280,288,291,292,298,300]].
[[7,17,25,30,31,32,34,38,40,45,48,60,62,68,75,80,86,87,92,99,101,107,108,112,113,116,119,121,128,140,142,148,152,155,159,161,169,177,182,184,189,193,194,197,199,200,210,211,215,222,237,246,248,252,253,257,260,261,265,266,274,275,278,279,282,284,285,286,293,296],[2,6,9,14,16,19,21,23,26,28,43,44,46,50,52,53,55,56,57,61,66,71,73,74,79,81,84,85,88,96,98,110,115,120,122,123,124,126,127,130,132,137,139,141,143,149,151,153,157,158,167,170,171,172,174,181,185,186,187,188,191,192,208,213,214,220,225,233,238,243,245,264,270,273,280,288,291,292,298,300],[5,11,12,20,24,27,33,39,42,49,54,63,64,67,69,70,72,78,82,83,89,90,93,94,97,102,109,111,114,117,118,125,129,131,135,138,145,150,156,164,166,168,176,178,179,183,190,195,196,201,202,206,207,212,217,218,219,221,223,226,228,230,231,234,236,244,247,250,251,254,255,258,262,263,267,271,272,276,290,297]].
[[5,11,12,20,24,27,33,39,42,49,54,63,64,67,69,70,72,78,82,83,89,90,93,94,97,102,109,111,114,117,118,125,129,131,135,138,145,150,156,164,166,168,176,178,179,183,190,195,196,201,202,206,207,212,217,218,219,221,223,226,228,230,231,234,236,244,247,250,251,254,255,258,262,263,267,271,272,276,290,297],[1,3,4,8,10,13,15,18,22,29,35,36,37,41,47,51,58,59,65,76,77,91,95,100,103,104,105,106,133,134,136,144,146,147,154,160,162,163,165,173,175,180,198,203,204,205,209,216,224,227,229,232,235,239,240,241,242,249,256,259,268,269,277,281,283,287,289,294,295,299],[7,17,25,30,31,32,34,38,40,45,48,60,62,68,75,80,86,87,92,99,101,107,108,112,113,116,119,121,128,140,142,148,152,155,159,161,169,177,182,184,189,193,194,197,199,200,210,211,215,222,237,246,248,252,253,257,260,261,265,266,274,275,278,279,282,284,285,286,293,296]].
[[2,6,9,14,16,19,21,23,26,28,43,44,46,50,52,53,55,56,57,61,66,71,73,74,79,81,84,85,88,96,98,110,115,120,122,123,124,126,127,130,132,137,139,141,143,149,151,153,157,158,167,170,171,172,174,181,185,186,187,188,191,192,208,213,214,220,225,233,238,243,245,264,270,273,280,288,291,292,298,300],[7,17,25,30,31,32,34,38,40,45,48,60,62,68,75,80,86,87,92,99,101,107,108,112,113,116,119,121,128,140,142,148,152,155,159,161,169,177,182,184,189,193,194,197,199,200,210,211,215,222,237,246,248,252,253,257,260,261,265,266,274,275,278,279,282,284,285,286,293,296],[1,3,4,8,10,13,15,18,22,29,35,36,37,41,47,51,58,59,65,76,77,91,95,100,103,104,105,106,133,134,136,144,146,147,154,160,162,163,165,173,175,180,198,203,204,205,209,216,224,227,229,232,235,239,240,241,242,249,256,259,268,269,277,281,283,287,289,294,295,299]].
[[7,17,25,30,31,32,34,38,40,45,48,60,62,68,75,80,86,87,92,99,101,107,108,112,113,116,119,121,128,140,142,148,152,155,159,161,169,177,182,184,189,193,194,197,199,200,210,211,215,222,237,246,248,252,253,257,260,261,265,266,274,275,278,279,282,284,285,286,293,296],[2,6,9,14,16,19,21,23,26,28,43,44,46,50,52,53,55,56,57,61,66,71,73,74,79,81,84,85,88,96,98,110,115,120,122,123,124,126,127,130,132,137,139,141,143,149,151,153,157,158,167,170,171,172,174,181,185,186,187,188,191,192,208,213,214,220,225,233,238,243,245,264,270,273,280,288,291,292,298,300],[5,11,12,20,24,27,33,39,42,49,54,63,64,67,69,70,72,78,82,83,89,90,93,94,97,102,109,111,114,117,118,125,129,131,135,138,145,150,156,164,166,168,176,178,179,183,190,195,196,201,202,206,207,212,217,218,219,221,223,226,228,230,231,234,236,244,247,250,251,254,255,258,262,263,267,271,272,276,290,297]].
[[2,6,9,14,16,19,21,23,26,28,43,44,46,50,52,53,55,56,57,61,66,71,73,74,79,81,84,85,88,96,98,110,115,120,122,123,124,126,127,130,132,137,139,141,143,149,151,153,157,158,167,170,171,172,174,181,185,186,187,188,191,192,208,213,214,220,225,233,238,243,245,264,270,273,280,288,291,292,298,300],[7,17,25,30,31,32,34,38,40,45,48,60,62,68,75,80,86,87,92,99,101,107,108,112,113,116,119,121,128,140,142,148,152,155,159,161,169,177,182,184,189,193,194,197,199,200,210,211,215,222,237,246,248,252,253,257,260,261,265,266,274,275,278,279,282,284,285,286,293,296],[1,3,4,8,10,13,15,18,22,29,35,36,37,41,47,51,58,59,65,76,77,91,95,100,103,104,105,106,133,134,136,144,146,147,154,160,162,163,165,173,175,180,198,203,204,205,209,216,224,227,229,232,235,239,240,241,242,249,256,259,268,269,277,281,283,287,289,294,295,299]].
[[7,17,25,30,31,32,34,38,40,45,48,60,62,68,75,80,86,87,92,99,101,107,108,112,113,116,119,121,128,140,142,148,152,155,159,161,169,177,182,184,189,193,194,197,199,200,210,211,215,222,237,246,248,252,253,257,260,261,265,266,274,275,278,279,282,284,285,286,293,296],[2,6,9,14,16,19,21,23,26,28,43,44,46,50,52,53,55,56,57,61,66,71,73,74,79,81,84,85,88,96,98,110,115,120,122,123,124,126,127,130,132,137,139,141,143,149,151,153,157,158,167,170,171,172,174,181,185,186,187,188,191,192,208,213,214,220,225,233,238,243,245,264,270,273,280,288,291,292,298,300],[5,11,12,20,24,27,33,39,42,49,54,63,64,67,69,70,72,78,82,83,89,90,93,94,97,102,109,111,114,117,118,125,129,131,135,138,145,150,156,164,166,168,176,178,179,183,190,195,196,201,202,206,207,212,217,218,219,221,223,226,228,230,231,234,236,244,247,250,251,254,255,258,262,263,267,271,272,276,290,297]].
[[1,3,4,8,10,13,15,18,22,29,35,36,37,41,47,51,58,59,65,76,77,91,95,100,103,104,105,106,133,134,136,144,146,147,154,160,162,163,165,173,175,180,198,203,204,205,209,216,224,227,229,232,235,239,240,241,242,249,256,259,268,269,277,281,283,287,289,294,295,299],[5,11,12,20,24,27,33,39,42,49,54,63,64,67,69,70,72,78,82,83,89,90,93,94,97,102,109,111,114,117,118,125,129,131,135,138,145,150,156,164,166,168,176,178,179,183,190,195,196,201,202,206,207,212,217,218,219,221,223,226,228,230,231,234,236,244,247,250,251,254,255,258,262,263,267,271,272,276,290,297],[2,6,9,14,16,19,21,23,26,28,43,44,46,50,52,53,55,56,57,61,66,71,73,74,79,81,84,85,88,96,98,110,115,120,122,123,124,126,127,130,132,137,139,141,143,149,151,153,157,158,167,170,171,172,174,181,185,186,187,188,191,192,208,213,214,220,225,233,238,243,245,264,270,273,280,288,291,292,298,300]].
[[1,3,4,8,10,13,15,18,22,29,35,36,37,41,47,51,58,59,65,76,77,91,95,100,103,104,105,106,133,134,136,144,146,147,154,160,162,163,165,173,175,180,198,203,204,205,209,216,224,227,229,232,235,239,240,241,242,249,256,259,268,269,277,281,283,287,289,294,295,299],[5,11,12,20,24,27,33,39,42,49,54,63,64,67,69,70,72,78,82,83,89,90,93,94,97,102,109,111,114,117,118,125,129,131,135,138,145,150,156,164,166,168,176,178,179,183,190,195,196,201,202,206,207,212,217,218,219,221,223,226,228,230,231,234,236,244,247,250,251,254,255,258,262,263,267,271,272,276,290,297],[2,6,9,14,16,19,21,23,26,28,43,44,46,50,52,53,55,56,57,61,66,71,73,74,79,81,84,85,88,96,98,110,115,120,122,123,124,126,127,130,132,137,139,141,143,149,151,153,157,158,167,170,171,172,174,181,185,186,187,188,191,192,208,213,214,220,225,233,238,243,245,264,270,273,280,288,291,292,298,300]].
[[2,6,9,14,16,19,21,23,26,28,43,44,46,50,52,53,55,56,57,61,66,71,73,74,79,81,84,85,88,96,98,110,115,120,122,123,124,126,127,130,132,137,139,141,143,149,151,153,157,158,167,170,171,172,174,181,185,186,187,188,191,192,208,213,214,220,225,233,238,243,245,264,270,273,280,288,291,292,298,300],[7,17,25,30,31,32,34,38,40,45,48,60,62,68,75,80,86,87,92,99,101,107,108,112,113,116,119,121,128,140,142,148,152,155,159,161,169,177,182,184,189,193,194,197,199,200,210,211,215,222,237,246,248,252,253,257,260,261,265,266,274,275,278,279,282,284,285,286,293,296],[1,3,4,8,10,13,15,18,22,29,35,36,37,41,47,51,58,59,65,76,77,91,95,100,103,104,105,106,133,134,136,144,146,147,154,160,162,163,165,173,175,180,198,203,204,205,209,216,224,227,229,232,235,239,240,241,242,249,256,259,268,269,277,281,283,287,289,294,295,299]].
[[2,6,9,14,16,19,21,23,26,28,43,44,46,50,52,53,55,56,57,61,66,71,73,74,79,81,84,85,88,96,98,110,115,120,122,123,124,126,127,130,132,137,139,141,143,149,151,153,157,158,167,170,171,172,174,181,185,186,187,188,191,192,208,213,214,220,225,233,238,243,245,264,270,273,280,288,291,292,298,300],[7,17,25,30,31,32,34,38,40,45,48,60,62,68,75,80,86,87,92,99,101,107,108,112,113,116,119,121,128,140,142,148,152,155,159,161,169,177,182,184,189,193,194,197,199,200,210,211,215,222,237,246,248,252,253,257,260,261,265,266,274,275,278,279,282,284,285,286,293,296],[1,3,4,8,10,13,15,18,22,29,35,36,37,41,47,51,58,59,65,76,77,91,95,100,103,104,105,106,133,134,136,144,146,147,154,160,162,163,165,173,175,180,198,203,204,205,209,216,224,227,229,232,235,239,240,241,242,249,256,259,268,269,277,281,283,287,289,294,295,299]].
[[2,6,9,14,16,19,21,23,26,28,43,44,46,50,52,53,55,56,57,61,66,71,73,74,79,81,84,85,88,96,98,110,115,120,122,123,124,126,127,130,132,137,139,141,143,149,151,153,157,158,167,170,171,172,174,181,185,186,187,188,191,192,208,213,214,220,225,233,238,243,245,264,270,273,280,288,291,292,298,300],[7,17,25,30,31,32,34,38,40,45,48,60,62,68,75,80,86,87,92,99,101,107,108,112,113,116,119,121,128,140,142,148,152,155,159,161,169,177,182,184,189,193,194,197,199,200,210,211,215,222,237,246,248,252,253,257,260,261,265,266,274,275,278,279,282,284,285,286,293,296],[1,3,4,8,10,13,15,18,22,29,35,36,37,41,47,51,58,59,65,76,77,91,95,100,103,104,105,106,133,134,136,144,146,147,154,160,162,163,165,173,175,180,198,203,204,205,209,216,224,227,229,232,235,239,240,241,242,249,256,259,268,269,277,281,283,287,289,294,295,299]].
[[1,3,4,8,10,13,15,18,22,29,35,36,37,41,47,51,58,59,65,76,77,91,95,100,103,104,105,106,133,134,136,144,146,147,154,160,162,163,165,173,175,180,198,203,204,205,209,216,224,227,229,232,235,239,240,241,242,249,256,259,268,269,277,281,283,287,289,294,295,299],[5,11,12,20,24,27,33,39,42,49,54,63,64,67,69,70,72,78,82,83,89,90,93,94,97,102,109,111,114,117,118,125,129,131,135,138,145,150,156,164,166,168,176,178,179,183,190,195,196,201,202,206,207,212,217,218,219,221,223,226,228,230,231,234,236,244,247,250,251,254,255,258,262,263,267,271,272,276,290,297],[2,6,9,14,16,19,21,23,26,28,43,44,46,50,52,53,55,56,57,61,66,71,73,74,79,81,84,85,88,96,98,110,115,120,122,123,124,126,127,130,132,137,139,141,143,149,151,153,157,158,167,170,171,172,174,181,185,186,187,188,191,192,208,213,214,220,225,233,238,243,245,264,270,273,280,288,291,292,298,300]].
[[7,17,25,30,31,32,34,38,40,45,48,60,62,68,75,80,86,87,92,99,101,107,108,112,113,116,119,121,128,140,142,148,152,155,159,161,169,177,182,184,189,193,194,197,199,200,210,211,215,222,237,246,248,252,253,257,260,261,265,266,274,275,278,279,282,284,285,286,293,296],[2,6,9,14,16,19,21,23,26,28,43,44,46,50,52,53,55,56,57,61,66,71,73,74,79,81,84,85,88,96,98,110,115,120,122,123,124,126,127,130,132,137,139,141,143,149,151,153,157,158,167,170,171,172,174,181,185,186,187,188,191,192,208,213,214,220,225,233,238,243,245,264,270,273,280,288,291,292,298,300],[5,11,12,20,24,27,33,39,42,49,54,63,64,67,69,70,72,78,82,83,89,90,93,94,97,102,109,111,114,117,118,125,129,131,135,138,145,150,156,164,166,168,176,178,179,183,190,195,196,201,202,206,207,212,217,218,219,221,223,226,228,230,231,234,236,244,247,250,251,254,255,258,262,263,267,271,272,276,290,297]].
[[5,11,12,20,24,27,33,39,42,49,54,63,64,67,69,70,72,78,82,83,89,90,93,94,97,102,109,111,114,117,118,125,129,131,135,138,145,150,156,164,166,168,176,178,179,183,190,195,196,201,202,206,207,212,217,218,219,221,223,226,228,230,231,234,236,244,247,250,251,254,255,258,262,263,267,271,272,276,290,297],[1,3,4,8,10,13,15,18,22,29,35,36,37,41,47,51,58,59,65,76,77,91,95,100,103,104,105,106,133,134,136,144,146,147,154,160,162,163,165,173,175,180,198,203,204,205,209,216,224,227,229,232,235,239,240,241,242,249,256,259,268,269,277,281,283,287,289,294,295,299],[7,17,25,30,31,32,34,38,40,45,48,60,62,68,75,80,86,87,92,99,101,107,108,112,113,116,119,121,128,140,142,148,152,155,159,161,169,177,182,184,189,193,194,197,199,200,210,211,215,222,237,246,248,252,253,257,260,261,265,266,274,275,278,279,282,284,285,286,293,296]].
[[7,17,25,30,31,32,34,38,40,45,48,60,62,68,75,80,86,87,92,99,101,107,108,112,113,116,119,121,128,140,142,148,152,155,159,161,169,177,182,184,189,193,194,197,199,200,210,211,215,222,237,246,248,252,253,257,260,261,265,266,274,275,278,279,282,284,285,286,293,296],[2,6,9,14,16,19,21,23,26,28,43,44,46,50,52,53,55,56,57,61,66,71,73,74,79,81,84,85,88,96,98,110,115,120,122,123,124,126,127,130,132,137,139,141,143,149,151,153,157,158,167,170,171,172,174,181,185,186,187,188,191,192,208,213,214,220,225,233,238,243,245,264,270,273,280,288,291,292,298,300],[5,11,12,20,24,27,33,39,42,49,54,63,64,67,69,70,72,78,82,83,89,90,93,94,97,102,109,111,114,117,118,125,129,131,135,138,145,150,156,164,166,168,176,178,179,183,190,195,196,201,202,206,207,212,217,218,219,221,223,226,228,230,231,234,236,244,247,250,251,254,255,258,262,263,267,271,272,276,290,297]].
[[5,11,12,20,24,27,33,39,42,49,54,63,64,67,69,70,72,78,82,83,89,90,93,94,97,102,109,111,114,117,118,125,129,131,135,138,145,150,156,164,166,168,176,178,179,183,190,195,196,201,202,206,207,212,217,218,219,221,223,226,228,230,231,234,236,244,247,250,251,254,255,258,262,263,267,271,272,276,290,297],[1,3,4,8,10,13,15,18,22,29,35,36,37,41,47,51,58,59,65,76,77,91,95,100,103,104,105,106,133,134,136,144,146,147,154,160,162,163,165,173,175,180,198,203,204,205,209,216,224,227,229,232,235,239,240,241,242,249,256,259,268,269,277,281,283,287,289,294,295,299],[7,17,25,30,31,32,34,38,40,45,48,60,62,68,75,80,86,87,92,99,101,107,108,112,113,116,119,121,128,140,142,148,152,155,159,161,169,177,182,184,189,193,194,197,199,200,210,211,215,222,237,246,248,252,253,257,260,261,265,266,274,275,278,279,282,284,285,286,293,296]].
[[1,3,4,8,10,13,15,18,22,29,35,36,37,41,47,51,58,59,65,76,77,91,95,100,103,104,105,106,133,134,136,144,146,147,154,160,162,163,165,173,175,180,198,203,204,205,209,216,224,227,229,232,235,239,240,241,242,249,256,259,268,269,277,281,283,287,289,294,295,299],[5,11,12,20,24,27,33,39,42,49,54,63,64,67,69,70,72,78,82,83,89,90,93,94,97,102,109,111,114,117,118,125,129,131,135,138,145,150,156,164,166,168,176,178,179,183,190,195,196,201,202,206,207,212,217,218,219,221,223,226,228,230,231,234,236,244,247,250,251,254,255,258,262,263,267,271,272,276,290,297],[2,6,9,14,16,19,21,23,26,28,43,44,46,50,52,53,55,56,57,61,66,71,73,74,79,81,84,85,88,96,98,110,115,120,122,123,124,126,127,130,132,137,139,141,143,149,151,153,157,158,167,170,171,172,174,181,185,186,187,188,191,192,208,213,214,220,225,233,238,243,245,264,270,273,280,288,291,292,298,300]].
[[5,11,12,20,24,27,33,39,42,49,54,63,64,67,69,70,72,78,82,83,89,90,93,94,97,102,109,111,114,117,118,125,129,131,135,138,145,150,156,164,166,168,176,178,179,183,190,195,196,201,202,206,207,212,217,218,219,221,223,226,228,230,231,234,236,244,247,250,251,254,255,258,262,263,267,271,272,276,290,297],[1,3,4,8,10,13,15,18,22,29,35,36,37,41,47,51,58,59,65,76,77,91,95,100,103,104,105,106,133,134,136,144,146,147,154,160,162,163,165,173,175,180,198,203,204,205,209,216,224,227,229,232,235,239,240,241,242,249,256,259,268,269,277,281,283,287,289,294,295,299],[7,17,25,30,31,32,34,38,40,45,48,60,62,68,75,80,86,87,92,99,101,107,108,112,113,116,119,121,128,140,142,148,152,155,159,161,169,177,182,184,189,193,194,197,199,200,210,211,215,222,237,246,248,252,253,257,260,261,265,266,274,275,278,279,282,284,285,286,293,296]].
[[1,3,4,8,10,13,15,18,22,29,35,36,37,41,47,51,58,59,65,76,77,91,95,100,103,104,105,106,133,134,136,144,146,147,154,160,162,163,165,173,175,180,198,203,204,205,209,216,224,227,229,232,235,239,240,241,242,249,256,259,268,269,277,281,283,287,289,294,295,299],[5,11,12,20,24,27,33,39,42,49,54,63,64,67,69,70,72,78,82,83,89,90,93,94,97,102,109,111,114,117,118,125,129,131,135,138,145,150,156,164,166,168,176,178,179,183,190,195,196,201,202,206,207,212,217,218,219,221,223,226,228,230,231,234,236,244,247,250,251,254,255,258,262,263,267,271,272,276,290,297],[2,6,9,14,16,19,21,23,26,28,43,44,46,50,52,53,55,56,57,61,66,71,73,74,79,81,84,85,88,96,98,110,115,120,122,123,124,126,127,130,132,137,139,141,143,149,151,153,157,158,167,170,171,172,174,181,185,186,187,188,191,192,208,213,214,220,225,233,238,243,245,264,270,273,280,288,291,292,298,300]].
[[1,3,4,8,10,13,15,18,22,29,35,36,37,41,47,51,58,59,65,76,77,91,95,100,103,104,105,106,133,134,136,144,146,147,154,160,162,163,165,173,175,180,198,203,204,205,209,216,224,227,229,232,235,239,240,241,242,249,256,259,268,269,277,281,283,287,289,294,295,299],[5,11,12,20,24,27,33,39,42,49,54,63,64,67,69,70,72,78,82,83,89,90,93,94,97,102,109,111,114,117,118,125,129,131,135,138,145,150,156,164,166,168,176,178,179,183,190,195,196,201,202,206,207,212,217,218,219,221,223,226,228,230,231,234,236,244,247,250,251,254,255,258,262,263,267,271,272,276,290,297],[2,6,9,14,16,19,21,23,26,28,43,44,46,50,52,53,55,56,57,61,66,71,73,74,79,81,84,85,88,96,98,110,115,120,122,123,124,126,127,130,132,137,139,141,143,149,151,153,157,158,167,170,171,172,174,181,185,186,187,188,191,192,208,213,214,220,225,233,238,243,245,264,270,273,280,288,291,292,298,300]].
[[5,11,12,20,24,27,33,39,42,49,54,63,64,67,69,70,72,78,82,83,89,90,93,94,97,102,109,111,114,117,118,125,129,131,135,138,145,150,156,164,166,168,176,178,179,183,190,195,196,201,202,206,207,212,217,218,219,221,223,226,228,230,231,234,236,244,247,250,251,254,255,258,262,263,267,271,272,276,290,297],[1,3,4,8,10,13,15,18,22,29,35,36,37,41,47,51,58,59,65,76,77,91,95,100,103,104,105,106,133,134,136,144,146,147,154,160,162,163,165,173,175,180,198,203,204,205,209,216,224,227,229,232,235,239,240,241,242,249,256,259,268,269,277,281,283,287,289,294,295,299],[7,17,25,30,31,32,34,38,40,45,48,60,62,68,75,80,86,87,92,99,101,107,108,112,113,116,119,121,128,140,142,148,152,155,159,161,169,177,182,184,189,193,194,197,199,200,210,211,215,222,237,246,248,252,253,257,260,261,265,266,274,275,278,279,282,284,285,286,293,296]].
[[2,6,9,14,16,19,21,23,26,28,43,44,46,50,52,53,55,56,57,61,66,71,73,74,79,81,84,85,88,96,98,110,115,120,122,123,124,126,127,130,132,137,139,141,143,149,151,153,157,158,167,170,171,172,174,181,185,186,187,188,191,192,208,213,214,220,225,233,238,243,245,264,270,273,280,288,291,292,298,300],[7,17,25,30,31,32,34,38,40,45,48,60,62,68,75,80,86,87,92,99,101,107,108,112,113,116,119,121,128,140,142,148,152,155,159,161,169,177,182,184,189,193,194,197,199,200,210,211,215,222,237,246,248,252,253,257,260,261,265,266,274,275,278,279,282,284,285,286,293,296],[1,3,4,8,10,13,15,18,22,29,35,36,37,41,47,51,58,59,65,76,77,91,95,100,103,104,105,106,133,134,136,144,146,147,154,160,162,163,165,173,175,180,198,203,204,205,209,216,224,227,229,232,235,239,240,241,242,249,256,259,268,269,277,281,283,287,289,294,295,299]].
[[1,3,4,8,10,13,15,18,22,29,35,36,37,41,47,51,58,59,65,76,77,91,95,100,103,104,105,106,133,134,136,144,146,147,154,160,162,163,165,173,175,180,198,203,204,205,209,216,224,227,229,232,235,239,240,241,242,249,256,259,268,269,277,281,283,287,289,294,295,299],[5,11,12,20,24,27,33,39,42,49,54,63,64,67,69,70,72,78,82,83,89,90,93,94,97,102,109,111,114,117,118,125,129,131,135,138,145,150,156,164,166,168,176,178,179,183,190,195,196,201,202,206,207,212,217,218,219,221,223,226,228,230,231,234,236,244,247,250,251,254,255,258,262,263,267,271,272,276,290,297],[2,6,9,14,16,19,21,23,26,28,43,44,46,50,52,53,55,56,57,61,66,71,73,74,79,81,84,85,88,96,98,110,115,120,122,123,124,126,127,130,132,137,139,141,143,149,151,153,157,158,167,170,171,172,174,181,185,186,187,188,191,192,208,213,214,220,225,233,238,243,245,264,270,273,280,288,291,292,298,300]].
[[2,6,9,14,16,19,21,23,26,28,43,44,46,50,52,53,55,56,57,61,66,71,73,74,79,81,84,85,88,96,98,110,115,120,122,123,124,126,127,130,132,137,139,141,143,149,151,153,157,158,167,170,171,172,174,181,185,186,187,188,191,192,208,213,214,220,225,233,238,243,245,264,270,273,280,288,291,292,298,300],[7,17,25,30,31,32,34,38,40,45,48,60,62,68,75,80,86,87,92,99,101,107,108,112,113,116,119,121,128,140,142,148,152,155,159,161,169,177,182,184,189,193,194,197,199,200,210,211,215,222,237,246,248,252,253,257,260,261,265,266,274,275,278,279,282,284,285,286,293,296],[1,3,4,8,10,13,15,18,22,29,35,36,37,41,47,51,58,59,65,76,77,91,95,100,103,104,105,106,133,134,136,144,146,147,154,160,162,163,165,173,175,180,198,203,204,205,209,216,224,227,229,232,235,239,240,241,242,249,256,259,268,269,277,281,283,287,289,294,295,299]].
[[7,17,25,30,31,32,34,38,40,45,48,60,62,68,75,80,86,87,92,99,101,107,108,112,113,116,119,121,128,140,142,148,152,155,159,161,169,177,182,184,189,193,194,197,199,200,210,211,215,222,237,246,248,252,253,257,260,261,265,266,274,275,278,279,282,284,285,286,293,296],[2,6,9,14,16,19,21,23,26,28,43,44,46,50,52,53,55,56,57,61,66,71,73,74,79,81,84,85,88,96,98,110,115,120,122,123,124,126,127,130,132,137,139,141,143,149,151,153,157,158,167,170,171,172,174,181,185,186,187,188,191,192,208,213,214,220,225,233,238,243,245,264,270,273,280,288,291,292,298,300],[5,11,12,20,24,27,33,39,42,49,54,63,64,67,69,70,72,78,82,83,89,90,93,94,97,102,109,111,114,117,118,125,129,131,135,138,145,150,156,164,166,168,176,178,179,183,190,195,196,201,202,206,207,212,217,218,219,221,223,226,228,230,231,234,236,244,247,250,251,254,255,258,262,263,267,271,272,276,290,297]].
[[5,11,12,20,24,27,33,39,42,49,54,63,64,67,69,70,72,78,82,83,89,90,93,94,97,102,109,111,114,117,118,125,129,131,135,138,145,150,156,164,166,168,176,178,179,183,190,195,196,201,202,206,207,212,217,218,219,221,223,226,228,230,231,234,236,244,247,250,251,254,255,258,262,263,267,271,272,276,290,297],[1,3,4,8,10,13,15,18,22,29,35,36,37,41,47,51,58,59,65,76,77,91,95,100,103,104,105,106,133,134,136,144,146,147,154,160,162,163,165,173,175,180,198,203,204,205,209,216,224,227,229,232,235,239,240,241,242,249,256,259,268,269,277,281,283,287,289,294,295,299],[7,17,25,30,31,32,34,38,40,45,48,60,62,68,75,80,86,87,92,99,101,107,108,112,113,116,119,121,128,140,142,148,152,155,159,161,169,177,182,184,189,193,194,197,199,200,210,211,215,222,237,246,248,252,253,257,260,261,265,266,274,275,278,279,282,284,285,286,293,296]].
[[1,3,4,8,10,13,15,18,22,29,35,36,37,41,47,51,58,59,65,76,77,91,95,100,103,104,105,106,133,134,136,144,146,147,154,160,162,163,165,173,175,180,198,203,204,205,209,216,224,227,229,232,235,239,240,241,242,249,256,259,268,269,277,281,283,287,289,294,295,299],[5,11,12,20,24,27,33,39,42,49,54,63,64,67,69,70,72,78,82,83,89,90,93,94,97,102,109,111,114,117,118,125,129,131,135,138,145,150,156,164,166,168,176,178,179,183,190,195,196,201,202,206,207,212,217,218,219,221,223,226,228,230,231,234,236,244,247,250,251,254,255,258,262,263,267,271,272,276,290,297],[2,6,9,14,16,19,21,23,26,28,43,44,46,50,52,53,55,56,57,61,66,71,73,74,79,81,84,85,88,96,98,110,115,120,122,123,124,126,127,130,132,137,139,141,143,149,151,153,157,158,167,170,171,172,174,181,185,186,187,188,191,192,208,213,214,220,225,233,238,243,245,264,270,273,280,288,291,292,298,300]].
[[5,11,12,20,24,27,33,39,42,49,54,63,64,67,69,70,72,78,82,83,89,90,93,94,97,102,109,111,114,117,118,125,129,131,135,138,145,150,156,164,166,168,176,178,179,183,190,195,196,201,202,206,207,212,217,218,219,221,223,226,228,230,231,234,236,244,247,250,251,254,255,258,262,263,267,271,272,276,290,297],[1,3,4,8,10,13,15,18,22,29,35,36,37,41,47,51,58,59,65,76,77,91,95,100,103,104,105,106,133,134,136,144,146,147,154,160,162,163,165,173,175,180,198,203,204,205,209,216,224,227,229,232,235,239,240,241,242,249,256,259,268,269,277,281,283,287,289,294,295,299],[7,17,25,30,31,32,34,38,40,45,48,60,62,68,75,80,86,87,92,99,101,107,108,112,113,116,119,121,128,140,142,148,152,155,159,161,169,177,182,184,189,193,194,197,199,200,210,211,215,222,237,246,248,252,253,257,260,261,265,266,274,275,278,279,282,284,285,286,293,296]].
[[1,3,4,8,10,13,15,18,22,29,35,36,37,41,47,51,58,59,65,76,77,91,95,100,103,104,105,106,133,134,136,144,146,147,154,160,162,163,165,173,175,180,198,203,204,205,209,216,224,227,229,232,235,239,240,241,242,249,256,259,268,269,277,281,283,287,289,294,295,299],[5,11,12,20,24,27,33,39,42,49,54,63,64,67,69,70,72,78,82,83,89,90,93,94,97,102,109,111,114,117,118,125,129,131,135,138,145,150,156,164,166,168,176,178,179,183,190,195,196,201,202,206,207,212,217,218,219,221,223,226,228,230,231,234,236,244,247,250,251,254,255,258,262,263,267,271,272,276,290,297],[2,6,9,14,16,19,21,23,26,28,43,44,46,50,52,53,55,56,57,61,66,71,73,74,79,81,84,85,88,96,98,110,115,120,122,123,124,126,127,130,132,137,139,141,143,149,151,153,157,158,167,170,171,172,174,181,185,186,187,188,191,192,208,213,214,220,225,233,238,243,245,264,270,273,280,288,291,292,298,300]].
[[2,6,9,14,16,19,21,23,26,28,43,44,46,50,52,53,55,56,57,61,66,71,73,74,79,81,84,85,88,96,98,110,115,120,122,123,124,126,127,130,132,137,139,141,143,149,151,153,157,158,167,170,171,172,174,181,185,186,187,188,191,192,208,213,214,220,225,233,238,243,245,264,270,273,280,288,291,292,298,300],[7,17,25,30,31,32,34,38,40,45,48,60,62,68,75,80,86,87,92,99,101,107,108,112,113,116,119,121,128,140,142,148,152,155,159,161,169,177,182,184,189,193,194,197,199,200,210,211,215,222,237,246,248,252,253,257,260,261,265,266,274,275,278,279,282,284,285,286,293,296],[1,3,4,8,10,13,15,18,22,29,35,36,37,41,47,51,58,59,65,76,77,91,95,100,103,104,105,106,133,134,136,144,146,147,154,160,162,163,165,173,175,180,198,203,204,205,209,216,224,227,229,232,235,239,240,241,242,249,256,259,268,269,277,281,283,287,289,294,295,299]].
[[2,6,9,14,16,19,21,23,26,28,43,44,46,50,52,53,55,56,57,61,66,71,73,74,79,81,84,85,88,96,98,110,115,120,122,123,124,126,127,130,132,137,139,141,143,149,151,153,157,158,167,170,171,172,174,181,185,186,187,188,191,192,208,213,214,220,225,233,238,243,245,264,270,273,280,288,291,292,298,300],[7,17,25,30,31,32,34,38,40,45,48,60,62,68,75,80,86,87,92,99,101,107,108,112,113,116,119,121,128,140,142,148,152,155,159,161,169,177,182,184,189,193,194,197,199,200,210,211,215,222,237,246,248,252,253,257,260,261,265,266,274,275,278,279,282,284,285,286,293,296],[1,3,4,8,10,13,15,18,22,29,35,36,37,41,47,51,58,59,65,76,77,91,95,100,103,104,105,106,133,134,136,144,146,147,154,160,162,163,165,173,175,180,198,203,204,205,209,216,224,227,229,232,235,239,240,241,242,249,256,259,268,269,277,281,283,287,289,294,295,299]].
[[1,3,4,8,10,13,15,18,22,29,35,36,37,41,47,51,58,59,65,76,77,91,95,100,103,104,105,106,133,134,136,144,146,147,154,160,162,163,165,173,175,180,198,203,204,205,209,216,224,227,229,232,235,239,240,241,242,249,256,259,268,269,277,281,283,287,289,294,295,299],[5,11,12,20,24,27,33,39,42,49,54,63,64,67,69,70,72,78,82,83,89,90,93,94,97,102,109,111,114,117,118,125,129,131,135,138,145,150,156,164,166,168,176,178,179,183,190,195,196,201,202,206,207,212,217,218,219,221,223,226,228,230,231,234,236,244,247,250,251,254,255,258,262,263,267,271,272,276,290,297],[2,6,9,14,16,19,21,23,26,28,43,44,46,50,52,53,55,56,57,61,66,71,73,74,79,81,84,85,88,96,98,110,115,120,122,123,124,126,127,130,132,137,139,141,143,149,151,153,157,158,167,170,171,172,174,181,185,186,187,188,191,192,208,213,214,220,225,233,238,243,245,264,270,273,280,288,291,292,298,300]].
[[1,3,4,8,10,13,15,18,22,29,35,36,37,41,47,51,58,59,65,76,77,91,95,100,103,104,105,106,133,134,136,144,146,147,154,160,162,163,165,173,175,180,198,203,204,205,209,216,224,227,229,232,235,239,240,241,242,249,256,259,268,269,277,281,283,287,289,294,295,299],[5,11,12,20,24,27,33,39,42,49,54,63,64,67,69,70,72,78,82,83,89,90,93,94,97,102,109,111,114,117,118,125,129,131,135,138,145,150,156,164,166,168,176,178,179,183,190,195,196,201,202,206,207,212,217,218,219,221,223,226,228,230,231,234,236,244,247,250,251,254,255,258,262,263,267,271,272,276,290,297],[2,6,9,14,16,19,21,23,26,28,43,44,46,50,52,53,55,56,57,61,66,71,73,74,79,81,84,85,88,96,98,110,115,120,122,123,124,126,127,130,132,137,139,141,143,149,151,153,157,158,167,170,171,172,174,181,185,186,187,188,191,192,208,213,214,220,225,233,238,243,245,264,270,273,280,288,291,292,298,300]].
[[5,11,12,20,24,27,33,39,42,49,54,63,64,67,69,70,72,78,82,83,89,90,93,94,97,102,109,111,114,117,118,125,129,131,135,138,145,150,156,164,166,168,176,178,179,183,190,195,196,201,202,206,207,212,217,218,219,221,223,226,228,230,231,234,236,244,247,250,251,254,255,258,262,263,267,271,272,276,290,297],[1,3,4,8,10,13,15,18,22,29,35,36,37,41,47,51,58,59,65,76,77,91,95,100,103,104,105,106,133,134,136,144,146,147,154,160,162,163,165,173,175,180,198,203,204,205,209,216,224,227,229,232,235,239,240,241,242,249,256,259,268,269,277,281,283,287,289,294,295,299],[7,17,25,30,31,32,34,38,40,45,48,60,62,68,75,80,86,87,92,99,101,107,108,112,113,116,119,121,128,140,142,148,152,155,159,161,169,177,182,184,189,193,194,197,199,200,210,211,215,222,237,246,248,252,253,257,260,261,265,266,274,275,278,279,282,284,285,286,293,296]].
[[1,3,4,8,10,13,15,18,22,29,35,36,37,41,47,51,58,59,65,76,77,91,95,100,103,104,105,106,133,134,136,144,146,147,154,160,162,163,165,173,175,180,198,203,204,205,209,216,224,227,229,232,235,239,240,241,242,249,256,259,268,269,277,281,283,287,289,294,295,299],[5,11,12,20,24,27,33,39,42,49,54,63,64,67,69,70,72,78,82,83,89,90,93,94,97,102,109,111,114,117,118,125,129,131,135,138,145,150,156,164,166,168,176,178,179,183,190,195,196,201,202,206,207,212,217,218,219,221,223,226,228,230,231,234,236,244,247,250,251,254,255,258,262,263,267,271,272,276,290,297],[2,6,9,14,16,19,21,23,26,28,43,44,46,50,52,53,55,56,57,61,66,71,73,74,79,81,84,85,88,96,98,110,115,120,122,123,124,126,127,130,132,137,139,141,143,149,151,153,157,158,167,170,171,172,174,181,185,186,187,188,191,192,208,213,214,220,225,233,238,243,245,264,270,273,280,288,291,292,298,300]].
[[2,6,9,14,16,19,21,23,26,28,43,44,46,50,52,53,55,56,57,61,66,71,73,74,79,81,84,85,88,96,98,110,115,120,122,123,124,126,127,130,132,137,139,141,143,149,151,153,157,158,167,170,171,172,174,181,185,186,187,188,191,192,208,213,214,220,225,233,238,243,245,264,270,273,280,288,291,292,298,300],[7,17,25,30,31,32,34,38,40,45,48,60,62,68,75,80,86,87,92,99,101,107,108,112,113,116,119,121,128,140,142,148,152,155,159,161,169,177,182,184,189,193,194,197,199,200,210,211,215,222,237,246,248,252,253,257,260,261,265,266,274,275,278,279,282,284,285,286,293,296],[1,3,4,8,10,13,15,18,22,29,35,36,37,41,47,51,58,59,65,76,77,91,95,100,103,104,105,106,133,134,136,144,146,147,154,160,162,163,165,173,175,180,198,203,204,205,209,216,224,227,229,232,235,239,240,241,242,249,256,259,268,269,277,281,283,287,289,294,295,299]].
[[2,6,9,14,16,19,21,23,26,28,43,44,46,50,52,53,55,56,57,61,66,71,73,74,79,81,84,85,88,96,98,110,115,120,122,123,124,126,127,130,132,137,139,141,143,149,151,153,157,158,167,170,171,172,174,181,185,186,187,188,191,192,208,213,214,220,225,233,238,243,245,264,270,273,280,288,291,292,298,300],[7,17,25,30,31,32,34,38,40,45,48,60,62,68,75,80,86,87,92,99,101,107,108,112,113,116,119,121,128,140,142,148,152,155,159,161,169,177,182,184,189,193,194,197,199,200,210,211,215,222,237,246,248,252,253,257,260,261,265,266,274,275,278,279,282,284,285,286,293,296],[1,3,4,8,10,13,15,18,22,29,35,36,37,41,47,51,58,59,65,76,77,91,95,100,103,104,105,106,133,134,136,144,146,147,154,160,162,163,165,173,175,180,198,203,204,205,209,216,224,227,229,232,235,239,240,241,242,249,256,259,268,269,277,281,283,287,289,294,295,299]].
[[7,17,25,30,31,32,34,38,40,45,48,60,62,68,75,80,86,87,92,99,101,107,108,112,113,116,119,121,128,140,142,148,152,155,159,161,169,177,182,184,189,193,194,197,199,200,210,211,215,222,237,246,248,252,253,257,260,261,265,266,274,275,278,279,282,284,285,286,293,296],[2,6,9,14,16,19,21,23,26,28,43,44,46,50,52,53,55,56,57,61,66,71,73,74,79,81,84,85,88,96,98,110,115,120,122,123,124,126,127,130,132,137,139,141,143,149,151,153,157,158,167,170,171,172,174,181,185,186,187,188,191,192,208,213,214,220,225,233,238,243,245,264,270,273,280,288,291,292,298,300],[5,11,12,20,24,27,33,39,42,49,54,63,64,67,69,70,72,78,82,83,89,90,93,94,97,102,109,111,114,117,118,125,129,131,135,138,145,150,156,164,166,168,176,178,179,183,190,195,196,201,202,206,207,212,217,218,219,221,223,226,228,230,231,234,236,244,247,250,251,254,255,258,262,263,267,271,272,276,290,297]].
[[2,6,9,14,16,19,21,23,26,28,43,44,46,50,52,53,55,56,57,61,66,71,73,74,79,81,84,85,88,96,98,110,115,120,122,123,124,126,127,130,132,137,139,141,143,149,151,153,157,158,167,170,171,172,174,181,185,186,187,188,191,192,208,213,214,220,225,233,238,243,245,264,270,273,280,288,291,292,298,300],[7,17,25,30,31,32,34,38,40,45,48,60,62,68,75,80,86,87,92,99,101,107,108,112,113,116,119,121,128,140,142,148,152,155,159,161,169,177,182,184,189,193,194,197,199,200,210,211,215,222,237,246,248,252,253,257,260,261,265,266,274,275,278,279,282,284,285,286,293,296],[1,3,4,8,10,13,15,18,22,29,35,36,37,41,47,51,58,59,65,76,77,91,95,100,103,104,105,106,133,134,136,144,146,147,154,160,162,163,165,173,175,180,198,203,204,205,209,216,224,227,229,232,235,239,240,241,242,249,256,259,268,269,277,281,283,287,289,294,295,299]].
[[2,6,9,14,16,19,21,23,26,28,43,44,46,50,52,53,55,56,57,61,66,71,73,74,79,81,84,85,88,96,98,110,115,120,122,123,124,126,127,130,132,137,139,141,143,149,151,153,157,158,167,170,171,172,174,181,185,186,187,188,191,192,208,213,214,220,225,233,238,243,245,264,270,273,280,288,291,292,298,300],[7,17,25,30,31,32,34,38,40,45,48,60,62,68,75,80,86,87,92,99,101,107,108,112,113,116,119,121,128,140,142,148,152,155,159,161,169,177,182,184,189,193,194,197,199,200,210,211,215,222,237,246,248,252,253,257,260,261,265,266,274,275,278,279,282,284,285,286,293,296],[1,3,4,8,10,13,15,18,22,29,35,36,37,41,47,51,58,59,65,76,77,91,95,100,103,104,105,106,133,134,136,144,146,147,154,160,162,163,165,173,175,180,198,203,204,205,209,216,224,227,229,232,235,239,240,241,242,249,256,259,268,269,277,281,283,287,289,294,295,299]].
[[2,6,9,14,16,19,21,23,26,28,43,44,46,50,52,53,55,56,57,61,66,71,73,74,79,81,84,85,88,96,98,110,115,120,122,123,124,126,127,130,132,137,139,141,143,149,151,153,157,158,167,170,171,172,174,181,185,186,187,188,191,192,208,213,214,220,225,233,238,243,245,264,270,273,280,288,291,292,298,300],[7,17,25,30,31,32,34,38,40,45,48,60,62,68,75,80,86,87,92,99,101,107,108,112,113,116,119,121,128,140,142,148,152,155,159,161,169,177,182,184,189,193,194,197,199,200,210,211,215,222,237,246,248,252,253,257,260,261,265,266,274,275,278,279,282,284,285,286,293,296],[1,3,4,8,10,13,15,18,22,29,35,36,37,41,47,51,58,59,65,76,77,91,95,100,103,104,105,106,133,134,136,144,146,147,154,160,162,163,165,173,175,180,198,203,204,205,209,216,224,227,229,232,235,239,240,241,242,249,256,259,268,269,277,281,283,287,289,294,295,299]].
[[5,11,12,20,24,27,33,39,42,49,54,63,64,67,69,70,72,78,82,83,89,90,93,94,97,102,109,111,114,117,118,125,129,131,135,138,145,150,156,164,166,168,176,178,179,183,190,195,196,201,202,206,207,212,217,218,219,221,223,226,228,230,231,234,236,244,247,250,251,254,255,258,262,263,267,271,272,276,290,297],[1,3,4,8,10,13,15,18,22,29,35,36,37,41,47,51,58,59,65,76,77,91,95,100,103,104,105,106,133,134,136,144,146,147,154,160,162,163,165,173,175,180,198,203,204,205,209,216,224,227,229,232,235,239,240,241,242,249,256,259,268,269,277,281,283,287,289,294,295,299],[7,17,25,30,31,32,34,38,40,45,48,60,62,68,75,80,86,87,92,99,101,107,108,112,113,116,119,121,128,140,142,148,152,155,159,161,169,177,182,184,189,193,194,197,199,200,210,211,215,222,237,246,248,252,253,257,260,261,265,266,274,275,278,279,282,284,285,286,293,296]].
[[5,11,12,20,24,27,33,39,42,49,54,63,64,67,69,70,72,78,82,83,89,90,93,94,97,102,109,111,114,117,118,125,129,131,135,138,145,150,156,164,166,168,176,178,179,183,190,195,196,201,202,206,207,212,217,218,219,221,223,226,228,230,231,234,236,244,247,250,251,254,255,258,262,263,267,271,272,276,290,297],[1,3,4,8,10,13,15,18,22,29,35,36,37,41,47,51,58,59,65,76,77,91,95,100,103,104,105,106,133,134,136,144,146,147,154,160,162,163,165,173,175,180,198,203,204,205,209,216,224,227,229,232,235,239,240,241,242,249,256,259,268,269,277,281,283,287,289,294,295,299],[7,17,25,30,31,32,34,38,40,45,48,60,62,68,75,80,86,87,92,99,101,107,108,112,113,116,119,121,128,140,142,148,152,155,159,161,169,177,182,184,189,193,194,197,199,200,210,211,215,222,237,246,248,252,253,257,260,261,265,266,274,275,278,279,282,284,285,286,293,296]].
[[1,3,4,8,10,13,15,18,22,29,35,36,37,41,47,51,58,59,65,76,77,91,95,100,103,104,105,106,133,134,136,144,146,147,154,160,162,163,165,173,175,180,198,203,204,205,209,216,224,227,229,232,235,239,240,241,242,249,256,259,268,269,277,281,283,287,289,294,295,299],[5,11,12,20,24,27,33,39,42,49,54,63,64,67,69,70,72,78,82,83,89,90,93,94,97,102,109,111,114,117,118,125,129,131,135,138,145,150,156,164,166,168,176,178,179,183,190,195,196,201,202,206,207,212,217,218,219,221,223,226,228,230,231,234,236,244,247,250,251,254,255,258,262,263,267,271,272,276,290,297],[2,6,9,14,16,19,21,23,26,28,43,44,46,50,52,53,55,56,57,61,66,71,73,74,79,81,84,85,88,96,98,110,115,120,122,123,124,126,127,130,132,137,139,141,143,149,151,153,157,158,167,170,171,172,174,181,185,186,187,188,191,192,208,213,214,220,225,233,238,243,245,264,270,273,280,288,291,292,298,300]].
[[7,17,25,30,31,32,34,38,40,45,48,60,62,68,75,80,86,87,92,99,101,107,108,112,113,116,119,121,128,140,142,148,152,155,159,161,169,177,182,184,189,193,194,197,199,200,210,211,215,222,237,246,248,252,253,257,260,261,265,266,274,275,278,279,282,284,285,286,293,296],[2,6,9,14,16,19,21,23,26,28,43,44,46,50,52,53,55,56,57,61,66,71,73,74,79,81,84,85,88,96,98,110,115,120,122,123,124,126,127,130,132,137,139,141,143,149,151,153,157,158,167,170,171,172,174,181,185,186,187,188,191,192,208,213,214,220,225,233,238,243,245,264,270,273,280,288,291,292,298,300],[5,11,12,20,24,27,33,39,42,49,54,63,64,67,69,70,72,78,82,83,89,90,93,94,97,102,109,111,114,117,118,125,129,131,135,138,145,150,156,164,166,168,176,178,179,183,190,195,196,201,202,206,207,212,217,218,219,221,223,226,228,230,231,234,236,244,247,250,251,254,255,258,262,263,267,271,272,276,290,297]].
