[[102,106,254,283,296],[19,30,35,42,45,49,57,60,109,132,145,155,167,170,181,185,191,197,198,208,211,226,240,259,267],[26,58,66,71,80,85,87,91,96,112,141,152,166,190,203,212,214,222,225,229,246,264,276,279,288]].
[[102,106,254,283,296],[19,30,35,42,45,49,57,60,109,132,145,155,167,170,181,185,191,197,198,208,211,226,240,259,267],[26,58,66,71,80,85,87,91,96,112,141,152,166,190,203,212,214,222,225,229,246,264,276,279,288]].
[[102,106,254,283,296],[19,30,35,42,45,49,57,60,109,132,145,155,167,170,181,185,191,197,198,208,211,226,240,259,267],[26,58,66,71,80,85,87,91,96,112,141,152,166,190,203,212,214,222,225,229,246,264,276,279,288]].
[[1,2,3,4,5,6,7,8,9,10,11,12,13,14,15,16,17,18,20,21,22,23,24,25,27,28,29,31,32,33,34,36,37,38,39,40,41,43,44,46,47,48,50,51,52,53,54,55,56,59,61,62,63,64,65,67,68,69,70,72,73,74,75,76,77,78,79,81,82,83,84,86,88,89,90,92,93,94,95,97,98,99,100,101,103,104,105,107,108,110,111,113,114,115,116,117,118,119,120,121,122,123,124,125,126,127,128,129,130,131,133,134,135,136,137,138,139,140,142,143,144,146,147,148,149,150,151,153,154,156,157,158,159,160,161,162,163,164,165,168,169,171,172,173,174,175,176,177,178,179,180,182,183,184,186,187,188,189,192,193,194,195,196,199,200,201,202,204,205,206,207,209,210,213,215,216,217,218,219,220,221,223,224,227,228,230,231,232,233,234,235,236,237,238,239,241,242,243,244,245,247,248,249,250,251,252,253,255,256,257,258,260,261,262,263,265,266,268,269,270,271,272,273,274,275,277,278,280,281,282,284,285,286,287,289,290,291,292,293,294,295,297,298,299,300],[26,58,66,71,80,85,87,91,96,112,141,152,166,190,203,212,214,222,225,229,246,264,276,279,288],[19,30,35,42,45,49,57,60,109,132,145,155,167,170,181,185,191,197,198,208,211,226,240,259,267]].
[[1,2,3,4,5,6,7,8,9,10,11,12,13,14,15,16,17,18,20,21,22,23,24,25,27,28,29,31,32,33,34,36,37,38,39,40,41,43,44,46,47,48,50,51,52,53,54,55,56,59,61,62,63,64,65,67,68,69,70,72,73,74,75,76,77,78,79,81,82,83,84,86,88,89,90,92,93,94,95,97,98,99,100,101,103,104,105,107,108,110,111,113,114,115,116,117,118,119,120,121,122,123,124,125,126,127,128,129,130,131,133,134,135,136,137,138,139,140,142,143,144,146,147,148,149,150,151,153,154,156,157,158,159,160,161,162,163,164,165,168,169,171,172,173,174,175,176,177,178,179,180,182,183,184,186,187,188,189,192,193,194,195,196,199,200,201,202,204,205,206,207,209,210,213,215,216,217,218,219,220,221,223,224,227,228,230,231,232,233,234,235,236,237,238,239,241,242,243,244,245,247,248,249,250,251,252,253,255,256,257,258,260,261,262,263,265,266,268,269,270,271,272,273,274,275,277,278,280,281,282,284,285,286,287,289,290,291,292,293,294,295,297,298,299,300],[26,58,66,71,80,85,87,91,96,112,141,152,166,190,203,212,214,222,225,229,246,264,276,279,288],[19,30,35,42,45,49,57,60,109,132,145,155,167,170,181,185,191,197,198,208,211,226,240,259,267]].
[[102,106,254,283,296],[19,30,35,42,45,49,57,60,109,132,145,155,167,170,181,185,191,197,198,208,211,226,240,259,267],[26,58,66,71,80,85,87,91,96,112,141,152,166,190,203,212,214,222,225,229,246,264,276,279,288]].
[[1,2,3,4,5,6,7,8,9,10,11,12,13,14,15,16,17,18,20,21,22,23,24,25,27,28,29,31,32,33,34,36,37,38,39,40,41,43,44,46,47,48,50,51,52,53,54,55,56,59,61,62,63,64,65,67,68,69,70,72,73,74,75,76,77,78,79,81,82,83,84,86,88,89,90,92,93,94,95,97,98,99,100,101,103,104,105,107,108,110,111,113,114,115,116,117,118,119,120,121,122,123,124,125,126,127,128,129,130,131,133,134,135,136,137,138,139,140,142,143,144,146,147,148,149,150,151,153,154,156,157,158,159,160,161,162,163,164,165,168,169,171,172,173,174,175,176,177,178,179,180,182,183,184,186,187,188,189,192,193,194,195,196,199,200,201,202,204,205,206,207,209,210,213,215,216,217,218,219,220,221,223,224,227,228,230,231,232,233,234,235,236,237,238,239,241,242,243,244,245,247,248,249,250,251,252,253,255,256,257,258,260,261,262,263,265,266,268,269,270,271,272,273,274,275,277,278,280,281,282,284,285,286,287,289,290,291,292,293,294,295,297,298,299,300],[26,58,66,71,80,85,87,91,96,112,141,152,166,190,203,212,214,222,225,229,246,264,276,279,288],[19,30,35,42,45,49,57,60,109,132,145,155,167,170,181,185,191,197,198,208,211,226,240,259,267]].
[[102,106,254,283,296],[19,30,35,42,45,49,57,60,109,132,145,155,167,170,181,185,191,197,198,208,211,226,240,259,267],[26,58,66,71,80,85,87,91,96,112,141,152,166,190,203,212,214,222,225,229,246,264,276,279,288]].
[[1,2,3,4,5,6,7,8,9,10,11,12,13,14,15,16,17,18,20,21,22,23,24,25,27,28,29,31,32,33,34,36,37,38,39,40,41,43,44,46,47,48,50,51,52,53,54,55,56,59,61,62,63,64,65,67,68,69,70,72,73,74,75,76,77,78,79,81,82,83,84,86,88,89,90,92,93,94,95,97,98,99,100,101,103,104,105,107,108,110,111,113,114,115,116,117,118,119,120,121,122,123,124,125,126,127,128,129,130,131,133,134,135,136,137,138,139,140,142,143,144,146,147,148,149,150,151,153,154,156,157,158,159,160,161,162,163,164,165,168,169,171,172,173,174,175,176,177,178,179,180,182,183,184,186,187,188,189,192,193,194,195,196,199,200,201,202,204,205,206,207,209,210,213,215,216,217,218,219,220,221,223,224,227,228,230,231,232,233,234,235,236,237,238,239,241,242,243,244,245,247,248,249,250,251,252,253,255,256,257,258,260,261,262,263,265,266,268,269,270,271,272,273,274,275,277,278,280,281,282,284,285,286,287,289,290,291,292,293,294,295,297,298,299,300],[26,58,66,71,80,85,87,91,96,112,141,152,166,190,203,212,214,222,225,229,246,264,276,279,288],[19,30,35,42,45,49,57,60,109,132,145,155,167,170,181,185,191,197,198,208,211,226,240,259,267]].
[[102,106,254,283,296],[19,30,35,42,45,49,57,60,109,132,145,155,167,170,181,185,191,197,198,208,211,226,240,259,267],[26,58,66,71,80,85,87,91,96,112,141,152,166,190,203,212,214,222,225,229,246,264,276,279,288]].
[[19,30,35,42,45,49,57,60,109,132,145,155,167,170,181,185,191,197,198,208,211,226,240,259,267],[102,106,254,283,296],[1,2,3,4,5,6,7,8,9,10,11,12,13,14,15,16,17,18,20,21,22,23,24,25,27,28,29,31,32,33,34,36,37,38,39,40,41,43,44,46,47,48,50,51,52,53,54,55,56,59,61,62,63,64,65,67,68,69,70,72,73,74,75,76,77,78,79,81,82,83,84,86,88,89,90,92,93,94,95,97,98,99,100,101,103,104,105,107,108,110,111,113,114,115,116,117,118,119,120,121,122,123,124,125,126,127,128,129,130,131,133,134,135,136,137,138,139,140,142,143,144,146,147,148,149,150,151,153,154,156,157,158,159,160,161,162,163,164,165,168,169,171,172,173,174,175,176,177,178,179,180,182,183,184,186,187,188,189,192,193,194,195,196,199,200,201,202,204,205,206,207,209,210,213,215,216,217,218,219,220,221,223,224,227,228,230,231,232,233,234,235,236,237,238,239,241,242,243,244,245,247,248,249,250,251,252,253,255,256,257,258,260,261,262,263,265,266,268,269,270,271,272,273,274,275,277,278,280,281,282,284,285,286,287,289,290,291,292,293,294,295,297,298,299,300]].
[[1,2,3,4,5,6,7,8,9,10,11,12,13,14,15,16,17,18,20,21,22,23,24,25,27,28,29,31,32,33,34,36,37,38,39,40,41,43,44,46,47,48,50,51,52,53,54,55,56,59,61,62,63,64,65,67,68,69,70,72,73,74,75,76,77,78,79,81,82,83,84,86,88,89,90,92,93,94,95,97,98,99,100,101,103,104,105,107,108,110,111,113,114,115,116,117,118,119,120,121,122,123,124,125,126,127,128,129,130,131,133,134,135,136,137,138,139,140,142,143,144,146,147,148,149,150,151,153,154,156,157,158,159,160,161,162,163,164,165,168,169,171,172,173,174,175,176,177,178,179,180,182,183,184,186,187,188,189,192,193,194,195,196,199,200,201,202,204,205,206,207,209,210,213,215,216,217,218,219,220,221,223,224,227,228,230,231,232,233,234,235,236,237,238,239,241,242,243,244,245,247,248,249,250,251,252,253,255,256,257,258,260,261,262,263,265,266,268,269,270,271,272,273,274,275,277,278,280,281,282,284,285,286,287,289,290,291,292,293,294,295,297,298,299,300],[26,58,66,71,80,85,87,91,96,112,141,152,166,190,203,212,214,222,225,229,246,264,276,279,288],[19,30,35,42,45,49,57,60,109,132,145,155,167,170,181,185,191,197,198,208,211,226,240,259,267]].
[[19,30,35,42,45,49,57,60,109,132,145,155,167,170,181,185,191,197,198,208,211,226,240,259,267],[102,106,254,283,296],[1,2,3,4,5,6,7,8,9,10,11,12,13,14,15,16,17,18,20,21,22,23,24,25,27,28,29,31,32,33,34,36,37,38,39,40,41,43,44,46,47,48,50,51,52,53,54,55,56,59,61,62,63,64,65,67,68,69,70,72,73,74,75,76,77,78,79,81,82,83,84,86,88,89,90,92,93,94,95,97,98,99,100,101,103,104,105,107,108,110,111,113,114,115,116,117,118,119,120,121,122,123,124,125,126,127,128,129,130,131,133,134,135,136,137,138,139,140,142,143,144,146,147,148,149,150,151,153,154,156,157,158,159,160,161,162,163,164,165,168,169,171,172,173,174,175,176,177,178,179,180,182,183,184,186,187,188,189,192,193,194,195,196,199,200,201,202,204,205,206,207,209,210,213,215,216,217,218,219,220,221,223,224,227,228,230,231,232,233,234,235,236,237,238,239,241,242,243,244,245,247,248,249,250,251,252,253,255,256,257,258,260,261,262,263,265,266,268,269,270,271,272,273,274,275,277,278,280,281,282,284,285,286,287,289,290,291,292,293,294,295,297,298,299,300]].
[[1,2,3,4,5,6,7,8,9,10,11,12,13,14,15,16,17,18,20,21,22,23,24,25,27,28,29,31,32,33,34,36,37,38,39,40,41,43,44,46,47,48,50,51,52,53,54,55,56,59,61,62,63,64,65,67,68,69,70,72,73,74,75,76,77,78,79,81,82,83,84,86,88,89,90,92,93,94,95,97,98,99,100,101,103,104,105,107,108,110,111,113,114,115,116,117,118,119,120,121,122,123,124,125,126,127,128,129,130,131,133,134,135,136,137,138,139,140,142,143,144,146,147,148,149,150,151,153,154,156,157,158,159,160,161,162,163,164,165,168,169,171,172,173,174,175,176,177,178,179,180,182,183,184,186,187,188,189,192,193,194,195,196,199,200,201,202,204,205,206,207,209,210,213,215,216,217,218,219,220,221,223,224,227,228,230,231,232,233,234,235,236,237,238,239,241,242,243,244,245,247,248,249,250,251,252,253,255,256,257,258,260,261,262,263,265,266,268,269,270,271,272,273,274,275,277,278,280,281,282,284,285,286,287,289,290,291,292,293,294,295,297,298,299,300],[26,58,66,71,80,85,87,91,96,112,141,152,166,190,203,212,214,222,225,229,246,264,276,279,288],[19,30,35,42,45,49,57,60,109,132,145,155,167,170,181,185,191,197,198,208,211,226,240,259,267]].
[[1,2,3,4,5,6,7,8,9,10,11,12,13,14,15,16,17,18,20,21,22,23,24,25,27,28,29,31,32,33,34,36,37,38,39,40,41,43,44,46,47,48,50,51,52,53,54,55,56,59,61,62,63,64,65,67,68,69,70,72,73,74,75,76,77,78,79,81,82,83,84,86,88,89,90,92,93,94,95,97,98,99,100,101,103,104,105,107,108,110,111,113,114,115,116,117,118,119,120,121,122,123,124,125,126,127,128,129,130,131,133,134,135,136,137,138,139,140,142,143,144,146,147,148,149,150,151,153,154,156,157,158,159,160,161,162,163,164,165,168,169,171,172,173,174,175,176,177,178,179,180,182,183,184,186,187,188,189,192,193,194,195,196,199,200,201,202,204,205,206,207,209,210,213,215,216,217,218,219,220,221,223,224,227,228,230,231,232,233,234,235,236,237,238,239,241,242,243,244,245,247,248,249,250,251,252,253,255,256,257,258,260,261,262,263,265,266,268,269,270,271,272,273,274,275,277,278,280,281,282,284,285,286,287,289,290,291,292,293,294,295,297,298,299,300],[26,58,66,71,80,85,87,91,96,112,141,152,166,190,203,212,214,222,225,229,246,264,276,279,288],[19,30,35,42,45,49,57,60,109,132,145,155,167,170,181,185,191,197,198,208,211,226,240,259,267]].
[[102,106,254,283,296],[19,30,35,42,45,49,57,60,109,132,145,155,167,170,181,185,191,197,198,208,211,226,240,259,267],[26,58,66,71,80,85,87,91,96,112,141,152,166,190,203,212,214,222,225,229,246,264,276,279,288]].
[[1,2,3,4,5,6,7,8,9,10,11,12,13,14,15,16,17,18,20,21,22,23,24,25,27,28,29,31,32,33,34,36,37,38,39,40,41,43,44,46,47,48,50,51,52,53,54,55,56,59,61,62,63,64,65,67,68,69,70,72,73,74,75,76,77,78,79,81,82,83,84,86,88,89,90,92,93,94,95,97,98,99,100,101,103,104,105,107,108,110,111,113,114,115,116,117,118,119,120,121,122,123,124,125,126,127,128,129,130,131,133,134,135,136,137,138,139,140,142,143,144,146,147,148,149,150,151,153,154,156,157,158,159,160,161,162,163,164,165,168,169,171,172,173,174,175,176,177,178,179,180,182,183,184,186,187,188,189,192,193,194,195,196,199,200,201,202,204,205,206,207,209,210,213,215,216,217,218,219,220,221,223,224,227,228,230,231,232,233,234,235,236,237,238,239,241,242,243,244,245,247,248,249,250,251,252,253,255,256,257,258,260,261,262,263,265,266,268,269,270,271,272,273,274,275,277,278,280,281,282,284,285,286,287,289,290,291,292,293,294,295,297,298,299,300],[26,58,66,71,80,85,87,91,96,112,141,152,166,190,203,212,214,222,225,229,246,264,276,279,288],[19,30,35,42,45,49,57,60,109,132,145,155,167,170,181,185,191,197,198,208,211,226,240,259,267]].
[[26,58,66,71,80,85,87,91,96,112,141,152,166,190,203,212,214,222,225,229,246,264,276,279,288],[1,2,3,4,5,6,7,8,9,10,11,12,13,14,15,16,17,18,20,21,22,23,24,25,27,28,29,31,32,33,34,36,37,38,39,40,41,43,44,46,47,48,50,51,52,53,54,55,56,59,61,62,63,64,65,67,68,69,70,72,73,74,75,76,77,78,79,81,82,83,84,86,88,89,90,92,93,94,95,97,98,99,100,101,103,104,105,107,108,110,111,113,114,115,116,117,118,119,120,121,122,123,124,125,126,127,128,129,130,131,133,134,135,136,137,138,139,140,142,143,144,146,147,148,149,150,151,153,154,156,157,158,159,160,161,162,163,164,165,168,169,171,172,173,174,175,176,177,178,179,180,182,183,184,186,187,188,189,192,193,194,195,196,199,200,201,202,204,205,206,207,209,210,213,215,216,217,218,219,220,221,223,224,227,228,230,231,232,233,234,235,236,237,238,239,241,242,243,244,245,247,248,249,250,251,252,253,255,256,257,258,260,261,262,263,265,266,268,269,270,271,272,273,274,275,277,278,280,281,282,284,285,286,287,289,290,291,292,293,294,295,297,298,299,300],[102,106,254,283,296]].
[[1,2,3,4,5,6,7,8,9,10,11,12,13,14,15,16,17,18,20,21,22,23,24,25,27,28,29,31,32,33,34,36,37,38,39,40,41,43,44,46,47,48,50,51,52,53,54,55,56,59,61,62,63,64,65,67,68,69,70,72,73,74,75,76,77,78,79,81,82,83,84,86,88,89,90,92,93,94,95,97,98,99,100,101,103,104,105,107,108,110,111,113,114,115,116,117,118,119,120,121,122,123,124,125,126,127,128,129,130,131,133,134,135,136,137,138,139,140,142,143,144,146,147,148,149,150,151,153,154,156,157,158,159,160,161,162,163,164,165,168,169,171,172,173,174,175,176,177,178,179,180,182,183,184,186,187,188,189,192,193,194,195,196,199,200,201,202,204,205,206,207,209,210,213,215,216,217,218,219,220,221,223,224,227,228,230,231,232,233,234,235,236,237,238,239,241,242,243,244,245,247,248,249,250,251,252,253,255,256,257,258,260,261,262,263,265,266,268,269,270,271,272,273,274,275,277,278,280,281,282,284,285,286,287,289,290,291,292,293,294,295,297,298,299,300],[26,58,66,71,80,85,87,91,96,112,141,152,166,190,203,212,214,222,225,229,246,264,276,279,288],[19,30,35,42,45,49,57,60,109,132,145,155,167,170,181,185,191,197,198,208,211,226,240,259,267]].
[[26,58,66,71,80,85,87,91,96,112,141,152,166,190,203,212,214,222,225,229,246,264,276,279,288],[1,2,3,4,5,6,7,8,9,10,11,12,13,14,15,16,17,18,20,21,22,23,24,25,27,28,29,31,32,33,34,36,37,38,39,40,41,43,44,46,47,48,50,51,52,53,54,55,56,59,61,62,63,64,65,67,68,69,70,72,73,74,75,76,77,78,79,81,82,83,84,86,88,89,90,92,93,94,95,97,98,99,100,101,103,104,105,107,108,110,111,113,114,115,116,117,118,119,120,121,122,123,124,125,126,127,128,129,130,131,133,134,135,136,137,138,139,140,142,143,144,146,147,148,149,150,151,153,154,156,157,158,159,160,161,162,163,164,165,168,169,171,172,173,174,175,176,177,178,179,180,182,183,184,186,187,188,189,192,193,194,195,196,199,200,201,202,204,205,206,207,209,210,213,215,216,217,218,219,220,221,223,224,227,228,230,231,232,233,234,235,236,237,238,239,241,242,243,244,245,247,248,249,250,251,252,253,255,256,257,258,260,261,262,263,265,266,268,269,270,271,272,273,274,275,277,278,280,281,282,284,285,286,287,289,290,291,292,293,294,295,297,298,299,300],[102,106,254,283,296]].
[[102,106,254,283,296],[19,30,35,42,45,49,57,60,109,132,145,155,167,170,181,185,191,197,198,208,211,226,240,259,267],[26,58,66,71,80,85,87,91,96,112,141,152,166,190,203,212,214,222,225,229,246,264,276,279,288]].
[[1,2,3,4,5,6,7,8,9,10,11,12,13,14,15,16,17,18,20,21,22,23,24,25,27,28,29,31,32,33,34,36,37,38,39,40,41,43,44,46,47,48,50,51,52,53,54,55,56,59,61,62,63,64,65,67,68,69,70,72,73,74,75,76,77,78,79,81,82,83,84,86,88,89,90,92,93,94,95,97,98,99,100,101,103,104,105,107,108,110,111,113,114,115,116,117,118,119,120,121,122,123,124,125,126,127,128,129,130,131,133,134,135,136,137,138,139,140,142,143,144,146,147,148,149,150,151,153,154,156,157,158,159,160,161,162,163,164,165,168,169,171,172,173,174,175,176,177,178,179,180,182,183,184,186,187,188,189,192,193,194,195,196,199,200,201,202,204,205,206,207,209,210,213,215,216,217,218,219,220,221,223,224,227,228,230,231,232,233,234,235,236,237,238,239,241,242,243,244,245,247,248,249,250,251,252,253,255,256,257,258,260,261,262,263,265,266,268,269,270,271,272,273,274,275,277,278,280,281,282,284,285,286,287,289,290,291,292,293,294,295,297,298,299,300],[26,58,66,71,80,85,87,91,96,112,141,152,166,190,203,212,214,222,225,229,246,264,276,279,288],[19,30,35,42,45,49,57,60,109,132,145,155,167,170,181,185,191,197,198,208,211,226,240,259,267]].
[[19,30,35,42,45,49,57,60,109,132,145,155,167,170,181,185,191,197,198,208,211,226,240,259,267],[102,106,254,283,296],[1,2,3,4,5,6,7,8,9,10,11,12,13,14,15,16,17,18,20,21,22,23,24,25,27,28,29,31,32,33,34,36,37,38,39,40,41,43,44,46,47,48,50,51,52,53,54,55,56,59,61,62,63,64,65,67,68,69,70,72,73,74,75,76,77,78,79,81,82,83,84,86,88,89,90,92,93,94,95,97,98,99,100,101,103,104,105,107,108,110,111,113,114,115,116,117,118,119,120,121,122,123,124,125,126,127,128,129,130,131,133,134,135,136,137,138,139,140,142,143,144,146,147,148,149,150,151,153,154,156,157,158,159,160,161,162,163,164,165,168,169,171,172,173,174,175,176,177,178,179,180,182,183,184,186,187,188,189,192,193,194,195,196,199,200,201,202,204,205,206,207,209,210,213,215,216,217,218,219,220,221,223,224,227,228,230,231,232,233,234,235,236,237,238,239,241,242,243,244,245,247,248,249,250,251,252,253,255,256,257,258,260,261,262,263,265,266,268,269,270,271,272,273,274,275,277,278,280,281,282,284,285,286,287,289,290,291,292,293,294,295,297,298,299,300]].
[[102,106,254,283,296],[19,30,35,42,45,49,57,60,109,132,145,155,167,170,181,185,191,197,198,208,211,226,240,259,267],[26,58,66,71,80,85,87,91,96,112,141,152,166,190,203,212,214,222,225,229,246,264,276,279,288]].
[[26,58,66,71,80,85,87,91,96,112,141,152,166,190,203,212,214,222,225,229,246,264,276,279,288],[1,2,3,4,5,6,7,8,9,10,11,12,13,14,15,16,17,18,20,21,22,23,24,25,27,28,29,31,32,33,34,36,37,38,39,40,41,43,44,46,47,48,50,51,52,53,54,55,56,59,61,62,63,64,65,67,68,69,70,72,73,74,75,76,77,78,79,81,82,83,84,86,88,89,90,92,93,94,95,97,98,99,100,101,103,104,105,107,108,110,111,113,114,115,116,117,118,119,120,121,122,123,124,125,126,127,128,129,130,131,133,134,135,136,137,138,139,140,142,143,144,146,147,148,149,150,151,153,154,156,157,158,159,160,161,162,163,164,165,168,169,171,172,173,174,175,176,177,178,179,180,182,183,184,186,187,188,189,192,193,194,195,196,199,200,201,202,204,205,206,207,209,210,213,215,216,217,218,219,220,221,223,224,227,228,230,231,232,233,234,235,236,237,238,239,241,242,243,244,245,247,248,249,250,251,252,253,255,256,257,258,260,261,262,263,265,266,268,269,270,271,272,273,274,275,277,278,280,281,282,284,285,286,287,289,290,291,292,293,294,295,297,298,299,300],[102,106,254,283,296]].
[[19,30,35,42,45,49,57,60,109,132,145,155,167,170,181,185,191,197,198,208,211,226,240,259,267],[102,106,254,283,296],[1,2,3,4,5,6,7,8,9,10,11,12,13,14,15,16,17,18,20,21,22,23,24,25,27,28,29,31,32,33,34,36,37,38,39,40,41,43,44,46,47,48,50,51,52,53,54,55,56,59,61,62,63,64,65,67,68,69,70,72,73,74,75,76,77,78,79,81,82,83,84,86,88,89,90,92,93,94,95,97,98,99,100,101,103,104,105,107,108,110,111,113,114,115,116,117,118,119,120,121,122,123,124,125,126,127,128,129,130,131,133,134,135,136,137,138,139,140,142,143,144,146,147,148,149,150,151,153,154,156,157,158,159,160,161,162,163,164,165,168,169,171,172,173,174,175,176,177,178,179,180,182,183,184,186,187,188,189,192,193,194,195,196,199,200,201,202,204,205,206,207,209,210,213,215,216,217,218,219,220,221,223,224,227,228,230,231,232,233,234,235,236,237,238,239,241,242,243,244,245,247,248,249,250,251,252,253,255,256,257,258,260,261,262,263,265,266,268,269,270,271,272,273,274,275,277,278,280,281,282,284,285,286,287,289,290,291,292,293,294,295,297,298,299,300]].
[[102,106,254,283,296],[19,30,35,42,45,49,57,60,109,132,145,155,167,170,181,185,191,197,198,208,211,226,240,259,267],[26,58,66,71,80,85,87,91,96,112,141,152,166,190,203,212,214,222,225,229,246,264,276,279,288]].
[[26,58,66,71,80,85,87,91,96,112,141,152,166,190,203,212,214,222,225,229,246,264,276,279,288],[1,2,3,4,5,6,7,8,9,10,11,12,13,14,15,16,17,18,20,21,22,23,24,25,27,28,29,31,32,33,34,36,37,38,39,40,41,43,44,46,47,48,50,51,52,53,54,55,56,59,61,62,63,64,65,67,68,69,70,72,73,74,75,76,77,78,79,81,82,83,84,86,88,89,90,92,93,94,95,97,98,99,100,101,103,104,105,107,108,110,111,113,114,115,116,117,118,119,120,121,122,123,124,125,126,127,128,129,130,131,133,134,135,136,137,138,139,140,142,143,144,146,147,148,149,150,151,153,154,156,157,158,159,160,161,162,163,164,165,168,169,171,172,173,174,175,176,177,178,179,180,182,183,184,186,187,188,189,192,193,194,195,196,199,200,201,202,204,205,206,207,209,210,213,215,216,217,218,219,220,221,223,224,227,228,230,231,232,233,234,235,236,237,238,239,241,242,243,244,245,247,248,249,250,251,252,253,255,256,257,258,260,261,262,263,265,266,268,269,270,271,272,273,274,275,277,278,280,281,282,284,285,286,287,289,290,291,292,293,294,295,297,298,299,300],[102,106,254,283,296]].
[[19,30,35,42,45,49,57,60,109,132,145,155,167,170,181,185,191,197,198,208,211,226,240,259,267],[102,106,254,283,296],[1,2,3,4,5,6,7,8,9,10,11,12,13,14,15,16,17,18,20,21,22,23,24,25,27,28,29,31,32,33,34,36,37,38,39,40,41,43,44,46,47,48,50,51,52,53,54,55,56,59,61,62,63,64,65,67,68,69,70,72,73,74,75,76,77,78,79,81,82,83,84,86,88,89,90,92,93,94,95,97,98,99,100,101,103,104,105,107,108,110,111,113,114,115,116,117,118,119,120,121,122,123,124,125,126,127,128,129,130,131,133,134,135,136,137,138,139,140,142,143,144,146,147,148,149,150,151,153,154,156,157,158,159,160,161,162,163,164,165,168,169,171,172,173,174,175,176,177,178,179,180,182,183,184,186,187,188,189,192,193,194,195,196,199,200,201,202,204,205,206,207,209,210,213,215,216,217,218,219,220,221,223,224,227,228,230,231,232,233,234,235,236,237,238,239,241,242,243,244,245,247,248,249,250,251,252,253,255,256,257,258,260,261,262,263,265,266,268,269,270,271,272,273,274,275,277,278,280,281,282,284,285,286,287,289,290,291,292,293,294,295,297,298,299,300]].
[[102,106,254,283,296],[19,30,35,42,45,49,57,60,109,132,145,155,167,170,181,185,191,197,198,208,211,226,240,259,267],[26,58,66,71,80,85,87,91,96,112,141,152,166,190,203,212,214,222,225,229,246,264,276,279,288]].
[[1,2,3,4,5,6,7,8,9,10,11,12,13,14,15,16,17,18,20,21,22,23,24,25,27,28,29,31,32,33,34,36,37,38,39,40,41,43,44,46,47,48,50,51,52,53,54,55,56,59,61,62,63,64,65,67,68,69,70,72,73,74,75,76,77,78,79,81,82,83,84,86,88,89,90,92,93,94,95,97,98,99,100,101,103,104,105,107,108,110,111,113,114,115,116,117,118,119,120,121,122,123,124,125,126,127,128,129,130,131,133,134,135,136,137,138,139,140,142,143,144,146,147,148,149,150,151,153,154,156,157,158,159,160,161,162,163,164,165,168,169,171,172,173,174,175,176,177,178,179,180,182,183,184,186,187,188,189,192,193,194,195,196,199,200,201,202,204,205,206,207,209,210,213,215,216,217,218,219,220,221,223,224,227,228,230,231,232,233,234,235,236,237,238,239,241,242,243,244,245,247,248,249,250,251,252,253,255,256,257,258,260,261,262,263,265,266,268,269,270,271,272,273,274,275,277,278,280,281,282,284,285,286,287,289,290,291,292,293,294,295,297,298,299,300],[26,58,66,71,80,85,87,91,96,112,141,152,166,190,203,212,214,222,225,229,246,264,276,279,288],[19,30,35,42,45,49,57,60,109,132,145,155,167,170,181,185,191,197,198,208,211,226,240,259,267]].
[[1,2,3,4,5,6,7,8,9,10,11,12,13,14,15,16,17,18,20,21,22,23,24,25,27,28,29,31,32,33,34,36,37,38,39,40,41,43,44,46,47,48,50,51,52,53,54,55,56,59,61,62,63,64,65,67,68,69,70,72,73,74,75,76,77,78,79,81,82,83,84,86,88,89,90,92,93,94,95,97,98,99,100,101,103,104,105,107,108,110,111,113,114,115,116,117,118,119,120,121,122,123,124,125,126,127,128,129,130,131,133,134,135,136,137,138,139,140,142,143,144,146,147,148,149,150,151,153,154,156,157,158,159,160,161,162,163,164,165,168,169,171,172,173,174,175,176,177,178,179,180,182,183,184,186,187,188,189,192,193,194,195,196,199,200,201,202,204,205,206,207,209,210,213,215,216,217,218,219,220,221,223,224,227,228,230,231,232,233,234,235,236,237,238,239,241,242,243,244,245,247,248,249,250,251,252,253,255,256,257,258,260,261,262,263,265,266,268,269,270,271,272,273,274,275,277,278,280,281,282,284,285,286,287,289,290,291,292,293,294,295,297,298,299,300],[26,58,66,71,80,85,87,91,96,112,141,152,166,190,203,212,214,222,225,229,246,264,276,279,288],[19,30,35,42,45,49,57,60,109,132,145,155,167,170,181,185,191,197,198,208,211,226,240,259,267]].
[[102,106,254,283,296],[19,30,35,42,45,49,57,60,109,132,145,155,167,170,181,185,191,197,198,208,211,226,240,259,267],[26,58,66,71,80,85,87,91,96,112,141,152,166,190,203,212,214,222,225,229,246,264,276,279,288]].
[[26,58,66,71,80,85,87,91,96,112,141,152,166,190,203,212,214,222,225,229,246,264,276,279,288],[1,2,3,4,5,6,7,8,9,10,11,12,13,14,15,16,17,18,20,21,22,23,24,25,27,28,29,31,32,33,34,36,37,38,39,40,41,43,44,46,47,48,50,51,52,53,54,55,56,59,61,62,63,64,65,67,68,69,70,72,73,74,75,76,77,78,79,81,82,83,84,86,88,89,90,92,93,94,95,97,98,99,100,101,103,104,105,107,108,110,111,113,114,115,116,117,118,119,120,121,122,123,124,125,126,127,128,129,130,131,133,134,135,136,137,138,139,140,142,143,144,146,147,148,149,150,151,153,154,156,157,158,159,160,161,162,163,164,165,168,169,171,172,173,174,175,176,177,178,179,180,182,183,184,186,187,188,189,192,193,194,195,196,199,200,201,202,204,205,206,207,209,210,213,215,216,217,218,219,220,221,223,224,227,228,230,231,232,233,234,235,236,237,238,239,241,242,243,244,245,247,248,249,250,251,252,253,255,256,257,258,260,261,262,263,265,266,268,269,270,271,272,273,274,275,277,278,280,281,282,284,285,286,287,289,290,291,292,293,294,295,297,298,299,300],[102,106,254,283,296]].
[[1,2,3,4,5,6,7,8,9,10,11,12,13,14,15,16,17,18,20,21,22,23,24,25,27,28,29,31,32,33,34,36,37,38,39,40,41,43,44,46,47,48,50,51,52,53,54,55,56,59,61,62,63,64,65,67,68,69,70,72,73,74,75,76,77,78,79,81,82,83,84,86,88,89,90,92,93,94,95,97,98,99,100,101,103,104,105,107,108,110,111,113,114,115,116,117,118,119,120,121,122,123,124,125,126,127,128,129,130,131,133,134,135,136,137,138,139,140,142,143,144,146,147,148,149,150,151,153,154,156,157,158,159,160,161,162,163,164,165,168,169,171,172,173,174,175,176,177,178,179,180,182,183,184,186,187,188,189,192,193,194,195,196,199,200,201,202,204,205,206,207,209,210,213,215,216,217,218,219,220,221,223,224,227,228,230,231,232,233,234,235,236,237,238,239,241,242,243,244,245,247,248,249,250,251,252,253,255,256,257,258,260,261,262,263,265,266,268,269,270,271,272,273,274,275,277,278,280,281,282,284,285,286,287,289,290,291,292,293,294,295,297,298,299,300],[26,58,66,71,80,85,87,91,96,112,141,152,166,190,203,212,214,222,225,229,246,264,276,279,288],[19,30,35,42,45,49,57,60,109,132,145,155,167,170,181,185,191,197,198,208,211,226,240,259,267]].
[[19,30,35,42,45,49,57,60,109,132,145,155,167,170,181,185,191,197,198,208,211,226,240,259,267],[102,106,254,283,296],[1,2,3,4,5,6,7,8,9,10,11,12,13,14,15,16,17,18,20,21,22,23,24,25,27,28,29,31,32,33,34,36,37,38,39,40,41,43,44,46,47,48,50,51,52,53,54,55,56,59,61,62,63,64,65,67,68,69,70,72,73,74,75,76,77,78,79,81,82,83,84,86,88,89,90,92,93,94,95,97,98,99,100,101,103,104,105,107,108,110,111,113,114,115,116,117,118,119,120,121,122,123,124,125,126,127,128,129,130,131,133,134,135,136,137,138,139,140,142,143,144,146,147,148,149,150,151,153,154,156,157,158,159,160,161,162,163,164,165,168,169,171,172,173,174,175,176,177,178,179,180,182,183,184,186,187,188,189,192,193,194,195,196,199,200,201,202,204,205,206,207,209,210,213,215,216,217,218,219,220,221,223,224,227,228,230,231,232,233,234,235,236,237,238,239,241,242,243,244,245,247,248,249,250,251,252,253,255,256,257,258,260,261,262,263,265,266,268,269,270,271,272,273,274,275,277,278,280,281,282,284,285,286,287,289,290,291,292,293,294,295,297,298,299,300]].
[[102,106,254,283,296],[19,30,35,42,45,49,57,60,109,132,145,155,167,170,181,185,191,197,198,208,211,226,240,259,267],[26,58,66,71,80,85,87,91,96,112,141,152,166,190,203,212,214,222,225,229,246,264,276,279,288]].
[[102,106,254,283,296],[19,30,35,42,45,49,57,60,109,132,145,155,167,170,181,185,191,197,198,208,211,226,240,259,267],[26,58,66,71,80,85,87,91,96,112,141,152,166,190,203,212,214,222,225,229,246,264,276,279,288]].
[[26,58,66,71,80,85,87,91,96,112,141,152,166,190,203,212,214,222,225,229,246,264,276,279,288],[1,2,3,4,5,6,7,8,9,10,11,12,13,14,15,16,17,18,20,21,22,23,24,25,27,28,29,31,32,33,34,36,37,38,39,40,41,43,44,46,47,48,50,51,52,53,54,55,56,59,61,62,63,64,65,67,68,69,70,72,73,74,75,76,77,78,79,81,82,83,84,86,88,89,90,92,93,94,95,97,98,99,100,101,103,104,105,107,108,110,111,113,114,115,116,117,118,119,120,121,122,123,124,125,126,127,128,129,130,131,133,134,135,136,137,138,139,140,142,143,144,146,147,148,149,150,151,153,154,156,157,158,159,160,161,162,163,164,165,168,169,171,172,173,174,175,176,177,178,179,180,182,183,184,186,187,188,189,192,193,194,195,196,199,200,201,202,204,205,206,207,209,210,213,215,216,217,218,219,220,221,223,224,227,228,230,231,232,233,234,235,236,237,238,239,241,242,243,244,245,247,248,249,250,251,252,253,255,256,257,258,260,261,262,263,265,266,268,269,270,271,272,273,274,275,277,278,280,281,282,284,285,286,287,289,290,291,292,293,294,295,297,298,299,300],[102,106,254,283,296]].
[[102,106,254,283,296],[19,30,35,42,45,49,57,60,109,132,145,155,167,170,181,185,191,197,198,208,211,226,240,259,267],[26,58,66,71,80,85,87,91,96,112,141,152,166,190,203,212,214,222,225,229,246,264,276,279,288]].
[[1,2,3,4,5,6,7,8,9,10,11,12,13,14,15,16,17,18,20,21,22,23,24,25,27,28,29,31,32,33,34,36,37,38,39,40,41,43,44,46,47,48,50,51,52,53,54,55,56,59,61,62,63,64,65,67,68,69,70,72,73,74,75,76,77,78,79,81,82,83,84,86,88,89,90,92,93,94,95,97,98,99,100,101,103,104,105,107,108,110,111,113,114,115,116,117,118,119,120,121,122,123,124,125,126,127,128,129,130,131,133,134,135,136,137,138,139,140,142,143,144,146,147,148,149,150,151,153,154,156,157,158,159,160,161,162,163,164,165,168,169,171,172,173,174,175,176,177,178,179,180,182,183,184,186,187,188,189,192,193,194,195,196,199,200,201,202,204,205,206,207,209,210,213,215,216,217,218,219,220,221,223,224,227,228,230,231,232,233,234,235,236,237,238,239,241,242,243,244,245,247,248,249,250,251,252,253,255,256,257,258,260,261,262,263,265,266,268,269,270,271,272,273,274,275,277,278,280,281,282,284,285,286,287,289,290,291,292,293,294,295,297,298,299,300],[26,58,66,71,80,85,87,91,96,112,141,152,166,190,203,212,214,222,225,229,246,264,276,279,288],[19,30,35,42,45,49,57,60,109,132,145,155,167,170,181,185,191,197,198,208,211,226,240,259,267]].
[[26,58,66,71,80,85,87,91,96,112,141,152,166,190,203,212,214,222,225,229,246,264,276,279,288],[1,2,3,4,5,6,7,8,9,10,11,12,13,14,15,16,17,18,20,21,22,23,24,25,27,28,29,31,32,33,34,36,37,38,39,40,41,43,44,46,47,48,50,51,52,53,54,55,56,59,61,62,63,64,65,67,68,69,70,72,73,74,75,76,77,78,79,81,82,83,84,86,88,89,90,92,93,94,95,97,98,99,100,101,103,104,105,107,108,110,111,113,114,115,116,117,118,119,120,121,122,123,124,125,126,127,128,129,130,131,133,134,135,136,137,138,139,140,142,143,144,146,147,148,149,150,151,153,154,156,157,158,159,160,161,162,163,164,165,168,169,171,172,173,174,175,176,177,178,179,180,182,183,184,186,187,188,189,192,193,194,195,196,199,200,201,202,204,205,206,207,209,210,213,215,216,217,218,219,220,221,223,224,227,228,230,231,232,233,234,235,236,237,238,239,241,242,243,244,245,247,248,249,250,251,252,253,255,256,257,258,260,261,262,263,265,266,268,269,270,271,272,273,274,275,277,278,280,281,282,284,285,286,287,289,290,291,292,293,294,295,297,298,299,300],[102,106,254,283,296]].
[[1,2,3,4,5,6,7,8,9,10,11,12,13,14,15,16,17,18,20,21,22,23,24,25,27,28,29,31,32,33,34,36,37,38,39,40,41,43,44,46,47,48,50,51,52,53,54,55,56,59,61,62,63,64,65,67,68,69,70,72,73,74,75,76,77,78,79,81,82,83,84,86,88,89,90,92,93,94,95,97,98,99,100,101,103,104,105,107,108,110,111,113,114,115,116,117,118,119,120,121,122,123,124,125,126,127,128,129,130,131,133,134,135,136,137,138,139,140,142,143,144,146,147,148,149,150,151,153,154,156,157,158,159,160,161,162,163,164,165,168,169,171,172,173,174,175,176,177,178,179,180,182,183,184,186,187,188,189,192,193,194,195,196,199,200,201,202,204,205,206,207,209,210,213,215,216,217,218,219,220,221,223,224,227,228,230,231,232,233,234,235,236,237,238,239,241,242,243,244,245,247,248,249,250,251,252,253,255,256,257,258,260,261,262,263,265,266,268,269,270,271,272,273,274,275,277,278,280,281,282,284,285,286,287,289,290,291,292,293,294,295,297,298,299,300],[26,58,66,71,80,85,87,91,96,112,141,152,166,190,203,212,214,222,225,229,246,264,276,279,288],[19,30,35,42,45,49,57,60,109,132,145,155,167,170,181,185,191,197,198,208,211,226,240,259,267]].
[[1,2,3,4,5,6,7,8,9,10,11,12,13,14,15,16,17,18,20,21,22,23,24,25,27,28,29,31,32,33,34,36,37,38,39,40,41,43,44,46,47,48,50,51,52,53,54,55,56,59,61,62,63,64,65,67,68,69,70,72,73,74,75,76,77,78,79,81,82,83,84,86,88,89,90,92,93,94,95,97,98,99,100,101,103,104,105,107,108,110,111,113,114,115,116,117,118,119,120,121,122,123,124,125,126,127,128,129,130,131,133,134,135,136,137,138,139,140,142,143,144,146,147,148,149,150,151,153,154,156,157,158,159,160,161,162,163,164,165,168,169,171,172,173,174,175,176,177,178,179,180,182,183,184,186,187,188,189,192,193,194,195,196,199,200,201,202,204,205,206,207,209,210,213,215,216,217,218,219,220,221,223,224,227,228,230,231,232,233,234,235,236,237,238,239,241,242,243,244,245,247,248,249,250,251,252,253,255,256,257,258,260,261,262,263,265,266,268,269,270,271,272,273,274,275,277,278,280,281,282,284,285,286,287,289,290,291,292,293,294,295,297,298,299,300],[26,58,66,71,80,85,87,91,96,112,141,152,166,190,203,212,214,222,225,229,246,264,276,279,288],[19,30,35,42,45,49,57,60,109,132,145,155,167,170,181,185,191,197,198,208,211,226,240,259,267]].
[[102,106,254,283,296],[19,30,35,42,45,49,57,60,109,132,145,155,167,170,181,185,191,197,198,208,211,226,240,259,267],[26,58,66,71,80,85,87,91,96,112,141,152,166,190,203,212,214,222,225,229,246,264,276,279,288]].
[[26,58,66,71,80,85,87,91,96,112,141,152,166,190,203,212,214,222,225,229,246,264,276,279,288],[1,2,3,4,5,6,7,8,9,10,11,12,13,14,15,16,17,18,20,21,22,23,24,25,27,28,29,31,32,33,34,36,37,38,39,40,41,43,44,46,47,48,50,51,52,53,54,55,56,59,61,62,63,64,65,67,68,69,70,72,73,74,75,76,77,78,79,81,82,83,84,86,88,89,90,92,93,94,95,97,98,99,100,101,103,104,105,107,108,110,111,113,114,115,116,117,118,119,120,121,122,123,124,125,126,127,128,129,130,131,133,134,135,136,137,138,139,140,142,143,144,146,147,148,149,150,151,153,154,156,157,158,159,160,161,162,163,164,165,168,169,171,172,173,174,175,176,177,178,179,180,182,183,184,186,187,188,189,192,193,194,195,196,199,200,201,202,204,205,206,207,209,210,213,215,216,217,218,219,220,221,223,224,227,228,230,231,232,233,234,235,236,237,238,239,241,242,243,244,245,247,248,249,250,251,252,253,255,256,257,258,260,261,262,263,265,266,268,269,270,271,272,273,274,275,277,278,280,281,282,284,285,286,287,289,290,291,292,293,294,295,297,298,299,300],[102,106,254,283,296]].
[[102,106,254,283,296],[19,30,35,42,45,49,57,60,109,132,145,155,167,170,181,185,191,197,198,208,211,226,240,259,267],[26,58,66,71,80,85,87,91,96,112,141,152,166,190,203,212,214,222,225,229,246,264,276,279,288]].
[[19,30,35,42,45,49,57,60,109,132,145,155,167,170,181,185,191,197,198,208,211,226,240,259,267],[102,106,254,283,296],[1,2,3,4,5,6,7,8,9,10,11,12,13,14,15,16,17,18,20,21,22,23,24,25,27,28,29,31,32,33,34,36,37,38,39,40,41,43,44,46,47,48,50,51,52,53,54,55,56,59,61,62,63,64,65,67,68,69,70,72,73,74,75,76,77,78,79,81,82,83,84,86,88,89,90,92,93,94,95,97,98,99,100,101,103,104,105,107,108,110,111,113,114,115,116,117,118,119,120,121,122,123,124,125,126,127,128,129,130,131,133,134,135,136,137,138,139,140,142,143,144,146,147,148,149,150,151,153,154,156,157,158,159,160,161,162,163,164,165,168,169,171,172,173,174,175,176,177,178,179,180,182,183,184,186,187,188,189,192,193,194,195,196,199,200,201,202,204,205,206,207,209,210,213,215,216,217,218,219,220,221,223,224,227,228,230,231,232,233,234,235,236,237,238,239,241,242,243,244,245,247,248,249,250,251,252,253,255,256,257,258,260,261,262,263,265,266,268,269,270,271,272,273,274,275,277,278,280,281,282,284,285,286,287,289,290,291,292,293,294,295,297,298,299,300]].
[[1,2,3,4,5,6,7,8,9,10,11,12,13,14,15,16,17,18,20,21,22,23,24,25,27,28,29,31,32,33,34,36,37,38,39,40,41,43,44,46,47,48,50,51,52,53,54,55,56,59,61,62,63,64,65,67,68,69,70,72,73,74,75,76,77,78,79,81,82,83,84,86,88,89,90,92,93,94,95,97,98,99,100,101,103,104,105,107,108,110,111,113,114,115,116,117,118,119,120,121,122,123,124,125,126,127,128,129,130,131,133,134,135,136,137,138,139,140,142,143,144,146,147,148,149,150,151,153,154,156,157,158,159,160,161,162,163,164,165,168,169,171,172,173,174,175,176,177,178,179,180,182,183,184,186,187,188,189,192,193,194,195,196,199,200,201,202,204,205,206,207,209,210,213,215,216,217,218,219,220,221,223,224,227,228,230,231,232,233,234,235,236,237,238,239,241,242,243,244,245,247,248,249,250,251,252,253,255,256,257,258,260,261,262,263,265,266,268,269,270,271,272,273,274,275,277,278,280,281,282,284,285,286,287,289,290,291,292,293,294,295,297,298,299,300],[26,58,66,71,80,85,87,91,96,112,141,152,166,190,203,212,214,222,225,229,246,264,276,279,288],[19,30,35,42,45,49,57,60,109,132,145,155,167,170,181,185,191,197,198,208,211,226,240,259,267]].
[[19,30,35,42,45,49,57,60,109,132,145,155,167,170,181,185,191,197,198,208,211,226,240,259,267],[102,106,254,283,296],[1,2,3,4,5,6,7,8,9,10,11,12,13,14,15,16,17,18,20,21,22,23,24,25,27,28,29,31,32,33,34,36,37,38,39,40,41,43,44,46,47,48,50,51,52,53,54,55,56,59,61,62,63,64,65,67,68,69,70,72,73,74,75,76,77,78,79,81,82,83,84,86,88,89,90,92,93,94,95,97,98,99,100,101,103,104,105,107,108,110,111,113,114,115,116,117,118,119,120,121,122,123,124,125,126,127,128,129,130,131,133,134,135,136,137,138,139,140,142,143,144,146,147,148,149,150,151,153,154,156,157,158,159,160,161,162,163,164,165,168,169,171,172,173,174,175,176,177,178,179,180,182,183,184,186,187,188,189,192,193,194,195,196,199,200,201,202,204,205,206,207,209,210,213,215,216,217,218,219,220,221,223,224,227,228,230,231,232,233,234,235,236,237,238,239,241,242,243,244,245,247,248,249,250,251,252,253,255,256,257,258,260,261,262,263,265,266,268,269,270,271,272,273,274,275,277,278,280,281,282,284,285,286,287,289,290,291,292,293,294,295,297,298,299,300]].
[[26,58,66,71,80,85,87,91,96,112,141,152,166,190,203,212,214,222,225,229,246,264,276,279,288],[1,2,3,4,5,6,7,8,9,10,11,12,13,14,15,16,17,18,20,21,22,23,24,25,27,28,29,31,32,33,34,36,37,38,39,40,41,43,44,46,47,48,50,51,52,53,54,55,56,59,61,62,63,64,65,67,68,69,70,72,73,74,75,76,77,78,79,81,82,83,84,86,88,89,90,92,93,94,95,97,98,99,100,101,103,104,105,107,108,110,111,113,114,115,116,117,118,119,120,121,122,123,124,125,126,127,128,129,130,131,133,134,135,136,137,138,139,140,142,143,144,146,147,148,149,150,151,153,154,156,157,158,159,160,161,162,163,164,165,168,169,171,172,173,174,175,176,177,178,179,180,182,183,184,186,187,188,189,192,193,194,195,196,199,200,201,202,204,205,206,207,209,210,213,215,216,217,218,219,220,221,223,224,227,228,230,231,232,233,234,235,236,237,238,239,241,242,243,244,245,247,248,249,250,251,252,253,255,256,257,258,260,261,262,263,265,266,268,269,270,271,272,273,274,275,277,278,280,281,282,284,285,286,287,289,290,291,292,293,294,295,297,298,299,300],[102,106,254,283,296]].
