[[6,10,15,16,21,25,27,42,43,51,52,58,60,64,67,79,89,90,97,100,101,107,117,123,126,134,152,155,161,166,168,172,174,179,183,187,214,215,217,235,242,245,255,260,263,266,269,286,287,295],[4,11,28,30,31,34,35,36,44,65,68,69,70,72,82,85,87,88,105,106,109,110,112,114,115,122,127,130,137,139,142,143,148,149,151,157,159,160,167,171,173,181,188,190,192,200,204,208,209,213,221,225,230,231,244,252,253,256,261,267,272,276,278,280,282,283,284,288,289,296],[2,3,5,8,12,17,19,23,32,38,39,47,49,50,54,71,74,76,78,83,86,91,92,95,98,108,116,120,128,131,133,135,140,141,144,153,158,163,164,169,170,176,177,180,186,189,193,195,199,201,202,206,210,216,218,220,224,227,234,236,240,246,247,254,258,275,294,297,298,300]].
[[1,7,9,13,14,18,20,22,24,26,29,33,37,40,41,45,46,48,53,55,56,57,59,61,62,63,66,73,75,77,80,81,84,93,94,96,99,102,103,104,111,113,118,119,121,124,125,129,132,136,138,145,146,147,150,154,156,162,165,175,178,182,184,185,191,194,196,197,198,203,205,207,211,212,219,222,223,226,228,229,232,233,237,238,239,241,243,248,249,250,251,257,259,262,264,265,268,270,271,273,274,277,279,281,285,290,291,292,293,299],[2,3,5,8,12,17,19,23,32,38,39,47,49,50,54,71,74,76,78,83,86,91,92,95,98,108,116,120,128,131,133,135,140,141,144,153,158,163,164,169,170,176,177,180,186,189,193,195,199,201,202,206,210,216,218,220,224,227,234,236,240,246,247,254,258,275,294,297,298,300],[4,11,28,30,31,34,35,36,44,65,68,69,70,72,82,85,87,88,105,106,109,110,112,114,115,122,127,130,137,139,142,143,148,149,151,157,159,160,167,171,173,181,188,190,192,200,204,208,209,213,221,225,230,231,244,252,253,256,261,267,272,276,278,280,282,283,284,288,289,296]].
[[6,10,15,16,21,25,27,42,43,51,52,58,60,64,67,79,89,90,97,100,101,107,117,123,126,134,152,155,161,166,168,172,174,179,183,187,214,215,217,235,242,245,255,260,263,266,269,286,287,295],[4,11,28,30,31,34,35,36,44,65,68,69,70,72,82,85,87,88,105,106,109,110,112,114,115,122,127,130,137,139,142,143,148,149,151,157,159,160,167,171,173,181,188,190,192,200,204,208,209,213,221,225,230,231,244,252,253,256,261,267,272,276,278,280,282,283,284,288,289,296],[2,3,5,8,12,17,19,23,32,38,39,47,49,50,54,71,74,76,78,83,86,91,92,95,98,108,116,120,128,131,133,135,140,141,144,153,158,163,164,169,170,176,177,180,186,189,193,195,199,201,202,206,210,216,218,220,224,227,234,236,240,246,247,254,258,275,294,297,298,300]].
[[2,3,5,8,12,17,19,23,32,38,39,47,49,50,54,71,74,76,78,83,86,91,92,95,98,108,116,120,128,131,133,135,140,141,144,153,158,163,164,169,170,176,177,180,186,189,193,195,199,201,202,206,210,216,218,220,224,227,234,236,240,246,247,254,258,275,294,297,298,300],[1,7,9,13,14,18,20,22,24,26,29,33,37,40,41,45,46,48,53,55,56,57,59,61,62,63,66,73,75,77,80,81,84,93,94,96,99,102,103,104,111,113,118,119,121,124,125,129,132,136,138,145,146,147,150,154,156,162,165,175,178,182,184,185,191,194,196,197,198,203,205,207,211,212,219,222,223,226,228,229,232,233,237,238,239,241,243,248,249,250,251,257,259,262,264,265,268,270,271,273,274,277,279,281,285,290,291,292,293,299],[6,10,15,16,21,25,27,42,43,51,52,58,60,64,67,79,89,90,97,100,101,107,117,123,126,134,152,155,161,166,168,172,174,179,183,187,214,215,217,235,242,245,255,260,263,266,269,286,287,295]].
[[1,7,9,13,14,18,20,22,24,26,29,33,37,40,41,45,46,48,53,55,56,57,59,61,62,63,66,73,75,77,80,81,84,93,94,96,99,102,103,104,111,113,118,119,121,124,125,129,132,136,138,145,146,147,150,154,156,162,165,175,178,182,184,185,191,194,196,197,198,203,205,207,211,212,219,222,223,226,228,229,232,233,237,238,239,241,243,248,249,250,251,257,259,262,264,265,268,270,271,273,274,277,279,281,285,290,291,292,293,299],[2,3,5,8,12,17,19,23,32,38,39,47,49,50,54,71,74,76,78,83,86,91,92,95,98,108,116,120,128,131,133,135,140,141,144,153,158,163,164,169,170,176,177,180,186,189,193,195,199,201,202,206,210,216,218,220,224,227,234,236,240,246,247,254,258,275,294,297,298,300],[4,11,28,30,31,34,35,36,44,65,68,69,70,72,82,85,87,88,105,106,109,110,112,114,115,122,127,130,137,139,142,143,148,149,151,157,159,160,167,171,173,181,188,190,192,200,204,208,209,213,221,225,230,231,244,252,253,256,261,267,272,276,278,280,282,283,284,288,289,296]].
[[1,7,9,13,14,18,20,22,24,26,29,33,37,40,41,45,46,48,53,55,56,57,59,61,62,63,66,73,75,77,80,81,84,93,94,96,99,102,103,104,111,113,118,119,121,124,125,129,132,136,138,145,146,147,150,154,156,162,165,175,178,182,184,185,191,194,196,197,198,203,205,207,211,212,219,222,223,226,228,229,232,233,237,238,239,241,243,248,249,250,251,257,259,262,264,265,268,270,271,273,274,277,279,281,285,290,291,292,293,299],[2,3,5,8,12,17,19,23,32,38,39,47,49,50,54,71,74,76,78,83,86,91,92,95,98,108,116,120,128,131,133,135,140,141,144,153,158,163,164,169,170,176,177,180,186,189,193,195,199,201,202,206,210,216,218,220,224,227,234,236,240,246,247,254,258,275,294,297,298,300],[4,11,28,30,31,34,35,36,44,65,68,69,70,72,82,85,87,88,105,106,109,110,112,114,115,122,127,130,137,139,142,143,148,149,151,157,159,160,167,171,173,181,188,190,192,200,204,208,209,213,221,225,230,231,244,252,253,256,261,267,272,276,278,280,282,283,284,288,289,296]].
[[2,3,5,8,12,17,19,23,32,38,39,47,49,50,54,71,74,76,78,83,86,91,92,95,98,108,116,120,128,131,133,135,140,141,144,153,158,163,164,169,170,176,177,180,186,189,193,195,199,201,202,206,210,216,218,220,224,227,234,236,240,246,247,254,258,275,294,297,298,300],[1,7,9,13,14,18,20,22,24,26,29,33,37,40,41,45,46,48,53,55,56,57,59,61,62,63,66,73,75,77,80,81,84,93,94,96,99,102,103,104,111,113,118,119,121,124,125,129,132,136,138,145,146,147,150,154,156,162,165,175,178,182,184,185,191,194,196,197,198,203,205,207,211,212,219,222,223,226,228,229,232,233,237,238,239,241,243,248,249,250,251,257,259,262,264,265,268,270,271,273,274,277,279,281,285,290,291,292,293,299],[6,10,15,16,21,25,27,42,43,51,52,58,60,64,67,79,89,90,97,100,101,107,117,123,126,134,152,155,161,166,168,172,174,179,183,187,214,215,217,235,242,245,255,260,263,266,269,286,287,295]].
[[4,11,28,30,31,34,35,36,44,65,68,69,70,72,82,85,87,88,105,106,109,110,112,114,115,122,127,130,137,139,142,143,148,149,151,157,159,160,167,171,173,181,188,190,192,200,204,208,209,213,221,225,230,231,244,252,253,256,261,267,272,276,278,280,282,283,284,288,289,296],[6,10,15,16,21,25,27,42,43,51,52,58,60,64,67,79,89,90,97,100,101,107,117,123,126,134,152,155,161,166,168,172,174,179,183,187,214,215,217,235,242,245,255,260,263,266,269,286,287,295],[1,7,9,13,14,18,20,22,24,26,29,33,37,40,41,45,46,48,53,55,56,57,59,61,62,63,66,73,75,77,80,81,84,93,94,96,99,102,103,104,111,113,118,119,121,124,125,129,132,136,138,145,146,147,150,154,156,162,165,175,178,182,184,185,191,194,196,197,198,203,205,207,211,212,219,222,223,226,228,229,232,233,237,238,239,241,243,248,249,250,251,257,259,262,264,265,268,270,271,273,274,277,279,281,285,290,291,292,293,299]].
[[4,11,28,30,31,34,35,36,44,65,68,69,70,72,82,85,87,88,105,106,109,110,112,114,115,122,127,130,137,139,142,143,148,149,151,157,159,160,167,171,173,181,188,190,192,200,204,208,209,213,221,225,230,231,244,252,253,256,261,267,272,276,278,280,282,283,284,288,289,296],[6,10,15,16,21,25,27,42,43,51,52,58,60,64,67,79,89,90,97,100,101,107,117,123,126,134,152,155,161,166,168,172,174,179,183,187,214,215,217,235,242,245,255,260,263,266,269,286,287,295],[1,7,9,13,14,18,20,22,24,26,29,33,37,40,41,45,46,48,53,55,56,57,59,61,62,63,66,73,75,77,80,81,84,93,94,96,99,102,103,104,111,113,118,119,121,124,125,129,132,136,138,145,146,147,150,154,156,162,165,175,178,182,184,185,191,194,196,197,198,203,205,207,211,212,219,222,223,226,228,229,232,233,237,238,239,241,243,248,249,250,251,257,259,262,264,265,268,270,271,273,274,277,279,281,285,290,291,292,293,299]].
[[4,11,28,30,31,34,35,36,44,65,68,69,70,72,82,85,87,88,105,106,109,110,112,114,115,122,127,130,137,139,142,143,148,149,151,157,159,160,167,171,173,181,188,190,192,200,204,208,209,213,221,225,230,231,244,252,253,256,261,267,272,276,278,280,282,283,284,288,289,296],[6,10,15,16,21,25,27,42,43,51,52,58,60,64,67,79,89,90,97,100,101,107,117,123,126,134,152,155,161,166,168,172,174,179,183,187,214,215,217,235,242,245,255,260,263,266,269,286,287,295],[1,7,9,13,14,18,20,22,24,26,29,33,37,40,41,45,46,48,53,55,56,57,59,61,62,63,66,73,75,77,80,81,84,93,94,96,99,102,103,104,111,113,118,119,121,124,125,129,132,136,138,145,146,147,150,154,156,162,165,175,178,182,184,185,191,194,196,197,198,203,205,207,211,212,219,222,223,226,228,229,232,233,237,238,239,241,243,248,249,250,251,257,259,262,264,265,268,270,271,273,274,277,279,281,285,290,291,292,293,299]].
[[1,7,9,13,14,18,20,22,24,26,29,33,37,40,41,45,46,48,53,55,56,57,59,61,62,63,66,73,75,77,80,81,84,93,94,96,99,102,103,104,111,113,118,119,121,124,125,129,132,136,138,145,146,147,150,154,156,162,165,175,178,182,184,185,191,194,196,197,198,203,205,207,211,212,219,222,223,226,228,229,232,233,237,238,239,241,243,248,249,250,251,257,259,262,264,265,268,270,271,273,274,277,279,281,285,290,291,292,293,299],[2,3,5,8,12,17,19,23,32,38,39,47,49,50,54,71,74,76,78,83,86,91,92,95,98,108,116,120,128,131,133,135,140,141,144,153,158,163,164,169,170,176,177,180,186,189,193,195,199,201,202,206,210,216,218,220,224,227,234,236,240,246,247,254,258,275,294,297,298,300],[4,11,28,30,31,34,35,36,44,65,68,69,70,72,82,85,87,88,105,106,109,110,112,114,115,122,127,130,137,139,142,143,148,149,151,157,159,160,167,171,173,181,188,190,192,200,204,208,209,213,221,225,230,231,244,252,253,256,261,267,272,276,278,280,282,283,284,288,289,296]].
[[2,3,5,8,12,17,19,23,32,38,39,47,49,50,54,71,74,76,78,83,86,91,92,95,98,108,116,120,128,131,133,135,140,141,144,153,158,163,164,169,170,176,177,180,186,189,193,195,199,201,202,206,210,216,218,220,224,227,234,236,240,246,247,254,258,275,294,297,298,300],[1,7,9,13,14,18,20,22,24,26,29,33,37,40,41,45,46,48,53,55,56,57,59,61,62,63,66,73,75,77,80,81,84,93,94,96,99,102,103,104,111,113,118,119,121,124,125,129,132,136,138,145,146,147,150,154,156,162,165,175,178,182,184,185,191,194,196,197,198,203,205,207,211,212,219,222,223,226,228,229,232,233,237,238,239,241,243,248,249,250,251,257,259,262,264,265,268,270,271,273,274,277,279,281,285,290,291,292,293,299],[6,10,15,16,21,25,27,42,43,51,52,58,60,64,67,79,89,90,97,100,101,107,117,123,126,134,152,155,161,166,168,172,174,179,183,187,214,215,217,235,242,245,255,260,263,266,269,286,287,295]].
[[4,11,28,30,31,34,35,36,44,65,68,69,70,72,82,85,87,88,105,106,109,110,112,114,115,122,127,130,137,139,142,143,148,149,151,157,159,160,167,171,173,181,188,190,192,200,204,208,209,213,221,225,230,231,244,252,253,256,261,267,272,276,278,280,282,283,284,288,289,296],[6,10,15,16,21,25,27,42,43,51,52,58,60,64,67,79,89,90,97,100,101,107,117,123,126,134,152,155,161,166,168,172,174,179,183,187,214,215,217,235,242,245,255,260,263,266,269,286,287,295],[1,7,9,13,14,18,20,22,24,26,29,33,37,40,41,45,46,48,53,55,56,57,59,61,62,63,66,73,75,77,80,81,84,93,94,96,99,102,103,104,111,113,118,119,121,124,125,129,132,136,138,145,146,147,150,154,156,162,165,175,178,182,184,185,191,194,196,197,198,203,205,207,211,212,219,222,223,226,228,229,232,233,237,238,239,241,243,248,249,250,251,257,259,262,264,265,268,270,271,273,274,277,279,281,285,290,291,292,293,299]].
[[1,7,9,13,14,18,20,22,24,26,29,33,37,40,41,45,46,48,53,55,56,57,59,61,62,63,66,73,75,77,80,81,84,93,94,96,99,102,103,104,111,113,118,119,121,124,125,129,132,136,138,145,146,147,150,154,156,162,165,175,178,182,184,185,191,194,196,197,198,203,205,207,211,212,219,222,223,226,228,229,232,233,237,238,239,241,243,248,249,250,251,257,259,262,264,265,268,270,271,273,274,277,279,281,285,290,291,292,293,299],[2,3,5,8,12,17,19,23,32,38,39,47,49,50,54,71,74,76,78,83,86,91,92,95,98,108,116,120,128,131,133,135,140,141,144,153,158,163,164,169,170,176,177,180,186,189,193,195,199,201,202,206,210,216,218,220,224,227,234,236,240,246,247,254,258,275,294,297,298,300],[4,11,28,30,31,34,35,36,44,65,68,69,70,72,82,85,87,88,105,106,109,110,112,114,115,122,127,130,137,139,142,143,148,149,151,157,159,160,167,171,173,181,188,190,192,200,204,208,209,213,221,225,230,231,244,252,253,256,261,267,272,276,278,280,282,283,284,288,289,296]].
[[4,11,28,30,31,34,35,36,44,65,68,69,70,72,82,85,87,88,105,106,109,110,112,114,115,122,127,130,137,139,142,143,148,149,151,157,159,160,167,171,173,181,188,190,192,200,204,208,209,213,221,225,230,231,244,252,253,256,261,267,272,276,278,280,282,283,284,288,289,296],[6,10,15,16,21,25,27,42,43,51,52,58,60,64,67,79,89,90,97,100,101,107,117,123,126,134,152,155,161,166,168,172,174,179,183,187,214,215,217,235,242,245,255,260,263,266,269,286,287,295],[1,7,9,13,14,18,20,22,24,26,29,33,37,40,41,45,46,48,53,55,56,57,59,61,62,63,66,73,75,77,80,81,84,93,94,96,99,102,103,104,111,113,118,119,121,124,125,129,132,136,138,145,146,147,150,154,156,162,165,175,178,182,184,185,191,194,196,197,198,203,205,207,211,212,219,222,223,226,228,229,232,233,237,238,239,241,243,248,249,250,251,257,259,262,264,265,268,270,271,273,274,277,279,281,285,290,291,292,293,299]].
[[4,11,28,30,31,34,35,36,44,65,68,69,70,72,82,85,87,88,105,106,109,110,112,114,115,122,127,130,137,139,142,143,148,149,151,157,159,160,167,171,173,181,188,190,192,200,204,208,209,213,221,225,230,231,244,252,253,256,261,267,272,276,278,280,282,283,284,288,289,296],[6,10,15,16,21,25,27,42,43,51,52,58,60,64,67,79,89,90,97,100,101,107,117,123,126,134,152,155,161,166,168,172,174,179,183,187,214,215,217,235,242,245,255,260,263,266,269,286,287,295],[1,7,9,13,14,18,20,22,24,26,29,33,37,40,41,45,46,48,53,55,56,57,59,61,62,63,66,73,75,77,80,81,84,93,94,96,99,102,103,104,111,113,118,119,121,124,125,129,132,136,138,145,146,147,150,154,156,162,165,175,178,182,184,185,191,194,196,197,198,203,205,207,211,212,219,222,223,226,228,229,232,233,237,238,239,241,243,248,249,250,251,257,259,262,264,265,268,270,271,273,274,277,279,281,285,290,291,292,293,299]].
[[2,3,5,8,12,17,19,23,32,38,39,47,49,50,54,71,74,76,78,83,86,91,92,95,98,108,116,120,128,131,133,135,140,141,144,153,158,163,164,169,170,176,177,180,186,189,193,195,199,201,202,206,210,216,218,220,224,227,234,236,240,246,247,254,258,275,294,297,298,300],[1,7,9,13,14,18,20,22,24,26,29,33,37,40,41,45,46,48,53,55,56,57,59,61,62,63,66,73,75,77,80,81,84,93,94,96,99,102,103,104,111,113,118,119,121,124,125,129,132,136,138,145,146,147,150,154,156,162,165,175,178,182,184,185,191,194,196,197,198,203,205,207,211,212,219,222,223,226,228,229,232,233,237,238,239,241,243,248,249,250,251,257,259,262,264,265,268,270,271,273,274,277,279,281,285,290,291,292,293,299],[6,10,15,16,21,25,27,42,43,51,52,58,60,64,67,79,89,90,97,100,101,107,117,123,126,134,152,155,161,166,168,172,174,179,183,187,214,215,217,235,242,245,255,260,263,266,269,286,287,295]].
[[4,11,28,30,31,34,35,36,44,65,68,69,70,72,82,85,87,88,105,106,109,110,112,114,115,122,127,130,137,139,142,143,148,149,151,157,159,160,167,171,173,181,188,190,192,200,204,208,209,213,221,225,230,231,244,252,253,256,261,267,272,276,278,280,282,283,284,288,289,296],[6,10,15,16,21,25,27,42,43,51,52,58,60,64,67,79,89,90,97,100,101,107,117,123,126,134,152,155,161,166,168,172,174,179,183,187,214,215,217,235,242,245,255,260,263,266,269,286,287,295],[1,7,9,13,14,18,20,22,24,26,29,33,37,40,41,45,46,48,53,55,56,57,59,61,62,63,66,73,75,77,80,81,84,93,94,96,99,102,103,104,111,113,118,119,121,124,125,129,132,136,138,145,146,147,150,154,156,162,165,175,178,182,184,185,191,194,196,197,198,203,205,207,211,212,219,222,223,226,228,229,232,233,237,238,239,241,243,248,249,250,251,257,259,262,264,265,268,270,271,273,274,277,279,281,285,290,291,292,293,299]].
[[1,7,9,13,14,18,20,22,24,26,29,33,37,40,41,45,46,48,53,55,56,57,59,61,62,63,66,73,75,77,80,81,84,93,94,96,99,102,103,104,111,113,118,119,121,124,125,129,132,136,138,145,146,147,150,154,156,162,165,175,178,182,184,185,191,194,196,197,198,203,205,207,211,212,219,222,223,226,228,229,232,233,237,238,239,241,243,248,249,250,251,257,259,262,264,265,268,270,271,273,274,277,279,281,285,290,291,292,293,299],[2,3,5,8,12,17,19,23,32,38,39,47,49,50,54,71,74,76,78,83,86,91,92,95,98,108,116,120,128,131,133,135,140,141,144,153,158,163,164,169,170,176,177,180,186,189,193,195,199,201,202,206,210,216,218,220,224,227,234,236,240,246,247,254,258,275,294,297,298,300],[4,11,28,30,31,34,35,36,44,65,68,69,70,72,82,85,87,88,105,106,109,110,112,114,115,122,127,130,137,139,142,143,148,149,151,157,159,160,167,171,173,181,188,190,192,200,204,208,209,213,221,225,230,231,244,252,253,256,261,267,272,276,278,280,282,283,284,288,289,296]].
[[2,3,5,8,12,17,19,23,32,38,39,47,49,50,54,71,74,76,78,83,86,91,92,95,98,108,116,120,128,131,133,135,140,141,144,153,158,163,164,169,170,176,177,180,186,189,193,195,199,201,202,206,210,216,218,220,224,227,234,236,240,246,247,254,258,275,294,297,298,300],[1,7,9,13,14,18,20,22,24,26,29,33,37,40,41,45,46,48,53,55,56,57,59,61,62,63,66,73,75,77,80,81,84,93,94,96,99,102,103,104,111,113,118,119,121,124,125,129,132,136,138,145,146,147,150,154,156,162,165,175,178,182,184,185,191,194,196,197,198,203,205,207,211,212,219,222,223,226,228,229,232,233,237,238,239,241,243,248,249,250,251,257,259,262,264,265,268,270,271,273,274,277,279,281,285,290,291,292,293,299],[6,10,15,16,21,25,27,42,43,51,52,58,60,64,67,79,89,90,97,100,101,107,117,123,126,134,152,155,161,166,168,172,174,179,183,187,214,215,217,235,242,245,255,260,263,266,269,286,287,295]].
[[1,7,9,13,14,18,20,22,24,26,29,33,37,40,41,45,46,48,53,55,56,57,59,61,62,63,66,73,75,77,80,81,84,93,94,96,99,102,103,104,111,113,118,119,121,124,125,129,132,136,138,145,146,147,150,154,156,162,165,175,178,182,184,185,191,194,196,197,198,203,205,207,211,212,219,222,223,226,228,229,232,233,237,238,239,241,243,248,249,250,251,257,259,262,264,265,268,270,271,273,274,277,279,281,285,290,291,292,293,299],[2,3,5,8,12,17,19,23,32,38,39,47,49,50,54,71,74,76,78,83,86,91,92,95,98,108,116,120,128,131,133,135,140,141,144,153,158,163,164,169,170,176,177,180,186,189,193,195,199,201,202,206,210,216,218,220,224,227,234,236,240,246,247,254,258,275,294,297,298,300],[4,11,28,30,31,34,35,36,44,65,68,69,70,72,82,85,87,88,105,106,109,110,112,114,115,122,127,130,137,139,142,143,148,149,151,157,159,160,167,171,173,181,188,190,192,200,204,208,209,213,221,225,230,231,244,252,253,256,261,267,272,276,278,280,282,283,284,288,289,296]].
[[4,11,28,30,31,34,35,36,44,65,68,69,70,72,82,85,87,88,105,106,109,110,112,114,115,122,127,130,137,139,142,143,148,149,151,157,159,160,167,171,173,181,188,190,192,200,204,208,209,213,221,225,230,231,244,252,253,256,261,267,272,276,278,280,282,283,284,288,289,296],[6,10,15,16,21,25,27,42,43,51,52,58,60,64,67,79,89,90,97,100,101,107,117,123,126,134,152,155,161,166,168,172,174,179,183,187,214,215,217,235,242,245,255,260,263,266,269,286,287,295],[1,7,9,13,14,18,20,22,24,26,29,33,37,40,41,45,46,48,53,55,56,57,59,61,62,63,66,73,75,77,80,81,84,93,94,96,99,102,103,104,111,113,118,119,121,124,125,129,132,136,138,145,146,147,150,154,156,162,165,175,178,182,184,185,191,194,196,197,198,203,205,207,211,212,219,222,223,226,228,229,232,233,237,238,239,241,243,248,249,250,251,257,259,262,264,265,268,270,271,273,274,277,279,281,285,290,291,292,293,299]].
[[4,11,28,30,31,34,35,36,44,65,68,69,70,72,82,85,87,88,105,106,109,110,112,114,115,122,127,130,137,139,142,143,148,149,151,157,159,160,167,171,173,181,188,190,192,200,204,208,209,213,221,225,230,231,244,252,253,256,261,267,272,276,278,280,282,283,284,288,289,296],[6,10,15,16,21,25,27,42,43,51,52,58,60,64,67,79,89,90,97,100,101,107,117,123,126,134,152,155,161,166,168,172,174,179,183,187,214,215,217,235,242,245,255,260,263,266,269,286,287,295],[1,7,9,13,14,18,20,22,24,26,29,33,37,40,41,45,46,48,53,55,56,57,59,61,62,63,66,73,75,77,80,81,84,93,94,96,99,102,103,104,111,113,118,119,121,124,125,129,132,136,138,145,146,147,150,154,156,162,165,175,178,182,184,185,191,194,196,197,198,203,205,207,211,212,219,222,223,226,228,229,232,233,237,238,239,241,243,248,249,250,251,257,259,262,264,265,268,270,271,273,274,277,279,281,285,290,291,292,293,299]].
[[1,7,9,13,14,18,20,22,24,26,29,33,37,40,41,45,46,48,53,55,56,57,59,61,62,63,66,73,75,77,80,81,84,93,94,96,99,102,103,104,111,113,118,119,121,124,125,129,132,136,138,145,146,147,150,154,156,162,165,175,178,182,184,185,191,194,196,197,198,203,205,207,211,212,219,222,223,226,228,229,232,233,237,238,239,241,243,248,249,250,251,257,259,262,264,265,268,270,271,273,274,277,279,281,285,290,291,292,293,299],[2,3,5,8,12,17,19,23,32,38,39,47,49,50,54,71,74,76,78,83,86,91,92,95,98,108,116,120,128,131,133,135,140,141,144,153,158,163,164,169,170,176,177,180,186,189,193,195,199,201,202,206,210,216,218,220,224,227,234,236,240,246,247,254,258,275,294,297,298,300],[4,11,28,30,31,34,35,36,44,65,68,69,70,72,82,85,87,88,105,106,109,110,112,114,115,122,127,130,137,139,142,143,148,149,151,157,159,160,167,171,173,181,188,190,192,200,204,208,209,213,221,225,230,231,244,252,253,256,261,267,272,276,278,280,282,283,284,288,289,296]].
[[1,7,9,13,14,18,20,22,24,26,29,33,37,40,41,45,46,48,53,55,56,57,59,61,62,63,66,73,75,77,80,81,84,93,94,96,99,102,103,104,111,113,118,119,121,124,125,129,132,136,138,145,146,147,150,154,156,162,165,175,178,182,184,185,191,194,196,197,198,203,205,207,211,212,219,222,223,226,228,229,232,233,237,238,239,241,243,248,249,250,251,257,259,262,264,265,268,270,271,273,274,277,279,281,285,290,291,292,293,299],[2,3,5,8,12,17,19,23,32,38,39,47,49,50,54,71,74,76,78,83,86,91,92,95,98,108,116,120,128,131,133,135,140,141,144,153,158,163,164,169,170,176,177,180,186,189,193,195,199,201,202,206,210,216,218,220,224,227,234,236,240,246,247,254,258,275,294,297,298,300],[4,11,28,30,31,34,35,36,44,65,68,69,70,72,82,85,87,88,105,106,109,110,112,114,115,122,127,130,137,139,142,143,148,149,151,157,159,160,167,171,173,181,188,190,192,200,204,208,209,213,221,225,230,231,244,252,253,256,261,267,272,276,278,280,282,283,284,288,289,296]].
[[2,3,5,8,12,17,19,23,32,38,39,47,49,50,54,71,74,76,78,83,86,91,92,95,98,108,116,120,128,131,133,135,140,141,144,153,158,163,164,169,170,176,177,180,186,189,193,195,199,201,202,206,210,216,218,220,224,227,234,236,240,246,247,254,258,275,294,297,298,300],[1,7,9,13,14,18,20,22,24,26,29,33,37,40,41,45,46,48,53,55,56,57,59,61,62,63,66,73,75,77,80,81,84,93,94,96,99,102,103,104,111,113,118,119,121,124,125,129,132,136,138,145,146,147,150,154,156,162,165,175,178,182,184,185,191,194,196,197,198,203,205,207,211,212,219,222,223,226,228,229,232,233,237,238,239,241,243,248,249,250,251,257,259,262,264,265,268,270,271,273,274,277,279,281,285,290,291,292,293,299],[6,10,15,16,21,25,27,42,43,51,52,58,60,64,67,79,89,90,97,100,101,107,117,123,126,134,152,155,161,166,168,172,174,179,183,187,214,215,217,235,242,245,255,260,263,266,269,286,287,295]].
[[1,7,9,13,14,18,20,22,24,26,29,33,37,40,41,45,46,48,53,55,56,57,59,61,62,63,66,73,75,77,80,81,84,93,94,96,99,102,103,104,111,113,118,119,121,124,125,129,132,136,138,145,146,147,150,154,156,162,165,175,178,182,184,185,191,194,196,197,198,203,205,207,211,212,219,222,223,226,228,229,232,233,237,238,239,241,243,248,249,250,251,257,259,262,264,265,268,270,271,273,274,277,279,281,285,290,291,292,293,299],[2,3,5,8,12,17,19,23,32,38,39,47,49,50,54,71,74,76,78,83,86,91,92,95,98,108,116,120,128,131,133,135,140,141,144,153,158,163,164,169,170,176,177,180,186,189,193,195,199,201,202,206,210,216,218,220,224,227,234,236,240,246,247,254,258,275,294,297,298,300],[4,11,28,30,31,34,35,36,44,65,68,69,70,72,82,85,87,88,105,106,109,110,112,114,115,122,127,130,137,139,142,143,148,149,151,157,159,160,167,171,173,181,188,190,192,200,204,208,209,213,221,225,230,231,244,252,253,256,261,267,272,276,278,280,282,283,284,288,289,296]].
[[1,7,9,13,14,18,20,22,24,26,29,33,37,40,41,45,46,48,53,55,56,57,59,61,62,63,66,73,75,77,80,81,84,93,94,96,99,102,103,104,111,113,118,119,121,124,125,129,132,136,138,145,146,147,150,154,156,162,165,175,178,182,184,185,191,194,196,197,198,203,205,207,211,212,219,222,223,226,228,229,232,233,237,238,239,241,243,248,249,250,251,257,259,262,264,265,268,270,271,273,274,277,279,281,285,290,291,292,293,299],[2,3,5,8,12,17,19,23,32,38,39,47,49,50,54,71,74,76,78,83,86,91,92,95,98,108,116,120,128,131,133,135,140,141,144,153,158,163,164,169,170,176,177,180,186,189,193,195,199,201,202,206,210,216,218,220,224,227,234,236,240,246,247,254,258,275,294,297,298,300],[4,11,28,30,31,34,35,36,44,65,68,69,70,72,82,85,87,88,105,106,109,110,112,114,115,122,127,130,137,139,142,143,148,149,151,157,159,160,167,171,173,181,188,190,192,200,204,208,209,213,221,225,230,231,244,252,253,256,261,267,272,276,278,280,282,283,284,288,289,296]].
[[4,11,28,30,31,34,35,36,44,65,68,69,70,72,82,85,87,88,105,106,109,110,112,114,115,122,127,130,137,139,142,143,148,149,151,157,159,160,167,171,173,181,188,190,192,200,204,208,209,213,221,225,230,231,244,252,253,256,261,267,272,276,278,280,282,283,284,288,289,296],[6,10,15,16,21,25,27,42,43,51,52,58,60,64,67,79,89,90,97,100,101,107,117,123,126,134,152,155,161,166,168,172,174,179,183,187,214,215,217,235,242,245,255,260,263,266,269,286,287,295],[1,7,9,13,14,18,20,22,24,26,29,33,37,40,41,45,46,48,53,55,56,57,59,61,62,63,66,73,75,77,80,81,84,93,94,96,99,102,103,104,111,113,118,119,121,124,125,129,132,136,138,145,146,147,150,154,156,162,165,175,178,182,184,185,191,194,196,197,198,203,205,207,211,212,219,222,223,226,228,229,232,233,237,238,239,241,243,248,249,250,251,257,259,262,264,265,268,270,271,273,274,277,279,281,285,290,291,292,293,299]].
[[2,3,5,8,12,17,19,23,32,38,39,47,49,50,54,71,74,76,78,83,86,91,92,95,98,108,116,120,128,131,133,135,140,141,144,153,158,163,164,169,170,176,177,180,186,189,193,195,199,201,202,206,210,216,218,220,224,227,234,236,240,246,247,254,258,275,294,297,298,300],[1,7,9,13,14,18,20,22,24,26,29,33,37,40,41,45,46,48,53,55,56,57,59,61,62,63,66,73,75,77,80,81,84,93,94,96,99,102,103,104,111,113,118,119,121,124,125,129,132,136,138,145,146,147,150,154,156,162,165,175,178,182,184,185,191,194,196,197,198,203,205,207,211,212,219,222,223,226,228,229,232,233,237,238,239,241,243,248,249,250,251,257,259,262,264,265,268,270,271,273,274,277,279,281,285,290,291,292,293,299],[6,10,15,16,21,25,27,42,43,51,52,58,60,64,67,79,89,90,97,100,101,107,117,123,126,134,152,155,161,166,168,172,174,179,183,187,214,215,217,235,242,245,255,260,263,266,269,286,287,295]].
[[1,7,9,13,14,18,20,22,24,26,29,33,37,40,41,45,46,48,53,55,56,57,59,61,62,63,66,73,75,77,80,81,84,93,94,96,99,102,103,104,111,113,118,119,121,124,125,129,132,136,138,145,146,147,150,154,156,162,165,175,178,182,184,185,191,194,196,197,198,203,205,207,211,212,219,222,223,226,228,229,232,233,237,238,239,241,243,248,249,250,251,257,259,262,264,265,268,270,271,273,274,277,279,281,285,290,291,292,293,299],[2,3,5,8,12,17,19,23,32,38,39,47,49,50,54,71,74,76,78,83,86,91,92,95,98,108,116,120,128,131,133,135,140,141,144,153,158,163,164,169,170,176,177,180,186,189,193,195,199,201,202,206,210,216,218,220,224,227,234,236,240,246,247,254,258,275,294,297,298,300],[4,11,28,30,31,34,35,36,44,65,68,69,70,72,82,85,87,88,105,106,109,110,112,114,115,122,127,130,137,139,142,143,148,149,151,157,159,160,167,171,173,181,188,190,192,200,204,208,209,213,221,225,230,231,244,252,253,256,261,267,272,276,278,280,282,283,284,288,289,296]].
[[1,7,9,13,14,18,20,22,24,26,29,33,37,40,41,45,46,48,53,55,56,57,59,61,62,63,66,73,75,77,80,81,84,93,94,96,99,102,103,104,111,113,118,119,121,124,125,129,132,136,138,145,146,147,150,154,156,162,165,175,178,182,184,185,191,194,196,197,198,203,205,207,211,212,219,222,223,226,228,229,232,233,237,238,239,241,243,248,249,250,251,257,259,262,264,265,268,270,271,273,274,277,279,281,285,290,291,292,293,299],[2,3,5,8,12,17,19,23,32,38,39,47,49,50,54,71,74,76,78,83,86,91,92,95,98,108,116,120,128,131,133,135,140,141,144,153,158,163,164,169,170,176,177,180,186,189,193,195,199,201,202,206,210,216,218,220,224,227,234,236,240,246,247,254,258,275,294,297,298,300],[4,11,28,30,31,34,35,36,44,65,68,69,70,72,82,85,87,88,105,106,109,110,112,114,115,122,127,130,137,139,142,143,148,149,151,157,159,160,167,171,173,181,188,190,192,200,204,208,209,213,221,225,230,231,244,252,253,256,261,267,272,276,278,280,282,283,284,288,289,296]].
[[2,3,5,8,12,17,19,23,32,38,39,47,49,50,54,71,74,76,78,83,86,91,92,95,98,108,116,120,128,131,133,135,140,141,144,153,158,163,164,169,170,176,177,180,186,189,193,195,199,201,202,206,210,216,218,220,224,227,234,236,240,246,247,254,258,275,294,297,298,300],[1,7,9,13,14,18,20,22,24,26,29,33,37,40,41,45,46,48,53,55,56,57,59,61,62,63,66,73,75,77,80,81,84,93,94,96,99,102,103,104,111,113,118,119,121,124,125,129,132,136,138,145,146,147,150,154,156,162,165,175,178,182,184,185,191,194,196,197,198,203,205,207,211,212,219,222,223,226,228,229,232,233,237,238,239,241,243,248,249,250,251,257,259,262,264,265,268,270,271,273,274,277,279,281,285,290,291,292,293,299],[6,10,15,16,21,25,27,42,43,51,52,58,60,64,67,79,89,90,97,100,101,107,117,123,126,134,152,155,161,166,168,172,174,179,183,187,214,215,217,235,242,245,255,260,263,266,269,286,287,295]].
[[4,11,28,30,31,34,35,36,44,65,68,69,70,72,82,85,87,88,105,106,109,110,112,114,115,122,127,130,137,139,142,143,148,149,151,157,159,160,167,171,173,181,188,190,192,200,204,208,209,213,221,225,230,231,244,252,253,256,261,267,272,276,278,280,282,283,284,288,289,296],[6,10,15,16,21,25,27,42,43,51,52,58,60,64,67,79,89,90,97,100,101,107,117,123,126,134,152,155,161,166,168,172,174,179,183,187,214,215,217,235,242,245,255,260,263,266,269,286,287,295],[1,7,9,13,14,18,20,22,24,26,29,33,37,40,41,45,46,48,53,55,56,57,59,61,62,63,66,73,75,77,80,81,84,93,94,96,99,102,103,104,111,113,118,119,121,124,125,129,132,136,138,145,146,147,150,154,156,162,165,175,178,182,184,185,191,194,196,197,198,203,205,207,211,212,219,222,223,226,228,229,232,233,237,238,239,241,243,248,249,250,251,257,259,262,264,265,268,270,271,273,274,277,279,281,285,290,291,292,293,299]].
[[2,3,5,8,12,17,19,23,32,38,39,47,49,50,54,71,74,76,78,83,86,91,92,95,98,108,116,120,128,131,133,135,140,141,144,153,158,163,164,169,170,176,177,180,186,189,193,195,199,201,202,206,210,216,218,220,224,227,234,236,240,246,247,254,258,275,294,297,298,300],[1,7,9,13,14,18,20,22,24,26,29,33,37,40,41,45,46,48,53,55,56,57,59,61,62,63,66,73,75,77,80,81,84,93,94,96,99,102,103,104,111,113,118,119,121,124,125,129,132,136,138,145,146,147,150,154,156,162,165,175,178,182,184,185,191,194,196,197,198,203,205,207,211,212,219,222,223,226,228,229,232,233,237,238,239,241,243,248,249,250,251,257,259,262,264,265,268,270,271,273,274,277,279,281,285,290,291,292,293,299],[6,10,15,16,21,25,27,42,43,51,52,58,60,64,67,79,89,90,97,100,101,107,117,123,126,134,152,155,161,166,168,172,174,179,183,187,214,215,217,235,242,245,255,260,263,266,269,286,287,295]].
[[1,7,9,13,14,18,20,22,24,26,29,33,37,40,41,45,46,48,53,55,56,57,59,61,62,63,66,73,75,77,80,81,84,93,94,96,99,102,103,104,111,113,118,119,121,124,125,129,132,136,138,145,146,147,150,154,156,162,165,175,178,182,184,185,191,194,196,197,198,203,205,207,211,212,219,222,223,226,228,229,232,233,237,238,239,241,243,248,249,250,251,257,259,262,264,265,268,270,271,273,274,277,279,281,285,290,291,292,293,299],[2,3,5,8,12,17,19,23,32,38,39,47,49,50,54,71,74,76,78,83,86,91,92,95,98,108,116,120,128,131,133,135,140,141,144,153,158,163,164,169,170,176,177,180,186,189,193,195,199,201,202,206,210,216,218,220,224,227,234,236,240,246,247,254,258,275,294,297,298,300],[4,11,28,30,31,34,35,36,44,65,68,69,70,72,82,85,87,88,105,106,109,110,112,114,115,122,127,130,137,139,142,143,148,149,151,157,159,160,167,171,173,181,188,190,192,200,204,208,209,213,221,225,230,231,244,252,253,256,261,267,272,276,278,280,282,283,284,288,289,296]].
[[2,3,5,8,12,17,19,23,32,38,39,47,49,50,54,71,74,76,78,83,86,91,92,95,98,108,116,120,128,131,133,135,140,141,144,153,158,163,164,169,170,176,177,180,186,189,193,195,199,201,202,206,210,216,218,220,224,227,234,236,240,246,247,254,258,275,294,297,298,300],[1,7,9,13,14,18,20,22,24,26,29,33,37,40,41,45,46,48,53,55,56,57,59,61,62,63,66,73,75,77,80,81,84,93,94,96,99,102,103,104,111,113,118,119,121,124,125,129,132,136,138,145,146,147,150,154,156,162,165,175,178,182,184,185,191,194,196,197,198,203,205,207,211,212,219,222,223,226,228,229,232,233,237,238,239,241,243,248,249,250,251,257,259,262,264,265,268,270,271,273,274,277,279,281,285,290,291,292,293,299],[6,10,15,16,21,25,27,42,43,51,52,58,60,64,67,79,89,90,97,100,101,107,117,123,126,134,152,155,161,166,168,172,174,179,183,187,214,215,217,235,242,245,255,260,263,266,269,286,287,295]].
[[2,3,5,8,12,17,19,23,32,38,39,47,49,50,54,71,74,76,78,83,86,91,92,95,98,108,116,120,128,131,133,135,140,141,144,153,158,163,164,169,170,176,177,180,186,189,193,195,199,201,202,206,210,216,218,220,224,227,234,236,240,246,247,254,258,275,294,297,298,300],[1,7,9,13,14,18,20,22,24,26,29,33,37,40,41,45,46,48,53,55,56,57,59,61,62,63,66,73,75,77,80,81,84,93,94,96,99,102,103,104,111,113,118,119,121,124,125,129,132,136,138,145,146,147,150,154,156,162,165,175,178,182,184,185,191,194,196,197,198,203,205,207,211,212,219,222,223,226,228,229,232,233,237,238,239,241,243,248,249,250,251,257,259,262,264,265,268,270,271,273,274,277,279,281,285,290,291,292,293,299],[6,10,15,16,21,25,27,42,43,51,52,58,60,64,67,79,89,90,97,100,101,107,117,123,126,134,152,155,161,166,168,172,174,179,183,187,214,215,217,235,242,245,255,260,263,266,269,286,287,295]].
[[4,11,28,30,31,34,35,36,44,65,68,69,70,72,82,85,87,88,105,106,109,110,112,114,115,122,127,130,137,139,142,143,148,149,151,157,159,160,167,171,173,181,188,190,192,200,204,208,209,213,221,225,230,231,244,252,253,256,261,267,272,276,278,280,282,283,284,288,289,296],[6,10,15,16,21,25,27,42,43,51,52,58,60,64,67,79,89,90,97,100,101,107,117,123,126,134,152,155,161,166,168,172,174,179,183,187,214,215,217,235,242,245,255,260,263,266,269,286,287,295],[1,7,9,13,14,18,20,22,24,26,29,33,37,40,41,45,46,48,53,55,56,57,59,61,62,63,66,73,75,77,80,81,84,93,94,96,99,102,103,104,111,113,118,119,121,124,125,129,132,136,138,145,146,147,150,154,156,162,165,175,178,182,184,185,191,194,196,197,198,203,205,207,211,212,219,222,223,226,228,229,232,233,237,238,239,241,243,248,249,250,251,257,259,262,264,265,268,270,271,273,274,277,279,281,285,290,291,292,293,299]].
[[1,7,9,13,14,18,20,22,24,26,29,33,37,40,41,45,46,48,53,55,56,57,59,61,62,63,66,73,75,77,80,81,84,93,94,96,99,102,103,104,111,113,118,119,121,124,125,129,132,136,138,145,146,147,150,154,156,162,165,175,178,182,184,185,191,194,196,197,198,203,205,207,211,212,219,222,223,226,228,229,232,233,237,238,239,241,243,248,249,250,251,257,259,262,264,265,268,270,271,273,274,277,279,281,285,290,291,292,293,299],[2,3,5,8,12,17,19,23,32,38,39,47,49,50,54,71,74,76,78,83,86,91,92,95,98,108,116,120,128,131,133,135,140,141,144,153,158,163,164,169,170,176,177,180,186,189,193,195,199,201,202,206,210,216,218,220,224,227,234,236,240,246,247,254,258,275,294,297,298,300],[4,11,28,30,31,34,35,36,44,65,68,69,70,72,82,85,87,88,105,106,109,110,112,114,115,122,127,130,137,139,142,143,148,149,151,157,159,160,167,171,173,181,188,190,192,200,204,208,209,213,221,225,230,231,244,252,253,256,261,267,272,276,278,280,282,283,284,288,289,296]].
[[4,11,28,30,31,34,35,36,44,65,68,69,70,72,82,85,87,88,105,106,109,110,112,114,115,122,127,130,137,139,142,143,148,149,151,157,159,160,167,171,173,181,188,190,192,200,204,208,209,213,221,225,230,231,244,252,253,256,261,267,272,276,278,280,282,283,284,288,289,296],[6,10,15,16,21,25,27,42,43,51,52,58,60,64,67,79,89,90,97,100,101,107,117,123,126,134,152,155,161,166,168,172,174,179,183,187,214,215,217,235,242,245,255,260,263,266,269,286,287,295],[1,7,9,13,14,18,20,22,24,26,29,33,37,40,41,45,46,48,53,55,56,57,59,61,62,63,66,73,75,77,80,81,84,93,94,96,99,102,103,104,111,113,118,119,121,124,125,129,132,136,138,145,146,147,150,154,156,162,165,175,178,182,184,185,191,194,196,197,198,203,205,207,211,212,219,222,223,226,228,229,232,233,237,238,239,241,243,248,249,250,251,257,259,262,264,265,268,270,271,273,274,277,279,281,285,290,291,292,293,299]].
[[4,11,28,30,31,34,35,36,44,65,68,69,70,72,82,85,87,88,105,106,109,110,112,114,115,122,127,130,137,139,142,143,148,149,151,157,159,160,167,171,173,181,188,190,192,200,204,208,209,213,221,225,230,231,244,252,253,256,261,267,272,276,278,280,282,283,284,288,289,296],[6,10,15,16,21,25,27,42,43,51,52,58,60,64,67,79,89,90,97,100,101,107,117,123,126,134,152,155,161,166,168,172,174,179,183,187,214,215,217,235,242,245,255,260,263,266,269,286,287,295],[1,7,9,13,14,18,20,22,24,26,29,33,37,40,41,45,46,48,53,55,56,57,59,61,62,63,66,73,75,77,80,81,84,93,94,96,99,102,103,104,111,113,118,119,121,124,125,129,132,136,138,145,146,147,150,154,156,162,165,175,178,182,184,185,191,194,196,197,198,203,205,207,211,212,219,222,223,226,228,229,232,233,237,238,239,241,243,248,249,250,251,257,259,262,264,265,268,270,271,273,274,277,279,281,285,290,291,292,293,299]].
[[1,7,9,13,14,18,20,22,24,26,29,33,37,40,41,45,46,48,53,55,56,57,59,61,62,63,66,73,75,77,80,81,84,93,94,96,99,102,103,104,111,113,118,119,121,124,125,129,132,136,138,145,146,147,150,154,156,162,165,175,178,182,184,185,191,194,196,197,198,203,205,207,211,212,219,222,223,226,228,229,232,233,237,238,239,241,243,248,249,250,251,257,259,262,264,265,268,270,271,273,274,277,279,281,285,290,291,292,293,299],[2,3,5,8,12,17,19,23,32,38,39,47,49,50,54,71,74,76,78,83,86,91,92,95,98,108,116,120,128,131,133,135,140,141,144,153,158,163,164,169,170,176,177,180,186,189,193,195,199,201,202,206,210,216,218,220,224,227,234,236,240,246,247,254,258,275,294,297,298,300],[4,11,28,30,31,34,35,36,44,65,68,69,70,72,82,85,87,88,105,106,109,110,112,114,115,122,127,130,137,139,142,143,148,149,151,157,159,160,167,171,173,181,188,190,192,200,204,208,209,213,221,225,230,231,244,252,253,256,261,267,272,276,278,280,282,283,284,288,289,296]].
[[4,11,28,30,31,34,35,36,44,65,68,69,70,72,82,85,87,88,105,106,109,110,112,114,115,122,127,130,137,139,142,143,148,149,151,157,159,160,167,171,173,181,188,190,192,200,204,208,209,213,221,225,230,231,244,252,253,256,261,267,272,276,278,280,282,283,284,288,289,296],[6,10,15,16,21,25,27,42,43,51,52,58,60,64,67,79,89,90,97,100,101,107,117,123,126,134,152,155,161,166,168,172,174,179,183,187,214,215,217,235,242,245,255,260,263,266,269,286,287,295],[1,7,9,13,14,18,20,22,24,26,29,33,37,40,41,45,46,48,53,55,56,57,59,61,62,63,66,73,75,77,80,81,84,93,94,96,99,102,103,104,111,113,118,119,121,124,125,129,132,136,138,145,146,147,150,154,156,162,165,175,178,182,184,185,191,194,196,197,198,203,205,207,211,212,219,222,223,226,228,229,232,233,237,238,239,241,243,248,249,250,251,257,259,262,264,265,268,270,271,273,274,277,279,281,285,290,291,292,293,299]].
[[4,11,28,30,31,34,35,36,44,65,68,69,70,72,82,85,87,88,105,106,109,110,112,114,115,122,127,130,137,139,142,143,148,149,151,157,159,160,167,171,173,181,188,190,192,200,204,208,209,213,221,225,230,231,244,252,253,256,261,267,272,276,278,280,282,283,284,288,289,296],[6,10,15,16,21,25,27,42,43,51,52,58,60,64,67,79,89,90,97,100,101,107,117,123,126,134,152,155,161,166,168,172,174,179,183,187,214,215,217,235,242,245,255,260,263,266,269,286,287,295],[1,7,9,13,14,18,20,22,24,26,29,33,37,40,41,45,46,48,53,55,56,57,59,61,62,63,66,73,75,77,80,81,84,93,94,96,99,102,103,104,111,113,118,119,121,124,125,129,132,136,138,145,146,147,150,154,156,162,165,175,178,182,184,185,191,194,196,197,198,203,205,207,211,212,219,222,223,226,228,229,232,233,237,238,239,241,243,248,249,250,251,257,259,262,264,265,268,270,271,273,274,277,279,281,285,290,291,292,293,299]].
[[1,7,9,13,14,18,20,22,24,26,29,33,37,40,41,45,46,48,53,55,56,57,59,61,62,63,66,73,75,77,80,81,84,93,94,96,99,102,103,104,111,113,118,119,121,124,125,129,132,136,138,145,146,147,150,154,156,162,165,175,178,182,184,185,191,194,196,197,198,203,205,207,211,212,219,222,223,226,228,229,232,233,237,238,239,241,243,248,249,250,251,257,259,262,264,265,268,270,271,273,274,277,279,281,285,290,291,292,293,299],[2,3,5,8,12,17,19,23,32,38,39,47,49,50,54,71,74,76,78,83,86,91,92,95,98,108,116,120,128,131,133,135,140,141,144,153,158,163,164,169,170,176,177,180,186,189,193,195,199,201,202,206,210,216,218,220,224,227,234,236,240,246,247,254,258,275,294,297,298,300],[4,11,28,30,31,34,35,36,44,65,68,69,70,72,82,85,87,88,105,106,109,110,112,114,115,122,127,130,137,139,142,143,148,149,151,157,159,160,167,171,173,181,188,190,192,200,204,208,209,213,221,225,230,231,244,252,253,256,261,267,272,276,278,280,282,283,284,288,289,296]].
