[[3,20,25,35,70,71,74,80,82,84,103,104,108,110,123,130,135,144,161,162,165,171,174,178,183,186,190,192,193,196,198,200,209,212,219,225,230,231,246,252,265,269,270,276,277,281,283,285,289,292,297],[1,4,9,11,18,21,23,34,36,39,40,41,44,51,54,55,57,58,61,64,68,72,77,79,92,94,101,107,113,127,131,146,153,157,159,168,170,173,177,195,197,202,203,207,208,211,213,214,215,226,227,229,232,236,237,238,239,241,249,250,256,260,262,282,287,290,293,296,298],[5,7,13,16,26,28,29,30,31,32,38,42,43,49,50,52,59,62,65,67,73,76,78,83,88,102,111,115,119,120,122,128,129,132,136,139,142,143,148,152,163,164,176,180,181,182,189,204,216,217,220,223,228,235,244,248,251,255,257,258,267,268,272,273,284,288,291,295,300]].
[[5,7,13,16,26,28,29,30,31,32,38,42,43,49,50,52,59,62,65,67,73,76,78,83,88,102,111,115,119,120,122,128,129,132,136,139,142,143,148,152,163,164,176,180,181,182,189,204,216,217,220,223,228,235,244,248,251,255,257,258,267,268,272,273,284,288,291,295,300],[2,6,8,10,12,14,15,17,19,22,24,27,33,37,45,46,47,48,53,56,60,63,66,69,75,81,85,86,87,89,90,91,93,95,96,97,98,99,100,105,106,109,112,114,116,117,118,121,124,125,126,133,134,137,138,140,141,145,147,149,150,151,154,155,156,158,160,166,167,169,172,175,179,184,185,187,188,191,194,199,201,205,206,210,218,221,222,224,233,234,240,242,243,245,247,253,254,259,261,263,264,266,271,274,275,278,279,280,286,294,299],[3,20,25,35,70,71,74,80,82,84,103,104,108,110,123,130,135,144,161,162,165,171,174,178,183,186,190,192,193,196,198,200,209,212,219,225,230,231,246,252,265,269,270,276,277,281,283,285,289,292,297]].
[[5,7,13,16,26,28,29,30,31,32,38,42,43,49,50,52,59,62,65,67,73,76,78,83,88,102,111,115,119,120,122,128,129,132,136,139,142,143,148,152,163,164,176,180,181,182,189,204,216,217,220,223,228,235,244,248,251,255,257,258,267,268,272,273,284,288,291,295,300],[2,6,8,10,12,14,15,17,19,22,24,27,33,37,45,46,47,48,53,56,60,63,66,69,75,81,85,86,87,89,90,91,93,95,96,97,98,99,100,105,106,109,112,114,116,117,118,121,124,125,126,133,134,137,138,140,141,145,147,149,150,151,154,155,156,158,160,166,167,169,172,175,179,184,185,187,188,191,194,199,201,205,206,210,218,221,222,224,233,234,240,242,243,245,247,253,254,259,261,263,264,266,271,274,275,278,279,280,286,294,299],[3,20,25,35,70,71,74,80,82,84,103,104,108,110,123,130,135,144,161,162,165,171,174,178,183,186,190,192,193,196,198,200,209,212,219,225,230,231,246,252,265,269,270,276,277,281,283,285,289,292,297]].
[[1,4,9,11,18,21,23,34,36,39,40,41,44,51,54,55,57,58,61,64,68,72,77,79,92,94,101,107,113,127,131,146,153,157,159,168,170,173,177,195,197,202,203,207,208,211,213,214,215,226,227,229,232,236,237,238,239,241,249,250,256,260,262,282,287,290,293,296,298],[3,20,25,35,70,71,74,80,82,84,103,104,108,110,123,130,135,144,161,162,165,171,174,178,183,186,190,192,193,196,198,200,209,212,219,225,230,231,246,252,265,269,270,276,277,281,283,285,289,292,297],[2,6,8,10,12,14,15,17,19,22,24,27,33,37,45,46,47,48,53,56,60,63,66,69,75,81,85,86,87,89,90,91,93,95,96,97,98,99,100,105,106,109,112,114,116,117,118,121,124,125,126,133,134,137,138,140,141,145,147,149,150,151,154,155,156,158,160,166,167,169,172,175,179,184,185,187,188,191,194,199,201,205,206,210,218,221,222,224,233,234,240,242,243,245,247,253,254,259,261,263,264,266,271,274,275,278,279,280,286,294,299]].
[[3,20,25,35,70,71,74,80,82,84,103,104,108,110,123,130,135,144,161,162,165,171,174,178,183,186,190,192,193,196,198,200,209,212,219,225,230,231,246,252,265,269,270,276,277,281,283,285,289,292,297],[1,4,9,11,18,21,23,34,36,39,40,41,44,51,54,55,57,58,61,64,68,72,77,79,92,94,101,107,113,127,131,146,153,157,159,168,170,173,177,195,197,202,203,207,208,211,213,214,215,226,227,229,232,236,237,238,239,241,249,250,256,260,262,282,287,290,293,296,298],[5,7,13,16,26,28,29,30,31,32,38,42,43,49,50,52,59,62,65,67,73,76,78,83,88,102,111,115,119,120,122,128,129,132,136,139,142,143,148,152,163,164,176,180,181,182,189,204,216,217,220,223,228,235,244,248,251,255,257,258,267,268,272,273,284,288,291,295,300]].
[[2,6,8,10,12,14,15,17,19,22,24,27,33,37,45,46,47,48,53,56,60,63,66,69,75,81,85,86,87,89,90,91,93,95,96,97,98,99,100,105,106,109,112,114,116,117,118,121,124,125,126,133,134,137,138,140,141,145,147,149,150,151,154,155,156,158,160,166,167,169,172,175,179,184,185,187,188,191,194,199,201,205,206,210,218,221,222,224,233,234,240,242,243,245,247,253,254,259,261,263,264,266,271,274,275,278,279,280,286,294,299],[5,7,13,16,26,28,29,30,31,32,38,42,43,49,50,52,59,62,65,67,73,76,78,83,88,102,111,115,119,120,122,128,129,132,136,139,142,143,148,152,163,164,176,180,181,182,189,204,216,217,220,223,228,235,244,248,251,255,257,258,267,268,272,273,284,288,291,295,300],[1,4,9,11,18,21,23,34,36,39,40,41,44,51,54,55,57,58,61,64,68,72,77,79,92,94,101,107,113,127,131,146,153,157,159,168,170,173,177,195,197,202,203,207,208,211,213,214,215,226,227,229,232,236,237,238,239,241,249,250,256,260,262,282,287,290,293,296,298]].
[[2,6,8,10,12,14,15,17,19,22,24,27,33,37,45,46,47,48,53,56,60,63,66,69,75,81,85,86,87,89,90,91,93,95,96,97,98,99,100,105,106,109,112,114,116,117,118,121,124,125,126,133,134,137,138,140,141,145,147,149,150,151,154,155,156,158,160,166,167,169,172,175,179,184,185,187,188,191,194,199,201,205,206,210,218,221,222,224,233,234,240,242,243,245,247,253,254,259,261,263,264,266,271,274,275,278,279,280,286,294,299],[5,7,13,16,26,28,29,30,31,32,38,42,43,49,50,52,59,62,65,67,73,76,78,83,88,102,111,115,119,120,122,128,129,132,136,139,142,143,148,152,163,164,176,180,181,182,189,204,216,217,220,223,228,235,244,248,251,255,257,258,267,268,272,273,284,288,291,295,300],[1,4,9,11,18,21,23,34,36,39,40,41,44,51,54,55,57,58,61,64,68,72,77,79,92,94,101,107,113,127,131,146,153,157,159,168,170,173,177,195,197,202,203,207,208,211,213,214,215,226,227,229,232,236,237,238,239,241,249,250,256,260,262,282,287,290,293,296,298]].
[[5,7,13,16,26,28,29,30,31,32,38,42,43,49,50,52,59,62,65,67,73,76,78,83,88,102,111,115,119,120,122,128,129,132,136,139,142,143,148,152,163,164,176,180,181,182,189,204,216,217,220,223,228,235,244,248,251,255,257,258,267,268,272,273,284,288,291,295,300],[2,6,8,10,12,14,15,17,19,22,24,27,33,37,45,46,47,48,53,56,60,63,66,69,75,81,85,86,87,89,90,91,93,95,96,97,98,99,100,105,106,109,112,114,116,117,118,121,124,125,126,133,134,137,138,140,141,145,147,149,150,151,154,155,156,158,160,166,167,169,172,175,179,184,185,187,188,191,194,199,201,205,206,210,218,221,222,224,233,234,240,242,243,245,247,253,254,259,261,263,264,266,271,274,275,278,279,280,286,294,299],[3,20,25,35,70,71,74,80,82,84,103,104,108,110,123,130,135,144,161,162,165,171,174,178,183,186,190,192,193,196,198,200,209,212,219,225,230,231,246,252,265,269,270,276,277,281,283,285,289,292,297]].
[[5,7,13,16,26,28,29,30,31,32,38,42,43,49,50,52,59,62,65,67,73,76,78,83,88,102,111,115,119,120,122,128,129,132,136,139,142,143,148,152,163,164,176,180,181,182,189,204,216,217,220,223,228,235,244,248,251,255,257,258,267,268,272,273,284,288,291,295,300],[2,6,8,10,12,14,15,17,19,22,24,27,33,37,45,46,47,48,53,56,60,63,66,69,75,81,85,86,87,89,90,91,93,95,96,97,98,99,100,105,106,109,112,114,116,117,118,121,124,125,126,133,134,137,138,140,141,145,147,149,150,151,154,155,156,158,160,166,167,169,172,175,179,184,185,187,188,191,194,199,201,205,206,210,218,221,222,224,233,234,240,242,243,245,247,253,254,259,261,263,264,266,271,274,275,278,279,280,286,294,299],[3,20,25,35,70,71,74,80,82,84,103,104,108,110,123,130,135,144,161,162,165,171,174,178,183,186,190,192,193,196,198,200,209,212,219,225,230,231,246,252,265,269,270,276,277,281,283,285,289,292,297]].
[[1,4,9,11,18,21,23,34,36,39,40,41,44,51,54,55,57,58,61,64,68,72,77,79,92,94,101,107,113,127,131,146,153,157,159,168,170,173,177,195,197,202,203,207,208,211,213,214,215,226,227,229,232,236,237,238,239,241,249,250,256,260,262,282,287,290,293,296,298],[3,20,25,35,70,71,74,80,82,84,103,104,108,110,123,130,135,144,161,162,165,171,174,178,183,186,190,192,193,196,198,200,209,212,219,225,230,231,246,252,265,269,270,276,277,281,283,285,289,292,297],[2,6,8,10,12,14,15,17,19,22,24,27,33,37,45,46,47,48,53,56,60,63,66,69,75,81,85,86,87,89,90,91,93,95,96,97,98,99,100,105,106,109,112,114,116,117,118,121,124,125,126,133,134,137,138,140,141,145,147,149,150,151,154,155,156,158,160,166,167,169,172,175,179,184,185,187,188,191,194,199,201,205,206,210,218,221,222,224,233,234,240,242,243,245,247,253,254,259,261,263,264,266,271,274,275,278,279,280,286,294,299]].
[[1,4,9,11,18,21,23,34,36,39,40,41,44,51,54,55,57,58,61,64,68,72,77,79,92,94,101,107,113,127,131,146,153,157,159,168,170,173,177,195,197,202,203,207,208,211,213,214,215,226,227,229,232,236,237,238,239,241,249,250,256,260,262,282,287,290,293,296,298],[3,20,25,35,70,71,74,80,82,84,103,104,108,110,123,130,135,144,161,162,165,171,174,178,183,186,190,192,193,196,198,200,209,212,219,225,230,231,246,252,265,269,270,276,277,281,283,285,289,292,297],[2,6,8,10,12,14,15,17,19,22,24,27,33,37,45,46,47,48,53,56,60,63,66,69,75,81,85,86,87,89,90,91,93,95,96,97,98,99,100,105,106,109,112,114,116,117,118,121,124,125,126,133,134,137,138,140,141,145,147,149,150,151,154,155,156,158,160,166,167,169,172,175,179,184,185,187,188,191,194,199,201,205,206,210,218,221,222,224,233,234,240,242,243,245,247,253,254,259,261,263,264,266,271,274,275,278,279,280,286,294,299]].
[[1,4,9,11,18,21,23,34,36,39,40,41,44,51,54,55,57,58,61,64,68,72,77,79,92,94,101,107,113,127,131,146,153,157,159,168,170,173,177,195,197,202,203,207,208,211,213,214,215,226,227,229,232,236,237,238,239,241,249,250,256,260,262,282,287,290,293,296,298],[3,20,25,35,70,71,74,80,82,84,103,104,108,110,123,130,135,144,161,162,165,171,174,178,183,186,190,192,193,196,198,200,209,212,219,225,230,231,246,252,265,269,270,276,277,281,283,285,289,292,297],[2,6,8,10,12,14,15,17,19,22,24,27,33,37,45,46,47,48,53,56,60,63,66,69,75,81,85,86,87,89,90,91,93,95,96,97,98,99,100,105,106,109,112,114,116,117,118,121,124,125,126,133,134,137,138,140,141,145,147,149,150,151,154,155,156,158,160,166,167,169,172,175,179,184,185,187,188,191,194,199,201,205,206,210,218,221,222,224,233,234,240,242,243,245,247,253,254,259,261,263,264,266,271,274,275,278,279,280,286,294,299]].
[[1,4,9,11,18,21,23,34,36,39,40,41,44,51,54,55,57,58,61,64,68,72,77,79,92,94,101,107,113,127,131,146,153,157,159,168,170,173,177,195,197,202,203,207,208,211,213,214,215,226,227,229,232,236,237,238,239,241,249,250,256,260,262,282,287,290,293,296,298],[3,20,25,35,70,71,74,80,82,84,103,104,108,110,123,130,135,144,161,162,165,171,174,178,183,186,190,192,193,196,198,200,209,212,219,225,230,231,246,252,265,269,270,276,277,281,283,285,289,292,297],[2,6,8,10,12,14,15,17,19,22,24,27,33,37,45,46,47,48,53,56,60,63,66,69,75,81,85,86,87,89,90,91,93,95,96,97,98,99,100,105,106,109,112,114,116,117,118,121,124,125,126,133,134,137,138,140,141,145,147,149,150,151,154,155,156,158,160,166,167,169,172,175,179,184,185,187,188,191,194,199,201,205,206,210,218,221,222,224,233,234,240,242,243,245,247,253,254,259,261,263,264,266,271,274,275,278,279,280,286,294,299]].
[[1,4,9,11,18,21,23,34,36,39,40,41,44,51,54,55,57,58,61,64,68,72,77,79,92,94,101,107,113,127,131,146,153,157,159,168,170,173,177,195,197,202,203,207,208,211,213,214,215,226,227,229,232,236,237,238,239,241,249,250,256,260,262,282,287,290,293,296,298],[3,20,25,35,70,71,74,80,82,84,103,104,108,110,123,130,135,144,161,162,165,171,174,178,183,186,190,192,193,196,198,200,209,212,219,225,230,231,246,252,265,269,270,276,277,281,283,285,289,292,297],[2,6,8,10,12,14,15,17,19,22,24,27,33,37,45,46,47,48,53,56,60,63,66,69,75,81,85,86,87,89,90,91,93,95,96,97,98,99,100,105,106,109,112,114,116,117,118,121,124,125,126,133,134,137,138,140,141,145,147,149,150,151,154,155,156,158,160,166,167,169,172,175,179,184,185,187,188,191,194,199,201,205,206,210,218,221,222,224,233,234,240,242,243,245,247,253,254,259,261,263,264,266,271,274,275,278,279,280,286,294,299]].
[[2,6,8,10,12,14,15,17,19,22,24,27,33,37,45,46,47,48,53,56,60,63,66,69,75,81,85,86,87,89,90,91,93,95,96,97,98,99,100,105,106,109,112,114,116,117,118,121,124,125,126,133,134,137,138,140,141,145,147,149,150,151,154,155,156,158,160,166,167,169,172,175,179,184,185,187,188,191,194,199,201,205,206,210,218,221,222,224,233,234,240,242,243,245,247,253,254,259,261,263,264,266,271,274,275,278,279,280,286,294,299],[5,7,13,16,26,28,29,30,31,32,38,42,43,49,50,52,59,62,65,67,73,76,78,83,88,102,111,115,119,120,122,128,129,132,136,139,142,143,148,152,163,164,176,180,181,182,189,204,216,217,220,223,228,235,244,248,251,255,257,258,267,268,272,273,284,288,291,295,300],[1,4,9,11,18,21,23,34,36,39,40,41,44,51,54,55,57,58,61,64,68,72,77,79,92,94,101,107,113,127,131,146,153,157,159,168,170,173,177,195,197,202,203,207,208,211,213,214,215,226,227,229,232,236,237,238,239,241,249,250,256,260,262,282,287,290,293,296,298]].
[[3,20,25,35,70,71,74,80,82,84,103,104,108,110,123,130,135,144,161,162,165,171,174,178,183,186,190,192,193,196,198,200,209,212,219,225,230,231,246,252,265,269,270,276,277,281,283,285,289,292,297],[1,4,9,11,18,21,23,34,36,39,40,41,44,51,54,55,57,58,61,64,68,72,77,79,92,94,101,107,113,127,131,146,153,157,159,168,170,173,177,195,197,202,203,207,208,211,213,214,215,226,227,229,232,236,237,238,239,241,249,250,256,260,262,282,287,290,293,296,298],[5,7,13,16,26,28,29,30,31,32,38,42,43,49,50,52,59,62,65,67,73,76,78,83,88,102,111,115,119,120,122,128,129,132,136,139,142,143,148,152,163,164,176,180,181,182,189,204,216,217,220,223,228,235,244,248,251,255,257,258,267,268,272,273,284,288,291,295,300]].
[[2,6,8,10,12,14,15,17,19,22,24,27,33,37,45,46,47,48,53,56,60,63,66,69,75,81,85,86,87,89,90,91,93,95,96,97,98,99,100,105,106,109,112,114,116,117,118,121,124,125,126,133,134,137,138,140,141,145,147,149,150,151,154,155,156,158,160,166,167,169,172,175,179,184,185,187,188,191,194,199,201,205,206,210,218,221,222,224,233,234,240,242,243,245,247,253,254,259,261,263,264,266,271,274,275,278,279,280,286,294,299],[5,7,13,16,26,28,29,30,31,32,38,42,43,49,50,52,59,62,65,67,73,76,78,83,88,102,111,115,119,120,122,128,129,132,136,139,142,143,148,152,163,164,176,180,181,182,189,204,216,217,220,223,228,235,244,248,251,255,257,258,267,268,272,273,284,288,291,295,300],[1,4,9,11,18,21,23,34,36,39,40,41,44,51,54,55,57,58,61,64,68,72,77,79,92,94,101,107,113,127,131,146,153,157,159,168,170,173,177,195,197,202,203,207,208,211,213,214,215,226,227,229,232,236,237,238,239,241,249,250,256,260,262,282,287,290,293,296,298]].
[[2,6,8,10,12,14,15,17,19,22,24,27,33,37,45,46,47,48,53,56,60,63,66,69,75,81,85,86,87,89,90,91,93,95,96,97,98,99,100,105,106,109,112,114,116,117,118,121,124,125,126,133,134,137,138,140,141,145,147,149,150,151,154,155,156,158,160,166,167,169,172,175,179,184,185,187,188,191,194,199,201,205,206,210,218,221,222,224,233,234,240,242,243,245,247,253,254,259,261,263,264,266,271,274,275,278,279,280,286,294,299],[5,7,13,16,26,28,29,30,31,32,38,42,43,49,50,52,59,62,65,67,73,76,78,83,88,102,111,115,119,120,122,128,129,132,136,139,142,143,148,152,163,164,176,180,181,182,189,204,216,217,220,223,228,235,244,248,251,255,257,258,267,268,272,273,284,288,291,295,300],[1,4,9,11,18,21,23,34,36,39,40,41,44,51,54,55,57,58,61,64,68,72,77,79,92,94,101,107,113,127,131,146,153,157,159,168,170,173,177,195,197,202,203,207,208,211,213,214,215,226,227,229,232,236,237,238,239,241,249,250,256,260,262,282,287,290,293,296,298]].
[[1,4,9,11,18,21,23,34,36,39,40,41,44,51,54,55,57,58,61,64,68,72,77,79,92,94,101,107,113,127,131,146,153,157,159,168,170,173,177,195,197,202,203,207,208,211,213,214,215,226,227,229,232,236,237,238,239,241,249,250,256,260,262,282,287,290,293,296,298],[3,20,25,35,70,71,74,80,82,84,103,104,108,110,123,130,135,144,161,162,165,171,174,178,183,186,190,192,193,196,198,200,209,212,219,225,230,231,246,252,265,269,270,276,277,281,283,285,289,292,297],[2,6,8,10,12,14,15,17,19,22,24,27,33,37,45,46,47,48,53,56,60,63,66,69,75,81,85,86,87,89,90,91,93,95,96,97,98,99,100,105,106,109,112,114,116,117,118,121,124,125,126,133,134,137,138,140,141,145,147,149,150,151,154,155,156,158,160,166,167,169,172,175,179,184,185,187,188,191,194,199,201,205,206,210,218,221,222,224,233,234,240,242,243,245,247,253,254,259,261,263,264,266,271,274,275,278,279,280,286,294,299]].
[[1,4,9,11,18,21,23,34,36,39,40,41,44,51,54,55,57,58,61,64,68,72,77,79,92,94,101,107,113,127,131,146,153,157,159,168,170,173,177,195,197,202,203,207,208,211,213,214,215,226,227,229,232,236,237,238,239,241,249,250,256,260,262,282,287,290,293,296,298],[3,20,25,35,70,71,74,80,82,84,103,104,108,110,123,130,135,144,161,162,165,171,174,178,183,186,190,192,193,196,198,200,209,212,219,225,230,231,246,252,265,269,270,276,277,281,283,285,289,292,297],[2,6,8,10,12,14,15,17,19,22,24,27,33,37,45,46,47,48,53,56,60,63,66,69,75,81,85,86,87,89,90,91,93,95,96,97,98,99,100,105,106,109,112,114,116,117,118,121,124,125,126,133,134,137,138,140,141,145,147,149,150,151,154,155,156,158,160,166,167,169,172,175,179,184,185,187,188,191,194,199,201,205,206,210,218,221,222,224,233,234,240,242,243,245,247,253,254,259,261,263,264,266,271,274,275,278,279,280,286,294,299]].
[[1,4,9,11,18,21,23,34,36,39,40,41,44,51,54,55,57,58,61,64,68,72,77,79,92,94,101,107,113,127,131,146,153,157,159,168,170,173,177,195,197,202,203,207,208,211,213,214,215,226,227,229,232,236,237,238,239,241,249,250,256,260,262,282,287,290,293,296,298],[3,20,25,35,70,71,74,80,82,84,103,104,108,110,123,130,135,144,161,162,165,171,174,178,183,186,190,192,193,196,198,200,209,212,219,225,230,231,246,252,265,269,270,276,277,281,283,285,289,292,297],[2,6,8,10,12,14,15,17,19,22,24,27,33,37,45,46,47,48,53,56,60,63,66,69,75,81,85,86,87,89,90,91,93,95,96,97,98,99,100,105,106,109,112,114,116,117,118,121,124,125,126,133,134,137,138,140,141,145,147,149,150,151,154,155,156,158,160,166,167,169,172,175,179,184,185,187,188,191,194,199,201,205,206,210,218,221,222,224,233,234,240,242,243,245,247,253,254,259,261,263,264,266,271,274,275,278,279,280,286,294,299]].
[[3,20,25,35,70,71,74,80,82,84,103,104,108,110,123,130,135,144,161,162,165,171,174,178,183,186,190,192,193,196,198,200,209,212,219,225,230,231,246,252,265,269,270,276,277,281,283,285,289,292,297],[1,4,9,11,18,21,23,34,36,39,40,41,44,51,54,55,57,58,61,64,68,72,77,79,92,94,101,107,113,127,131,146,153,157,159,168,170,173,177,195,197,202,203,207,208,211,213,214,215,226,227,229,232,236,237,238,239,241,249,250,256,260,262,282,287,290,293,296,298],[5,7,13,16,26,28,29,30,31,32,38,42,43,49,50,52,59,62,65,67,73,76,78,83,88,102,111,115,119,120,122,128,129,132,136,139,142,143,148,152,163,164,176,180,181,182,189,204,216,217,220,223,228,235,244,248,251,255,257,258,267,268,272,273,284,288,291,295,300]].
[[1,4,9,11,18,21,23,34,36,39,40,41,44,51,54,55,57,58,61,64,68,72,77,79,92,94,101,107,113,127,131,146,153,157,159,168,170,173,177,195,197,202,203,207,208,211,213,214,215,226,227,229,232,236,237,238,239,241,249,250,256,260,262,282,287,290,293,296,298],[3,20,25,35,70,71,74,80,82,84,103,104,108,110,123,130,135,144,161,162,165,171,174,178,183,186,190,192,193,196,198,200,209,212,219,225,230,231,246,252,265,269,270,276,277,281,283,285,289,292,297],[2,6,8,10,12,14,15,17,19,22,24,27,33,37,45,46,47,48,53,56,60,63,66,69,75,81,85,86,87,89,90,91,93,95,96,97,98,99,100,105,106,109,112,114,116,117,118,121,124,125,126,133,134,137,138,140,141,145,147,149,150,151,154,155,156,158,160,166,167,169,172,175,179,184,185,187,188,191,194,199,201,205,206,210,218,221,222,224,233,234,240,242,243,245,247,253,254,259,261,263,264,266,271,274,275,278,279,280,286,294,299]].
[[3,20,25,35,70,71,74,80,82,84,103,104,108,110,123,130,135,144,161,162,165,171,174,178,183,186,190,192,193,196,198,200,209,212,219,225,230,231,246,252,265,269,270,276,277,281,283,285,289,292,297],[1,4,9,11,18,21,23,34,36,39,40,41,44,51,54,55,57,58,61,64,68,72,77,79,92,94,101,107,113,127,131,146,153,157,159,168,170,173,177,195,197,202,203,207,208,211,213,214,215,226,227,229,232,236,237,238,239,241,249,250,256,260,262,282,287,290,293,296,298],[5,7,13,16,26,28,29,30,31,32,38,42,43,49,50,52,59,62,65,67,73,76,78,83,88,102,111,115,119,120,122,128,129,132,136,139,142,143,148,152,163,164,176,180,181,182,189,204,216,217,220,223,228,235,244,248,251,255,257,258,267,268,272,273,284,288,291,295,300]].
[[2,6,8,10,12,14,15,17,19,22,24,27,33,37,45,46,47,48,53,56,60,63,66,69,75,81,85,86,87,89,90,91,93,95,96,97,98,99,100,105,106,109,112,114,116,117,118,121,124,125,126,133,134,137,138,140,141,145,147,149,150,151,154,155,156,158,160,166,167,169,172,175,179,184,185,187,188,191,194,199,201,205,206,210,218,221,222,224,233,234,240,242,243,245,247,253,254,259,261,263,264,266,271,274,275,278,279,280,286,294,299],[5,7,13,16,26,28,29,30,31,32,38,42,43,49,50,52,59,62,65,67,73,76,78,83,88,102,111,115,119,120,122,128,129,132,136,139,142,143,148,152,163,164,176,180,181,182,189,204,216,217,220,223,228,235,244,248,251,255,257,258,267,268,272,273,284,288,291,295,300],[1,4,9,11,18,21,23,34,36,39,40,41,44,51,54,55,57,58,61,64,68,72,77,79,92,94,101,107,113,127,131,146,153,157,159,168,170,173,177,195,197,202,203,207,208,211,213,214,215,226,227,229,232,236,237,238,239,241,249,250,256,260,262,282,287,290,293,296,298]].
[[5,7,13,16,26,28,29,30,31,32,38,42,43,49,50,52,59,62,65,67,73,76,78,83,88,102,111,115,119,120,122,128,129,132,136,139,142,143,148,152,163,164,176,180,181,182,189,204,216,217,220,223,228,235,244,248,251,255,257,258,267,268,272,273,284,288,291,295,300],[2,6,8,10,12,14,15,17,19,22,24,27,33,37,45,46,47,48,53,56,60,63,66,69,75,81,85,86,87,89,90,91,93,95,96,97,98,99,100,105,106,109,112,114,116,117,118,121,124,125,126,133,134,137,138,140,141,145,147,149,150,151,154,155,156,158,160,166,167,169,172,175,179,184,185,187,188,191,194,199,201,205,206,210,218,221,222,224,233,234,240,242,243,245,247,253,254,259,261,263,264,266,271,274,275,278,279,280,286,294,299],[3,20,25,35,70,71,74,80,82,84,103,104,108,110,123,130,135,144,161,162,165,171,174,178,183,186,190,192,193,196,198,200,209,212,219,225,230,231,246,252,265,269,270,276,277,281,283,285,289,292,297]].
[[5,7,13,16,26,28,29,30,31,32,38,42,43,49,50,52,59,62,65,67,73,76,78,83,88,102,111,115,119,120,122,128,129,132,136,139,142,143,148,152,163,164,176,180,181,182,189,204,216,217,220,223,228,235,244,248,251,255,257,258,267,268,272,273,284,288,291,295,300],[2,6,8,10,12,14,15,17,19,22,24,27,33,37,45,46,47,48,53,56,60,63,66,69,75,81,85,86,87,89,90,91,93,95,96,97,98,99,100,105,106,109,112,114,116,117,118,121,124,125,126,133,134,137,138,140,141,145,147,149,150,151,154,155,156,158,160,166,167,169,172,175,179,184,185,187,188,191,194,199,201,205,206,210,218,221,222,224,233,234,240,242,243,245,247,253,254,259,261,263,264,266,271,274,275,278,279,280,286,294,299],[3,20,25,35,70,71,74,80,82,84,103,104,108,110,123,130,135,144,161,162,165,171,174,178,183,186,190,192,193,196,198,200,209,212,219,225,230,231,246,252,265,269,270,276,277,281,283,285,289,292,297]].
[[5,7,13,16,26,28,29,30,31,32,38,42,43,49,50,52,59,62,65,67,73,76,78,83,88,102,111,115,119,120,122,128,129,132,136,139,142,143,148,152,163,164,176,180,181,182,189,204,216,217,220,223,228,235,244,248,251,255,257,258,267,268,272,273,284,288,291,295,300],[2,6,8,10,12,14,15,17,19,22,24,27,33,37,45,46,47,48,53,56,60,63,66,69,75,81,85,86,87,89,90,91,93,95,96,97,98,99,100,105,106,109,112,114,116,117,118,121,124,125,126,133,134,137,138,140,141,145,147,149,150,151,154,155,156,158,160,166,167,169,172,175,179,184,185,187,188,191,194,199,201,205,206,210,218,221,222,224,233,234,240,242,243,245,247,253,254,259,261,263,264,266,271,274,275,278,279,280,286,294,299],[3,20,25,35,70,71,74,80,82,84,103,104,108,110,123,130,135,144,161,162,165,171,174,178,183,186,190,192,193,196,198,200,209,212,219,225,230,231,246,252,265,269,270,276,277,281,283,285,289,292,297]].
[[2,6,8,10,12,14,15,17,19,22,24,27,33,37,45,46,47,48,53,56,60,63,66,69,75,81,85,86,87,89,90,91,93,95,96,97,98,99,100,105,106,109,112,114,116,117,118,121,124,125,126,133,134,137,138,140,141,145,147,149,150,151,154,155,156,158,160,166,167,169,172,175,179,184,185,187,188,191,194,199,201,205,206,210,218,221,222,224,233,234,240,242,243,245,247,253,254,259,261,263,264,266,271,274,275,278,279,280,286,294,299],[5,7,13,16,26,28,29,30,31,32,38,42,43,49,50,52,59,62,65,67,73,76,78,83,88,102,111,115,119,120,122,128,129,132,136,139,142,143,148,152,163,164,176,180,181,182,189,204,216,217,220,223,228,235,244,248,251,255,257,258,267,268,272,273,284,288,291,295,300],[1,4,9,11,18,21,23,34,36,39,40,41,44,51,54,55,57,58,61,64,68,72,77,79,92,94,101,107,113,127,131,146,153,157,159,168,170,173,177,195,197,202,203,207,208,211,213,214,215,226,227,229,232,236,237,238,239,241,249,250,256,260,262,282,287,290,293,296,298]].
[[1,4,9,11,18,21,23,34,36,39,40,41,44,51,54,55,57,58,61,64,68,72,77,79,92,94,101,107,113,127,131,146,153,157,159,168,170,173,177,195,197,202,203,207,208,211,213,214,215,226,227,229,232,236,237,238,239,241,249,250,256,260,262,282,287,290,293,296,298],[3,20,25,35,70,71,74,80,82,84,103,104,108,110,123,130,135,144,161,162,165,171,174,178,183,186,190,192,193,196,198,200,209,212,219,225,230,231,246,252,265,269,270,276,277,281,283,285,289,292,297],[2,6,8,10,12,14,15,17,19,22,24,27,33,37,45,46,47,48,53,56,60,63,66,69,75,81,85,86,87,89,90,91,93,95,96,97,98,99,100,105,106,109,112,114,116,117,118,121,124,125,126,133,134,137,138,140,141,145,147,149,150,151,154,155,156,158,160,166,167,169,172,175,179,184,185,187,188,191,194,199,201,205,206,210,218,221,222,224,233,234,240,242,243,245,247,253,254,259,261,263,264,266,271,274,275,278,279,280,286,294,299]].
[[2,6,8,10,12,14,15,17,19,22,24,27,33,37,45,46,47,48,53,56,60,63,66,69,75,81,85,86,87,89,90,91,93,95,96,97,98,99,100,105,106,109,112,114,116,117,118,121,124,125,126,133,134,137,138,140,141,145,147,149,150,151,154,155,156,158,160,166,167,169,172,175,179,184,185,187,188,191,194,199,201,205,206,210,218,221,222,224,233,234,240,242,243,245,247,253,254,259,261,263,264,266,271,274,275,278,279,280,286,294,299],[5,7,13,16,26,28,29,30,31,32,38,42,43,49,50,52,59,62,65,67,73,76,78,83,88,102,111,115,119,120,122,128,129,132,136,139,142,143,148,152,163,164,176,180,181,182,189,204,216,217,220,223,228,235,244,248,251,255,257,258,267,268,272,273,284,288,291,295,300],[1,4,9,11,18,21,23,34,36,39,40,41,44,51,54,55,57,58,61,64,68,72,77,79,92,94,101,107,113,127,131,146,153,157,159,168,170,173,177,195,197,202,203,207,208,211,213,214,215,226,227,229,232,236,237,238,239,241,249,250,256,260,262,282,287,290,293,296,298]].
[[5,7,13,16,26,28,29,30,31,32,38,42,43,49,50,52,59,62,65,67,73,76,78,83,88,102,111,115,119,120,122,128,129,132,136,139,142,143,148,152,163,164,176,180,181,182,189,204,216,217,220,223,228,235,244,248,251,255,257,258,267,268,272,273,284,288,291,295,300],[2,6,8,10,12,14,15,17,19,22,24,27,33,37,45,46,47,48,53,56,60,63,66,69,75,81,85,86,87,89,90,91,93,95,96,97,98,99,100,105,106,109,112,114,116,117,118,121,124,125,126,133,134,137,138,140,141,145,147,149,150,151,154,155,156,158,160,166,167,169,172,175,179,184,185,187,188,191,194,199,201,205,206,210,218,221,222,224,233,234,240,242,243,245,247,253,254,259,261,263,264,266,271,274,275,278,279,280,286,294,299],[3,20,25,35,70,71,74,80,82,84,103,104,108,110,123,130,135,144,161,162,165,171,174,178,183,186,190,192,193,196,198,200,209,212,219,225,230,231,246,252,265,269,270,276,277,281,283,285,289,292,297]].
[[3,20,25,35,70,71,74,80,82,84,103,104,108,110,123,130,135,144,161,162,165,171,174,178,183,186,190,192,193,196,198,200,209,212,219,225,230,231,246,252,265,269,270,276,277,281,283,285,289,292,297],[1,4,9,11,18,21,23,34,36,39,40,41,44,51,54,55,57,58,61,64,68,72,77,79,92,94,101,107,113,127,131,146,153,157,159,168,170,173,177,195,197,202,203,207,208,211,213,214,215,226,227,229,232,236,237,238,239,241,249,250,256,260,262,282,287,290,293,296,298],[5,7,13,16,26,28,29,30,31,32,38,42,43,49,50,52,59,62,65,67,73,76,78,83,88,102,111,115,119,120,122,128,129,132,136,139,142,143,148,152,163,164,176,180,181,182,189,204,216,217,220,223,228,235,244,248,251,255,257,258,267,268,272,273,284,288,291,295,300]].
[[2,6,8,10,12,14,15,17,19,22,24,27,33,37,45,46,47,48,53,56,60,63,66,69,75,81,85,86,87,89,90,91,93,95,96,97,98,99,100,105,106,109,112,114,116,117,118,121,124,125,126,133,134,137,138,140,141,145,147,149,150,151,154,155,156,158,160,166,167,169,172,175,179,184,185,187,188,191,194,199,201,205,206,210,218,221,222,224,233,234,240,242,243,245,247,253,254,259,261,263,264,266,271,274,275,278,279,280,286,294,299],[5,7,13,16,26,28,29,30,31,32,38,42,43,49,50,52,59,62,65,67,73,76,78,83,88,102,111,115,119,120,122,128,129,132,136,139,142,143,148,152,163,164,176,180,181,182,189,204,216,217,220,223,228,235,244,248,251,255,257,258,267,268,272,273,284,288,291,295,300],[1,4,9,11,18,21,23,34,36,39,40,41,44,51,54,55,57,58,61,64,68,72,77,79,92,94,101,107,113,127,131,146,153,157,159,168,170,173,177,195,197,202,203,207,208,211,213,214,215,226,227,229,232,236,237,238,239,241,249,250,256,260,262,282,287,290,293,296,298]].
[[2,6,8,10,12,14,15,17,19,22,24,27,33,37,45,46,47,48,53,56,60,63,66,69,75,81,85,86,87,89,90,91,93,95,96,97,98,99,100,105,106,109,112,114,116,117,118,121,124,125,126,133,134,137,138,140,141,145,147,149,150,151,154,155,156,158,160,166,167,169,172,175,179,184,185,187,188,191,194,199,201,205,206,210,218,221,222,224,233,234,240,242,243,245,247,253,254,259,261,263,264,266,271,274,275,278,279,280,286,294,299],[5,7,13,16,26,28,29,30,31,32,38,42,43,49,50,52,59,62,65,67,73,76,78,83,88,102,111,115,119,120,122,128,129,132,136,139,142,143,148,152,163,164,176,180,181,182,189,204,216,217,220,223,228,235,244,248,251,255,257,258,267,268,272,273,284,288,291,295,300],[1,4,9,11,18,21,23,34,36,39,40,41,44,51,54,55,57,58,61,64,68,72,77,79,92,94,101,107,113,127,131,146,153,157,159,168,170,173,177,195,197,202,203,207,208,211,213,214,215,226,227,229,232,236,237,238,239,241,249,250,256,260,262,282,287,290,293,296,298]].
[[2,6,8,10,12,14,15,17,19,22,24,27,33,37,45,46,47,48,53,56,60,63,66,69,75,81,85,86,87,89,90,91,93,95,96,97,98,99,100,105,106,109,112,114,116,117,118,121,124,125,126,133,134,137,138,140,141,145,147,149,150,151,154,155,156,158,160,166,167,169,172,175,179,184,185,187,188,191,194,199,201,205,206,210,218,221,222,224,233,234,240,242,243,245,247,253,254,259,261,263,264,266,271,274,275,278,279,280,286,294,299],[5,7,13,16,26,28,29,30,31,32,38,42,43,49,50,52,59,62,65,67,73,76,78,83,88,102,111,115,119,120,122,128,129,132,136,139,142,143,148,152,163,164,176,180,181,182,189,204,216,217,220,223,228,235,244,248,251,255,257,258,267,268,272,273,284,288,291,295,300],[1,4,9,11,18,21,23,34,36,39,40,41,44,51,54,55,57,58,61,64,68,72,77,79,92,94,101,107,113,127,131,146,153,157,159,168,170,173,177,195,197,202,203,207,208,211,213,214,215,226,227,229,232,236,237,238,239,241,249,250,256,260,262,282,287,290,293,296,298]].
[[1,4,9,11,18,21,23,34,36,39,40,41,44,51,54,55,57,58,61,64,68,72,77,79,92,94,101,107,113,127,131,146,153,157,159,168,170,173,177,195,197,202,203,207,208,211,213,214,215,226,227,229,232,236,237,238,239,241,249,250,256,260,262,282,287,290,293,296,298],[3,20,25,35,70,71,74,80,82,84,103,104,108,110,123,130,135,144,161,162,165,171,174,178,183,186,190,192,193,196,198,200,209,212,219,225,230,231,246,252,265,269,270,276,277,281,283,285,289,292,297],[2,6,8,10,12,14,15,17,19,22,24,27,33,37,45,46,47,48,53,56,60,63,66,69,75,81,85,86,87,89,90,91,93,95,96,97,98,99,100,105,106,109,112,114,116,117,118,121,124,125,126,133,134,137,138,140,141,145,147,149,150,151,154,155,156,158,160,166,167,169,172,175,179,184,185,187,188,191,194,199,201,205,206,210,218,221,222,224,233,234,240,242,243,245,247,253,254,259,261,263,264,266,271,274,275,278,279,280,286,294,299]].
[[2,6,8,10,12,14,15,17,19,22,24,27,33,37,45,46,47,48,53,56,60,63,66,69,75,81,85,86,87,89,90,91,93,95,96,97,98,99,100,105,106,109,112,114,116,117,118,121,124,125,126,133,134,137,138,140,141,145,147,149,150,151,154,155,156,158,160,166,167,169,172,175,179,184,185,187,188,191,194,199,201,205,206,210,218,221,222,224,233,234,240,242,243,245,247,253,254,259,261,263,264,266,271,274,275,278,279,280,286,294,299],[5,7,13,16,26,28,29,30,31,32,38,42,43,49,50,52,59,62,65,67,73,76,78,83,88,102,111,115,119,120,122,128,129,132,136,139,142,143,148,152,163,164,176,180,181,182,189,204,216,217,220,223,228,235,244,248,251,255,257,258,267,268,272,273,284,288,291,295,300],[1,4,9,11,18,21,23,34,36,39,40,41,44,51,54,55,57,58,61,64,68,72,77,79,92,94,101,107,113,127,131,146,153,157,159,168,170,173,177,195,197,202,203,207,208,211,213,214,215,226,227,229,232,236,237,238,239,241,249,250,256,260,262,282,287,290,293,296,298]].
[[5,7,13,16,26,28,29,30,31,32,38,42,43,49,50,52,59,62,65,67,73,76,78,83,88,102,111,115,119,120,122,128,129,132,136,139,142,143,148,152,163,164,176,180,181,182,189,204,216,217,220,223,228,235,244,248,251,255,257,258,267,268,272,273,284,288,291,295,300],[2,6,8,10,12,14,15,17,19,22,24,27,33,37,45,46,47,48,53,56,60,63,66,69,75,81,85,86,87,89,90,91,93,95,96,97,98,99,100,105,106,109,112,114,116,117,118,121,124,125,126,133,134,137,138,140,141,145,147,149,150,151,154,155,156,158,160,166,167,169,172,175,179,184,185,187,188,191,194,199,201,205,206,210,218,221,222,224,233,234,240,242,243,245,247,253,254,259,261,263,264,266,271,274,275,278,279,280,286,294,299],[3,20,25,35,70,71,74,80,82,84,103,104,108,110,123,130,135,144,161,162,165,171,174,178,183,186,190,192,193,196,198,200,209,212,219,225,230,231,246,252,265,269,270,276,277,281,283,285,289,292,297]].
[[5,7,13,16,26,28,29,30,31,32,38,42,43,49,50,52,59,62,65,67,73,76,78,83,88,102,111,115,119,120,122,128,129,132,136,139,142,143,148,152,163,164,176,180,181,182,189,204,216,217,220,223,228,235,244,248,251,255,257,258,267,268,272,273,284,288,291,295,300],[2,6,8,10,12,14,15,17,19,22,24,27,33,37,45,46,47,48,53,56,60,63,66,69,75,81,85,86,87,89,90,91,93,95,96,97,98,99,100,105,106,109,112,114,116,117,118,121,124,125,126,133,134,137,138,140,141,145,147,149,150,151,154,155,156,158,160,166,167,169,172,175,179,184,185,187,188,191,194,199,201,205,206,210,218,221,222,224,233,234,240,242,243,245,247,253,254,259,261,263,264,266,271,274,275,278,279,280,286,294,299],[3,20,25,35,70,71,74,80,82,84,103,104,108,110,123,130,135,144,161,162,165,171,174,178,183,186,190,192,193,196,198,200,209,212,219,225,230,231,246,252,265,269,270,276,277,281,283,285,289,292,297]].
[[1,4,9,11,18,21,23,34,36,39,40,41,44,51,54,55,57,58,61,64,68,72,77,79,92,94,101,107,113,127,131,146,153,157,159,168,170,173,177,195,197,202,203,207,208,211,213,214,215,226,227,229,232,236,237,238,239,241,249,250,256,260,262,282,287,290,293,296,298],[3,20,25,35,70,71,74,80,82,84,103,104,108,110,123,130,135,144,161,162,165,171,174,178,183,186,190,192,193,196,198,200,209,212,219,225,230,231,246,252,265,269,270,276,277,281,283,285,289,292,297],[2,6,8,10,12,14,15,17,19,22,24,27,33,37,45,46,47,48,53,56,60,63,66,69,75,81,85,86,87,89,90,91,93,95,96,97,98,99,100,105,106,109,112,114,116,117,118,121,124,125,126,133,134,137,138,140,141,145,147,149,150,151,154,155,156,158,160,166,167,169,172,175,179,184,185,187,188,191,194,199,201,205,206,210,218,221,222,224,233,234,240,242,243,245,247,253,254,259,261,263,264,266,271,274,275,278,279,280,286,294,299]].
[[2,6,8,10,12,14,15,17,19,22,24,27,33,37,45,46,47,48,53,56,60,63,66,69,75,81,85,86,87,89,90,91,93,95,96,97,98,99,100,105,106,109,112,114,116,117,118,121,124,125,126,133,134,137,138,140,141,145,147,149,150,151,154,155,156,158,160,166,167,169,172,175,179,184,185,187,188,191,194,199,201,205,206,210,218,221,222,224,233,234,240,242,243,245,247,253,254,259,261,263,264,266,271,274,275,278,279,280,286,294,299],[5,7,13,16,26,28,29,30,31,32,38,42,43,49,50,52,59,62,65,67,73,76,78,83,88,102,111,115,119,120,122,128,129,132,136,139,142,143,148,152,163,164,176,180,181,182,189,204,216,217,220,223,228,235,244,248,251,255,257,258,267,268,272,273,284,288,291,295,300],[1,4,9,11,18,21,23,34,36,39,40,41,44,51,54,55,57,58,61,64,68,72,77,79,92,94,101,107,113,127,131,146,153,157,159,168,170,173,177,195,197,202,203,207,208,211,213,214,215,226,227,229,232,236,237,238,239,241,249,250,256,260,262,282,287,290,293,296,298]].
[[2,6,8,10,12,14,15,17,19,22,24,27,33,37,45,46,47,48,53,56,60,63,66,69,75,81,85,86,87,89,90,91,93,95,96,97,98,99,100,105,106,109,112,114,116,117,118,121,124,125,126,133,134,137,138,140,141,145,147,149,150,151,154,155,156,158,160,166,167,169,172,175,179,184,185,187,188,191,194,199,201,205,206,210,218,221,222,224,233,234,240,242,243,245,247,253,254,259,261,263,264,266,271,274,275,278,279,280,286,294,299],[5,7,13,16,26,28,29,30,31,32,38,42,43,49,50,52,59,62,65,67,73,76,78,83,88,102,111,115,119,120,122,128,129,132,136,139,142,143,148,152,163,164,176,180,181,182,189,204,216,217,220,223,228,235,244,248,251,255,257,258,267,268,272,273,284,288,291,295,300],[1,4,9,11,18,21,23,34,36,39,40,41,44,51,54,55,57,58,61,64,68,72,77,79,92,94,101,107,113,127,131,146,153,157,159,168,170,173,177,195,197,202,203,207,208,211,213,214,215,226,227,229,232,236,237,238,239,241,249,250,256,260,262,282,287,290,293,296,298]].
[[2,6,8,10,12,14,15,17,19,22,24,27,33,37,45,46,47,48,53,56,60,63,66,69,75,81,85,86,87,89,90,91,93,95,96,97,98,99,100,105,106,109,112,114,116,117,118,121,124,125,126,133,134,137,138,140,141,145,147,149,150,151,154,155,156,158,160,166,167,169,172,175,179,184,185,187,188,191,194,199,201,205,206,210,218,221,222,224,233,234,240,242,243,245,247,253,254,259,261,263,264,266,271,274,275,278,279,280,286,294,299],[5,7,13,16,26,28,29,30,31,32,38,42,43,49,50,52,59,62,65,67,73,76,78,83,88,102,111,115,119,120,122,128,129,132,136,139,142,143,148,152,163,164,176,180,181,182,189,204,216,217,220,223,228,235,244,248,251,255,257,258,267,268,272,273,284,288,291,295,300],[1,4,9,11,18,21,23,34,36,39,40,41,44,51,54,55,57,58,61,64,68,72,77,79,92,94,101,107,113,127,131,146,153,157,159,168,170,173,177,195,197,202,203,207,208,211,213,214,215,226,227,229,232,236,237,238,239,241,249,250,256,260,262,282,287,290,293,296,298]].
[[5,7,13,16,26,28,29,30,31,32,38,42,43,49,50,52,59,62,65,67,73,76,78,83,88,102,111,115,119,120,122,128,129,132,136,139,142,143,148,152,163,164,176,180,181,182,189,204,216,217,220,223,228,235,244,248,251,255,257,258,267,268,272,273,284,288,291,295,300],[2,6,8,10,12,14,15,17,19,22,24,27,33,37,45,46,47,48,53,56,60,63,66,69,75,81,85,86,87,89,90,91,93,95,96,97,98,99,100,105,106,109,112,114,116,117,118,121,124,125,126,133,134,137,138,140,141,145,147,149,150,151,154,155,156,158,160,166,167,169,172,175,179,184,185,187,188,191,194,199,201,205,206,210,218,221,222,224,233,234,240,242,243,245,247,253,254,259,261,263,264,266,271,274,275,278,279,280,286,294,299],[3,20,25,35,70,71,74,80,82,84,103,104,108,110,123,130,135,144,161,162,165,171,174,178,183,186,190,192,193,196,198,200,209,212,219,225,230,231,246,252,265,269,270,276,277,281,283,285,289,292,297]].
[[1,4,9,11,18,21,23,34,36,39,40,41,44,51,54,55,57,58,61,64,68,72,77,79,92,94,101,107,113,127,131,146,153,157,159,168,170,173,177,195,197,202,203,207,208,211,213,214,215,226,227,229,232,236,237,238,239,241,249,250,256,260,262,282,287,290,293,296,298],[3,20,25,35,70,71,74,80,82,84,103,104,108,110,123,130,135,144,161,162,165,171,174,178,183,186,190,192,193,196,198,200,209,212,219,225,230,231,246,252,265,269,270,276,277,281,283,285,289,292,297],[2,6,8,10,12,14,15,17,19,22,24,27,33,37,45,46,47,48,53,56,60,63,66,69,75,81,85,86,87,89,90,91,93,95,96,97,98,99,100,105,106,109,112,114,116,117,118,121,124,125,126,133,134,137,138,140,141,145,147,149,150,151,154,155,156,158,160,166,167,169,172,175,179,184,185,187,188,191,194,199,201,205,206,210,218,221,222,224,233,234,240,242,243,245,247,253,254,259,261,263,264,266,271,274,275,278,279,280,286,294,299]].
[[1,4,9,11,18,21,23,34,36,39,40,41,44,51,54,55,57,58,61,64,68,72,77,79,92,94,101,107,113,127,131,146,153,157,159,168,170,173,177,195,197,202,203,207,208,211,213,214,215,226,227,229,232,236,237,238,239,241,249,250,256,260,262,282,287,290,293,296,298],[3,20,25,35,70,71,74,80,82,84,103,104,108,110,123,130,135,144,161,162,165,171,174,178,183,186,190,192,193,196,198,200,209,212,219,225,230,231,246,252,265,269,270,276,277,281,283,285,289,292,297],[2,6,8,10,12,14,15,17,19,22,24,27,33,37,45,46,47,48,53,56,60,63,66,69,75,81,85,86,87,89,90,91,93,95,96,97,98,99,100,105,106,109,112,114,116,117,118,121,124,125,126,133,134,137,138,140,141,145,147,149,150,151,154,155,156,158,160,166,167,169,172,175,179,184,185,187,188,191,194,199,201,205,206,210,218,221,222,224,233,234,240,242,243,245,247,253,254,259,261,263,264,266,271,274,275,278,279,280,286,294,299]].
