[[6,8,42,44,46,51,69,75,76,77,82,85,92,98,99,106,109,124,139,150,154,170,174,195,204,208,210,212,215,220,221,223,234,236,243,254,256,272,274,278,288,294,296],[3,7,9,10,14,19,24,25,27,29,31,32,34,47,54,59,62,78,81,84,89,91,93,100,103,107,108,114,117,127,134,137,141,151,153,155,161,166,169,175,183,190,192,198,200,203,205,207,213,214,216,217,225,226,229,231,232,233,235,237,246,248,249,253,255,258,259,261,263,265,267,273,276,290,295,297,299],[1,2,5,11,17,18,20,22,26,28,30,39,43,48,49,55,56,58,60,63,64,65,71,72,73,74,79,87,90,94,96,105,110,113,120,121,122,123,132,140,147,149,158,164,167,168,172,176,177,179,186,187,189,191,193,194,201,206,209,211,222,224,228,239,240,241,242,245,247,266,271,284,286,287,291,293,298]].
[[6,8,42,44,46,51,69,75,76,77,82,85,92,98,99,106,109,124,139,150,154,170,174,195,204,208,210,212,215,220,221,223,234,236,243,254,256,272,274,278,288,294,296],[3,7,9,10,14,19,24,25,27,29,31,32,34,47,54,59,62,78,81,84,89,91,93,100,103,107,108,114,117,127,134,137,141,151,153,155,161,166,169,175,183,190,192,198,200,203,205,207,213,214,216,217,225,226,229,231,232,233,235,237,246,248,249,253,255,258,259,261,263,265,267,273,276,290,295,297,299],[1,2,5,11,17,18,20,22,26,28,30,39,43,48,49,55,56,58,60,63,64,65,71,72,73,74,79,87,90,94,96,105,110,113,120,121,122,123,132,140,147,149,158,164,167,168,172,176,177,179,186,187,189,191,193,194,201,206,209,211,222,224,228,239,240,241,242,245,247,266,271,284,286,287,291,293,298]].
[[6,8,42,44,46,51,69,75,76,77,82,85,92,98,99,106,109,124,139,150,154,170,174,195,204,208,210,212,215,220,221,223,234,236,243,254,256,272,274,278,288,294,296],[3,7,9,10,14,19,24,25,27,29,31,32,34,47,54,59,62,78,81,84,89,91,93,100,103,107,108,114,117,127,134,137,141,151,153,155,161,166,169,175,183,190,192,198,200,203,205,207,213,214,216,217,225,226,229,231,232,233,235,237,246,248,249,253,255,258,259,261,263,265,267,273,276,290,295,297,299],[1,2,5,11,17,18,20,22,26,28,30,39,43,48,49,55,56,58,60,63,64,65,71,72,73,74,79,87,90,94,96,105,110,113,120,121,122,123,132,140,147,149,158,164,167,168,172,176,177,179,186,187,189,191,193,194,201,206,209,211,222,224,228,239,240,241,242,245,247,266,271,284,286,287,291,293,298]].
[[1,2,5,11,17,18,20,22,26,28,30,39,43,48,49,55,56,58,60,63,64,65,71,72,73,74,79,87,90,94,96,105,110,113,120,121,122,123,132,140,147,149,158,164,167,168,172,176,177,179,186,187,189,191,193,194,201,206,209,211,222,224,228,239,240,241,242,245,247,266,271,284,286,287,291,293,298],[4,12,13,15,16,21,23,33,35,36,37,38,40,41,45,50,52,53,57,61,66,67,68,70,80,83,86,88,95,97,101,102,104,111,112,115,116,118,119,125,126,128,129,130,131,133,135,136,138,142,143,144,145,146,148,152,156,157,159,160,162,163,165,171,173,178,180,181,182,184,185,188,196,197,199,202,218,219,227,230,238,244,250,251,252,257,260,262,264,268,269,270,275,277,279,280,281,282,283,285,289,292,300],[6,8,42,44,46,51,69,75,76,77,82,85,92,98,99,106,109,124,139,150,154,170,174,195,204,208,210,212,215,220,221,223,234,236,243,254,256,272,274,278,288,294,296]].
[[4,12,13,15,16,21,23,33,35,36,37,38,40,41,45,50,52,53,57,61,66,67,68,70,80,83,86,88,95,97,101,102,104,111,112,115,116,118,119,125,126,128,129,130,131,133,135,136,138,142,143,144,145,146,148,152,156,157,159,160,162,163,165,171,173,178,180,181,182,184,185,188,196,197,199,202,218,219,227,230,238,244,250,251,252,257,260,262,264,268,269,270,275,277,279,280,281,282,283,285,289,292,300],[1,2,5,11,17,18,20,22,26,28,30,39,43,48,49,55,56,58,60,63,64,65,71,72,73,74,79,87,90,94,96,105,110,113,120,121,122,123,132,140,147,149,158,164,167,168,172,176,177,179,186,187,189,191,193,194,201,206,209,211,222,224,228,239,240,241,242,245,247,266,271,284,286,287,291,293,298],[3,7,9,10,14,19,24,25,27,29,31,32,34,47,54,59,62,78,81,84,89,91,93,100,103,107,108,114,117,127,134,137,141,151,153,155,161,166,169,175,183,190,192,198,200,203,205,207,213,214,216,217,225,226,229,231,232,233,235,237,246,248,249,253,255,258,259,261,263,265,267,273,276,290,295,297,299]].
[[4,12,13,15,16,21,23,33,35,36,37,38,40,41,45,50,52,53,57,61,66,67,68,70,80,83,86,88,95,97,101,102,104,111,112,115,116,118,119,125,126,128,129,130,131,133,135,136,138,142,143,144,145,146,148,152,156,157,159,160,162,163,165,171,173,178,180,181,182,184,185,188,196,197,199,202,218,219,227,230,238,244,250,251,252,257,260,262,264,268,269,270,275,277,279,280,281,282,283,285,289,292,300],[1,2,5,11,17,18,20,22,26,28,30,39,43,48,49,55,56,58,60,63,64,65,71,72,73,74,79,87,90,94,96,105,110,113,120,121,122,123,132,140,147,149,158,164,167,168,172,176,177,179,186,187,189,191,193,194,201,206,209,211,222,224,228,239,240,241,242,245,247,266,271,284,286,287,291,293,298],[3,7,9,10,14,19,24,25,27,29,31,32,34,47,54,59,62,78,81,84,89,91,93,100,103,107,108,114,117,127,134,137,141,151,153,155,161,166,169,175,183,190,192,198,200,203,205,207,213,214,216,217,225,226,229,231,232,233,235,237,246,248,249,253,255,258,259,261,263,265,267,273,276,290,295,297,299]].
[[3,7,9,10,14,19,24,25,27,29,31,32,34,47,54,59,62,78,81,84,89,91,93,100,103,107,108,114,117,127,134,137,141,151,153,155,161,166,169,175,183,190,192,198,200,203,205,207,213,214,216,217,225,226,229,231,232,233,235,237,246,248,249,253,255,258,259,261,263,265,267,273,276,290,295,297,299],[6,8,42,44,46,51,69,75,76,77,82,85,92,98,99,106,109,124,139,150,154,170,174,195,204,208,210,212,215,220,221,223,234,236,243,254,256,272,274,278,288,294,296],[4,12,13,15,16,21,23,33,35,36,37,38,40,41,45,50,52,53,57,61,66,67,68,70,80,83,86,88,95,97,101,102,104,111,112,115,116,118,119,125,126,128,129,130,131,133,135,136,138,142,143,144,145,146,148,152,156,157,159,160,162,163,165,171,173,178,180,181,182,184,185,188,196,197,199,202,218,219,227,230,238,244,250,251,252,257,260,262,264,268,269,270,275,277,279,280,281,282,283,285,289,292,300]].
[[6,8,42,44,46,51,69,75,76,77,82,85,92,98,99,106,109,124,139,150,154,170,174,195,204,208,210,212,215,220,221,223,234,236,243,254,256,272,274,278,288,294,296],[3,7,9,10,14,19,24,25,27,29,31,32,34,47,54,59,62,78,81,84,89,91,93,100,103,107,108,114,117,127,134,137,141,151,153,155,161,166,169,175,183,190,192,198,200,203,205,207,213,214,216,217,225,226,229,231,232,233,235,237,246,248,249,253,255,258,259,261,263,265,267,273,276,290,295,297,299],[1,2,5,11,17,18,20,22,26,28,30,39,43,48,49,55,56,58,60,63,64,65,71,72,73,74,79,87,90,94,96,105,110,113,120,121,122,123,132,140,147,149,158,164,167,168,172,176,177,179,186,187,189,191,193,194,201,206,209,211,222,224,228,239,240,241,242,245,247,266,271,284,286,287,291,293,298]].
[[4,12,13,15,16,21,23,33,35,36,37,38,40,41,45,50,52,53,57,61,66,67,68,70,80,83,86,88,95,97,101,102,104,111,112,115,116,118,119,125,126,128,129,130,131,133,135,136,138,142,143,144,145,146,148,152,156,157,159,160,162,163,165,171,173,178,180,181,182,184,185,188,196,197,199,202,218,219,227,230,238,244,250,251,252,257,260,262,264,268,269,270,275,277,279,280,281,282,283,285,289,292,300],[1,2,5,11,17,18,20,22,26,28,30,39,43,48,49,55,56,58,60,63,64,65,71,72,73,74,79,87,90,94,96,105,110,113,120,121,122,123,132,140,147,149,158,164,167,168,172,176,177,179,186,187,189,191,193,194,201,206,209,211,222,224,228,239,240,241,242,245,247,266,271,284,286,287,291,293,298],[3,7,9,10,14,19,24,25,27,29,31,32,34,47,54,59,62,78,81,84,89,91,93,100,103,107,108,114,117,127,134,137,141,151,153,155,161,166,169,175,183,190,192,198,200,203,205,207,213,214,216,217,225,226,229,231,232,233,235,237,246,248,249,253,255,258,259,261,263,265,267,273,276,290,295,297,299]].
[[4,12,13,15,16,21,23,33,35,36,37,38,40,41,45,50,52,53,57,61,66,67,68,70,80,83,86,88,95,97,101,102,104,111,112,115,116,118,119,125,126,128,129,130,131,133,135,136,138,142,143,144,145,146,148,152,156,157,159,160,162,163,165,171,173,178,180,181,182,184,185,188,196,197,199,202,218,219,227,230,238,244,250,251,252,257,260,262,264,268,269,270,275,277,279,280,281,282,283,285,289,292,300],[1,2,5,11,17,18,20,22,26,28,30,39,43,48,49,55,56,58,60,63,64,65,71,72,73,74,79,87,90,94,96,105,110,113,120,121,122,123,132,140,147,149,158,164,167,168,172,176,177,179,186,187,189,191,193,194,201,206,209,211,222,224,228,239,240,241,242,245,247,266,271,284,286,287,291,293,298],[3,7,9,10,14,19,24,25,27,29,31,32,34,47,54,59,62,78,81,84,89,91,93,100,103,107,108,114,117,127,134,137,141,151,153,155,161,166,169,175,183,190,192,198,200,203,205,207,213,214,216,217,225,226,229,231,232,233,235,237,246,248,249,253,255,258,259,261,263,265,267,273,276,290,295,297,299]].
[[3,7,9,10,14,19,24,25,27,29,31,32,34,47,54,59,62,78,81,84,89,91,93,100,103,107,108,114,117,127,134,137,141,151,153,155,161,166,169,175,183,190,192,198,200,203,205,207,213,214,216,217,225,226,229,231,232,233,235,237,246,248,249,253,255,258,259,261,263,265,267,273,276,290,295,297,299],[6,8,42,44,46,51,69,75,76,77,82,85,92,98,99,106,109,124,139,150,154,170,174,195,204,208,210,212,215,220,221,223,234,236,243,254,256,272,274,278,288,294,296],[4,12,13,15,16,21,23,33,35,36,37,38,40,41,45,50,52,53,57,61,66,67,68,70,80,83,86,88,95,97,101,102,104,111,112,115,116,118,119,125,126,128,129,130,131,133,135,136,138,142,143,144,145,146,148,152,156,157,159,160,162,163,165,171,173,178,180,181,182,184,185,188,196,197,199,202,218,219,227,230,238,244,250,251,252,257,260,262,264,268,269,270,275,277,279,280,281,282,283,285,289,292,300]].
[[6,8,42,44,46,51,69,75,76,77,82,85,92,98,99,106,109,124,139,150,154,170,174,195,204,208,210,212,215,220,221,223,234,236,243,254,256,272,274,278,288,294,296],[3,7,9,10,14,19,24,25,27,29,31,32,34,47,54,59,62,78,81,84,89,91,93,100,103,107,108,114,117,127,134,137,141,151,153,155,161,166,169,175,183,190,192,198,200,203,205,207,213,214,216,217,225,226,229,231,232,233,235,237,246,248,249,253,255,258,259,261,263,265,267,273,276,290,295,297,299],[1,2,5,11,17,18,20,22,26,28,30,39,43,48,49,55,56,58,60,63,64,65,71,72,73,74,79,87,90,94,96,105,110,113,120,121,122,123,132,140,147,149,158,164,167,168,172,176,177,179,186,187,189,191,193,194,201,206,209,211,222,224,228,239,240,241,242,245,247,266,271,284,286,287,291,293,298]].
[[6,8,42,44,46,51,69,75,76,77,82,85,92,98,99,106,109,124,139,150,154,170,174,195,204,208,210,212,215,220,221,223,234,236,243,254,256,272,274,278,288,294,296],[3,7,9,10,14,19,24,25,27,29,31,32,34,47,54,59,62,78,81,84,89,91,93,100,103,107,108,114,117,127,134,137,141,151,153,155,161,166,169,175,183,190,192,198,200,203,205,207,213,214,216,217,225,226,229,231,232,233,235,237,246,248,249,253,255,258,259,261,263,265,267,273,276,290,295,297,299],[1,2,5,11,17,18,20,22,26,28,30,39,43,48,49,55,56,58,60,63,64,65,71,72,73,74,79,87,90,94,96,105,110,113,120,121,122,123,132,140,147,149,158,164,167,168,172,176,177,179,186,187,189,191,193,194,201,206,209,211,222,224,228,239,240,241,242,245,247,266,271,284,286,287,291,293,298]].
[[4,12,13,15,16,21,23,33,35,36,37,38,40,41,45,50,52,53,57,61,66,67,68,70,80,83,86,88,95,97,101,102,104,111,112,115,116,118,119,125,126,128,129,130,131,133,135,136,138,142,143,144,145,146,148,152,156,157,159,160,162,163,165,171,173,178,180,181,182,184,185,188,196,197,199,202,218,219,227,230,238,244,250,251,252,257,260,262,264,268,269,270,275,277,279,280,281,282,283,285,289,292,300],[1,2,5,11,17,18,20,22,26,28,30,39,43,48,49,55,56,58,60,63,64,65,71,72,73,74,79,87,90,94,96,105,110,113,120,121,122,123,132,140,147,149,158,164,167,168,172,176,177,179,186,187,189,191,193,194,201,206,209,211,222,224,228,239,240,241,242,245,247,266,271,284,286,287,291,293,298],[3,7,9,10,14,19,24,25,27,29,31,32,34,47,54,59,62,78,81,84,89,91,93,100,103,107,108,114,117,127,134,137,141,151,153,155,161,166,169,175,183,190,192,198,200,203,205,207,213,214,216,217,225,226,229,231,232,233,235,237,246,248,249,253,255,258,259,261,263,265,267,273,276,290,295,297,299]].
[[6,8,42,44,46,51,69,75,76,77,82,85,92,98,99,106,109,124,139,150,154,170,174,195,204,208,210,212,215,220,221,223,234,236,243,254,256,272,274,278,288,294,296],[3,7,9,10,14,19,24,25,27,29,31,32,34,47,54,59,62,78,81,84,89,91,93,100,103,107,108,114,117,127,134,137,141,151,153,155,161,166,169,175,183,190,192,198,200,203,205,207,213,214,216,217,225,226,229,231,232,233,235,237,246,248,249,253,255,258,259,261,263,265,267,273,276,290,295,297,299],[1,2,5,11,17,18,20,22,26,28,30,39,43,48,49,55,56,58,60,63,64,65,71,72,73,74,79,87,90,94,96,105,110,113,120,121,122,123,132,140,147,149,158,164,167,168,172,176,177,179,186,187,189,191,193,194,201,206,209,211,222,224,228,239,240,241,242,245,247,266,271,284,286,287,291,293,298]].
[[1,2,5,11,17,18,20,22,26,28,30,39,43,48,49,55,56,58,60,63,64,65,71,72,73,74,79,87,90,94,96,105,110,113,120,121,122,123,132,140,147,149,158,164,167,168,172,176,177,179,186,187,189,191,193,194,201,206,209,211,222,224,228,239,240,241,242,245,247,266,271,284,286,287,291,293,298],[4,12,13,15,16,21,23,33,35,36,37,38,40,41,45,50,52,53,57,61,66,67,68,70,80,83,86,88,95,97,101,102,104,111,112,115,116,118,119,125,126,128,129,130,131,133,135,136,138,142,143,144,145,146,148,152,156,157,159,160,162,163,165,171,173,178,180,181,182,184,185,188,196,197,199,202,218,219,227,230,238,244,250,251,252,257,260,262,264,268,269,270,275,277,279,280,281,282,283,285,289,292,300],[6,8,42,44,46,51,69,75,76,77,82,85,92,98,99,106,109,124,139,150,154,170,174,195,204,208,210,212,215,220,221,223,234,236,243,254,256,272,274,278,288,294,296]].
[[6,8,42,44,46,51,69,75,76,77,82,85,92,98,99,106,109,124,139,150,154,170,174,195,204,208,210,212,215,220,221,223,234,236,243,254,256,272,274,278,288,294,296],[3,7,9,10,14,19,24,25,27,29,31,32,34,47,54,59,62,78,81,84,89,91,93,100,103,107,108,114,117,127,134,137,141,151,153,155,161,166,169,175,183,190,192,198,200,203,205,207,213,214,216,217,225,226,229,231,232,233,235,237,246,248,249,253,255,258,259,261,263,265,267,273,276,290,295,297,299],[1,2,5,11,17,18,20,22,26,28,30,39,43,48,49,55,56,58,60,63,64,65,71,72,73,74,79,87,90,94,96,105,110,113,120,121,122,123,132,140,147,149,158,164,167,168,172,176,177,179,186,187,189,191,193,194,201,206,209,211,222,224,228,239,240,241,242,245,247,266,271,284,286,287,291,293,298]].
[[4,12,13,15,16,21,23,33,35,36,37,38,40,41,45,50,52,53,57,61,66,67,68,70,80,83,86,88,95,97,101,102,104,111,112,115,116,118,119,125,126,128,129,130,131,133,135,136,138,142,143,144,145,146,148,152,156,157,159,160,162,163,165,171,173,178,180,181,182,184,185,188,196,197,199,202,218,219,227,230,238,244,250,251,252,257,260,262,264,268,269,270,275,277,279,280,281,282,283,285,289,292,300],[1,2,5,11,17,18,20,22,26,28,30,39,43,48,49,55,56,58,60,63,64,65,71,72,73,74,79,87,90,94,96,105,110,113,120,121,122,123,132,140,147,149,158,164,167,168,172,176,177,179,186,187,189,191,193,194,201,206,209,211,222,224,228,239,240,241,242,245,247,266,271,284,286,287,291,293,298],[3,7,9,10,14,19,24,25,27,29,31,32,34,47,54,59,62,78,81,84,89,91,93,100,103,107,108,114,117,127,134,137,141,151,153,155,161,166,169,175,183,190,192,198,200,203,205,207,213,214,216,217,225,226,229,231,232,233,235,237,246,248,249,253,255,258,259,261,263,265,267,273,276,290,295,297,299]].
[[3,7,9,10,14,19,24,25,27,29,31,32,34,47,54,59,62,78,81,84,89,91,93,100,103,107,108,114,117,127,134,137,141,151,153,155,161,166,169,175,183,190,192,198,200,203,205,207,213,214,216,217,225,226,229,231,232,233,235,237,246,248,249,253,255,258,259,261,263,265,267,273,276,290,295,297,299],[6,8,42,44,46,51,69,75,76,77,82,85,92,98,99,106,109,124,139,150,154,170,174,195,204,208,210,212,215,220,221,223,234,236,243,254,256,272,274,278,288,294,296],[4,12,13,15,16,21,23,33,35,36,37,38,40,41,45,50,52,53,57,61,66,67,68,70,80,83,86,88,95,97,101,102,104,111,112,115,116,118,119,125,126,128,129,130,131,133,135,136,138,142,143,144,145,146,148,152,156,157,159,160,162,163,165,171,173,178,180,181,182,184,185,188,196,197,199,202,218,219,227,230,238,244,250,251,252,257,260,262,264,268,269,270,275,277,279,280,281,282,283,285,289,292,300]].
[[4,12,13,15,16,21,23,33,35,36,37,38,40,41,45,50,52,53,57,61,66,67,68,70,80,83,86,88,95,97,101,102,104,111,112,115,116,118,119,125,126,128,129,130,131,133,135,136,138,142,143,144,145,146,148,152,156,157,159,160,162,163,165,171,173,178,180,181,182,184,185,188,196,197,199,202,218,219,227,230,238,244,250,251,252,257,260,262,264,268,269,270,275,277,279,280,281,282,283,285,289,292,300],[1,2,5,11,17,18,20,22,26,28,30,39,43,48,49,55,56,58,60,63,64,65,71,72,73,74,79,87,90,94,96,105,110,113,120,121,122,123,132,140,147,149,158,164,167,168,172,176,177,179,186,187,189,191,193,194,201,206,209,211,222,224,228,239,240,241,242,245,247,266,271,284,286,287,291,293,298],[3,7,9,10,14,19,24,25,27,29,31,32,34,47,54,59,62,78,81,84,89,91,93,100,103,107,108,114,117,127,134,137,141,151,153,155,161,166,169,175,183,190,192,198,200,203,205,207,213,214,216,217,225,226,229,231,232,233,235,237,246,248,249,253,255,258,259,261,263,265,267,273,276,290,295,297,299]].
[[4,12,13,15,16,21,23,33,35,36,37,38,40,41,45,50,52,53,57,61,66,67,68,70,80,83,86,88,95,97,101,102,104,111,112,115,116,118,119,125,126,128,129,130,131,133,135,136,138,142,143,144,145,146,148,152,156,157,159,160,162,163,165,171,173,178,180,181,182,184,185,188,196,197,199,202,218,219,227,230,238,244,250,251,252,257,260,262,264,268,269,270,275,277,279,280,281,282,283,285,289,292,300],[1,2,5,11,17,18,20,22,26,28,30,39,43,48,49,55,56,58,60,63,64,65,71,72,73,74,79,87,90,94,96,105,110,113,120,121,122,123,132,140,147,149,158,164,167,168,172,176,177,179,186,187,189,191,193,194,201,206,209,211,222,224,228,239,240,241,242,245,247,266,271,284,286,287,291,293,298],[3,7,9,10,14,19,24,25,27,29,31,32,34,47,54,59,62,78,81,84,89,91,93,100,103,107,108,114,117,127,134,137,141,151,153,155,161,166,169,175,183,190,192,198,200,203,205,207,213,214,216,217,225,226,229,231,232,233,235,237,246,248,249,253,255,258,259,261,263,265,267,273,276,290,295,297,299]].
[[3,7,9,10,14,19,24,25,27,29,31,32,34,47,54,59,62,78,81,84,89,91,93,100,103,107,108,114,117,127,134,137,141,151,153,155,161,166,169,175,183,190,192,198,200,203,205,207,213,214,216,217,225,226,229,231,232,233,235,237,246,248,249,253,255,258,259,261,263,265,267,273,276,290,295,297,299],[6,8,42,44,46,51,69,75,76,77,82,85,92,98,99,106,109,124,139,150,154,170,174,195,204,208,210,212,215,220,221,223,234,236,243,254,256,272,274,278,288,294,296],[4,12,13,15,16,21,23,33,35,36,37,38,40,41,45,50,52,53,57,61,66,67,68,70,80,83,86,88,95,97,101,102,104,111,112,115,116,118,119,125,126,128,129,130,131,133,135,136,138,142,143,144,145,146,148,152,156,157,159,160,162,163,165,171,173,178,180,181,182,184,185,188,196,197,199,202,218,219,227,230,238,244,250,251,252,257,260,262,264,268,269,270,275,277,279,280,281,282,283,285,289,292,300]].
[[3,7,9,10,14,19,24,25,27,29,31,32,34,47,54,59,62,78,81,84,89,91,93,100,103,107,108,114,117,127,134,137,141,151,153,155,161,166,169,175,183,190,192,198,200,203,205,207,213,214,216,217,225,226,229,231,232,233,235,237,246,248,249,253,255,258,259,261,263,265,267,273,276,290,295,297,299],[6,8,42,44,46,51,69,75,76,77,82,85,92,98,99,106,109,124,139,150,154,170,174,195,204,208,210,212,215,220,221,223,234,236,243,254,256,272,274,278,288,294,296],[4,12,13,15,16,21,23,33,35,36,37,38,40,41,45,50,52,53,57,61,66,67,68,70,80,83,86,88,95,97,101,102,104,111,112,115,116,118,119,125,126,128,129,130,131,133,135,136,138,142,143,144,145,146,148,152,156,157,159,160,162,163,165,171,173,178,180,181,182,184,185,188,196,197,199,202,218,219,227,230,238,244,250,251,252,257,260,262,264,268,269,270,275,277,279,280,281,282,283,285,289,292,300]].
[[6,8,42,44,46,51,69,75,76,77,82,85,92,98,99,106,109,124,139,150,154,170,174,195,204,208,210,212,215,220,221,223,234,236,243,254,256,272,274,278,288,294,296],[3,7,9,10,14,19,24,25,27,29,31,32,34,47,54,59,62,78,81,84,89,91,93,100,103,107,108,114,117,127,134,137,141,151,153,155,161,166,169,175,183,190,192,198,200,203,205,207,213,214,216,217,225,226,229,231,232,233,235,237,246,248,249,253,255,258,259,261,263,265,267,273,276,290,295,297,299],[1,2,5,11,17,18,20,22,26,28,30,39,43,48,49,55,56,58,60,63,64,65,71,72,73,74,79,87,90,94,96,105,110,113,120,121,122,123,132,140,147,149,158,164,167,168,172,176,177,179,186,187,189,191,193,194,201,206,209,211,222,224,228,239,240,241,242,245,247,266,271,284,286,287,291,293,298]].
[[4,12,13,15,16,21,23,33,35,36,37,38,40,41,45,50,52,53,57,61,66,67,68,70,80,83,86,88,95,97,101,102,104,111,112,115,116,118,119,125,126,128,129,130,131,133,135,136,138,142,143,144,145,146,148,152,156,157,159,160,162,163,165,171,173,178,180,181,182,184,185,188,196,197,199,202,218,219,227,230,238,244,250,251,252,257,260,262,264,268,269,270,275,277,279,280,281,282,283,285,289,292,300],[1,2,5,11,17,18,20,22,26,28,30,39,43,48,49,55,56,58,60,63,64,65,71,72,73,74,79,87,90,94,96,105,110,113,120,121,122,123,132,140,147,149,158,164,167,168,172,176,177,179,186,187,189,191,193,194,201,206,209,211,222,224,228,239,240,241,242,245,247,266,271,284,286,287,291,293,298],[3,7,9,10,14,19,24,25,27,29,31,32,34,47,54,59,62,78,81,84,89,91,93,100,103,107,108,114,117,127,134,137,141,151,153,155,161,166,169,175,183,190,192,198,200,203,205,207,213,214,216,217,225,226,229,231,232,233,235,237,246,248,249,253,255,258,259,261,263,265,267,273,276,290,295,297,299]].
[[1,2,5,11,17,18,20,22,26,28,30,39,43,48,49,55,56,58,60,63,64,65,71,72,73,74,79,87,90,94,96,105,110,113,120,121,122,123,132,140,147,149,158,164,167,168,172,176,177,179,186,187,189,191,193,194,201,206,209,211,222,224,228,239,240,241,242,245,247,266,271,284,286,287,291,293,298],[4,12,13,15,16,21,23,33,35,36,37,38,40,41,45,50,52,53,57,61,66,67,68,70,80,83,86,88,95,97,101,102,104,111,112,115,116,118,119,125,126,128,129,130,131,133,135,136,138,142,143,144,145,146,148,152,156,157,159,160,162,163,165,171,173,178,180,181,182,184,185,188,196,197,199,202,218,219,227,230,238,244,250,251,252,257,260,262,264,268,269,270,275,277,279,280,281,282,283,285,289,292,300],[6,8,42,44,46,51,69,75,76,77,82,85,92,98,99,106,109,124,139,150,154,170,174,195,204,208,210,212,215,220,221,223,234,236,243,254,256,272,274,278,288,294,296]].
[[3,7,9,10,14,19,24,25,27,29,31,32,34,47,54,59,62,78,81,84,89,91,93,100,103,107,108,114,117,127,134,137,141,151,153,155,161,166,169,175,183,190,192,198,200,203,205,207,213,214,216,217,225,226,229,231,232,233,235,237,246,248,249,253,255,258,259,261,263,265,267,273,276,290,295,297,299],[6,8,42,44,46,51,69,75,76,77,82,85,92,98,99,106,109,124,139,150,154,170,174,195,204,208,210,212,215,220,221,223,234,236,243,254,256,272,274,278,288,294,296],[4,12,13,15,16,21,23,33,35,36,37,38,40,41,45,50,52,53,57,61,66,67,68,70,80,83,86,88,95,97,101,102,104,111,112,115,116,118,119,125,126,128,129,130,131,133,135,136,138,142,143,144,145,146,148,152,156,157,159,160,162,163,165,171,173,178,180,181,182,184,185,188,196,197,199,202,218,219,227,230,238,244,250,251,252,257,260,262,264,268,269,270,275,277,279,280,281,282,283,285,289,292,300]].
[[3,7,9,10,14,19,24,25,27,29,31,32,34,47,54,59,62,78,81,84,89,91,93,100,103,107,108,114,117,127,134,137,141,151,153,155,161,166,169,175,183,190,192,198,200,203,205,207,213,214,216,217,225,226,229,231,232,233,235,237,246,248,249,253,255,258,259,261,263,265,267,273,276,290,295,297,299],[6,8,42,44,46,51,69,75,76,77,82,85,92,98,99,106,109,124,139,150,154,170,174,195,204,208,210,212,215,220,221,223,234,236,243,254,256,272,274,278,288,294,296],[4,12,13,15,16,21,23,33,35,36,37,38,40,41,45,50,52,53,57,61,66,67,68,70,80,83,86,88,95,97,101,102,104,111,112,115,116,118,119,125,126,128,129,130,131,133,135,136,138,142,143,144,145,146,148,152,156,157,159,160,162,163,165,171,173,178,180,181,182,184,185,188,196,197,199,202,218,219,227,230,238,244,250,251,252,257,260,262,264,268,269,270,275,277,279,280,281,282,283,285,289,292,300]].
[[4,12,13,15,16,21,23,33,35,36,37,38,40,41,45,50,52,53,57,61,66,67,68,70,80,83,86,88,95,97,101,102,104,111,112,115,116,118,119,125,126,128,129,130,131,133,135,136,138,142,143,144,145,146,148,152,156,157,159,160,162,163,165,171,173,178,180,181,182,184,185,188,196,197,199,202,218,219,227,230,238,244,250,251,252,257,260,262,264,268,269,270,275,277,279,280,281,282,283,285,289,292,300],[1,2,5,11,17,18,20,22,26,28,30,39,43,48,49,55,56,58,60,63,64,65,71,72,73,74,79,87,90,94,96,105,110,113,120,121,122,123,132,140,147,149,158,164,167,168,172,176,177,179,186,187,189,191,193,194,201,206,209,211,222,224,228,239,240,241,242,245,247,266,271,284,286,287,291,293,298],[3,7,9,10,14,19,24,25,27,29,31,32,34,47,54,59,62,78,81,84,89,91,93,100,103,107,108,114,117,127,134,137,141,151,153,155,161,166,169,175,183,190,192,198,200,203,205,207,213,214,216,217,225,226,229,231,232,233,235,237,246,248,249,253,255,258,259,261,263,265,267,273,276,290,295,297,299]].
[[4,12,13,15,16,21,23,33,35,36,37,38,40,41,45,50,52,53,57,61,66,67,68,70,80,83,86,88,95,97,101,102,104,111,112,115,116,118,119,125,126,128,129,130,131,133,135,136,138,142,143,144,145,146,148,152,156,157,159,160,162,163,165,171,173,178,180,181,182,184,185,188,196,197,199,202,218,219,227,230,238,244,250,251,252,257,260,262,264,268,269,270,275,277,279,280,281,282,283,285,289,292,300],[1,2,5,11,17,18,20,22,26,28,30,39,43,48,49,55,56,58,60,63,64,65,71,72,73,74,79,87,90,94,96,105,110,113,120,121,122,123,132,140,147,149,158,164,167,168,172,176,177,179,186,187,189,191,193,194,201,206,209,211,222,224,228,239,240,241,242,245,247,266,271,284,286,287,291,293,298],[3,7,9,10,14,19,24,25,27,29,31,32,34,47,54,59,62,78,81,84,89,91,93,100,103,107,108,114,117,127,134,137,141,151,153,155,161,166,169,175,183,190,192,198,200,203,205,207,213,214,216,217,225,226,229,231,232,233,235,237,246,248,249,253,255,258,259,261,263,265,267,273,276,290,295,297,299]].
[[4,12,13,15,16,21,23,33,35,36,37,38,40,41,45,50,52,53,57,61,66,67,68,70,80,83,86,88,95,97,101,102,104,111,112,115,116,118,119,125,126,128,129,130,131,133,135,136,138,142,143,144,145,146,148,152,156,157,159,160,162,163,165,171,173,178,180,181,182,184,185,188,196,197,199,202,218,219,227,230,238,244,250,251,252,257,260,262,264,268,269,270,275,277,279,280,281,282,283,285,289,292,300],[1,2,5,11,17,18,20,22,26,28,30,39,43,48,49,55,56,58,60,63,64,65,71,72,73,74,79,87,90,94,96,105,110,113,120,121,122,123,132,140,147,149,158,164,167,168,172,176,177,179,186,187,189,191,193,194,201,206,209,211,222,224,228,239,240,241,242,245,247,266,271,284,286,287,291,293,298],[3,7,9,10,14,19,24,25,27,29,31,32,34,47,54,59,62,78,81,84,89,91,93,100,103,107,108,114,117,127,134,137,141,151,153,155,161,166,169,175,183,190,192,198,200,203,205,207,213,214,216,217,225,226,229,231,232,233,235,237,246,248,249,253,255,258,259,261,263,265,267,273,276,290,295,297,299]].
[[1,2,5,11,17,18,20,22,26,28,30,39,43,48,49,55,56,58,60,63,64,65,71,72,73,74,79,87,90,94,96,105,110,113,120,121,122,123,132,140,147,149,158,164,167,168,172,176,177,179,186,187,189,191,193,194,201,206,209,211,222,224,228,239,240,241,242,245,247,266,271,284,286,287,291,293,298],[4,12,13,15,16,21,23,33,35,36,37,38,40,41,45,50,52,53,57,61,66,67,68,70,80,83,86,88,95,97,101,102,104,111,112,115,116,118,119,125,126,128,129,130,131,133,135,136,138,142,143,144,145,146,148,152,156,157,159,160,162,163,165,171,173,178,180,181,182,184,185,188,196,197,199,202,218,219,227,230,238,244,250,251,252,257,260,262,264,268,269,270,275,277,279,280,281,282,283,285,289,292,300],[6,8,42,44,46,51,69,75,76,77,82,85,92,98,99,106,109,124,139,150,154,170,174,195,204,208,210,212,215,220,221,223,234,236,243,254,256,272,274,278,288,294,296]].
[[6,8,42,44,46,51,69,75,76,77,82,85,92,98,99,106,109,124,139,150,154,170,174,195,204,208,210,212,215,220,221,223,234,236,243,254,256,272,274,278,288,294,296],[3,7,9,10,14,19,24,25,27,29,31,32,34,47,54,59,62,78,81,84,89,91,93,100,103,107,108,114,117,127,134,137,141,151,153,155,161,166,169,175,183,190,192,198,200,203,205,207,213,214,216,217,225,226,229,231,232,233,235,237,246,248,249,253,255,258,259,261,263,265,267,273,276,290,295,297,299],[1,2,5,11,17,18,20,22,26,28,30,39,43,48,49,55,56,58,60,63,64,65,71,72,73,74,79,87,90,94,96,105,110,113,120,121,122,123,132,140,147,149,158,164,167,168,172,176,177,179,186,187,189,191,193,194,201,206,209,211,222,224,228,239,240,241,242,245,247,266,271,284,286,287,291,293,298]].
[[1,2,5,11,17,18,20,22,26,28,30,39,43,48,49,55,56,58,60,63,64,65,71,72,73,74,79,87,90,94,96,105,110,113,120,121,122,123,132,140,147,149,158,164,167,168,172,176,177,179,186,187,189,191,193,194,201,206,209,211,222,224,228,239,240,241,242,245,247,266,271,284,286,287,291,293,298],[4,12,13,15,16,21,23,33,35,36,37,38,40,41,45,50,52,53,57,61,66,67,68,70,80,83,86,88,95,97,101,102,104,111,112,115,116,118,119,125,126,128,129,130,131,133,135,136,138,142,143,144,145,146,148,152,156,157,159,160,162,163,165,171,173,178,180,181,182,184,185,188,196,197,199,202,218,219,227,230,238,244,250,251,252,257,260,262,264,268,269,270,275,277,279,280,281,282,283,285,289,292,300],[6,8,42,44,46,51,69,75,76,77,82,85,92,98,99,106,109,124,139,150,154,170,174,195,204,208,210,212,215,220,221,223,234,236,243,254,256,272,274,278,288,294,296]].
[[3,7,9,10,14,19,24,25,27,29,31,32,34,47,54,59,62,78,81,84,89,91,93,100,103,107,108,114,117,127,134,137,141,151,153,155,161,166,169,175,183,190,192,198,200,203,205,207,213,214,216,217,225,226,229,231,232,233,235,237,246,248,249,253,255,258,259,261,263,265,267,273,276,290,295,297,299],[6,8,42,44,46,51,69,75,76,77,82,85,92,98,99,106,109,124,139,150,154,170,174,195,204,208,210,212,215,220,221,223,234,236,243,254,256,272,274,278,288,294,296],[4,12,13,15,16,21,23,33,35,36,37,38,40,41,45,50,52,53,57,61,66,67,68,70,80,83,86,88,95,97,101,102,104,111,112,115,116,118,119,125,126,128,129,130,131,133,135,136,138,142,143,144,145,146,148,152,156,157,159,160,162,163,165,171,173,178,180,181,182,184,185,188,196,197,199,202,218,219,227,230,238,244,250,251,252,257,260,262,264,268,269,270,275,277,279,280,281,282,283,285,289,292,300]].
[[1,2,5,11,17,18,20,22,26,28,30,39,43,48,49,55,56,58,60,63,64,65,71,72,73,74,79,87,90,94,96,105,110,113,120,121,122,123,132,140,147,149,158,164,167,168,172,176,177,179,186,187,189,191,193,194,201,206,209,211,222,224,228,239,240,241,242,245,247,266,271,284,286,287,291,293,298],[4,12,13,15,16,21,23,33,35,36,37,38,40,41,45,50,52,53,57,61,66,67,68,70,80,83,86,88,95,97,101,102,104,111,112,115,116,118,119,125,126,128,129,130,131,133,135,136,138,142,143,144,145,146,148,152,156,157,159,160,162,163,165,171,173,178,180,181,182,184,185,188,196,197,199,202,218,219,227,230,238,244,250,251,252,257,260,262,264,268,269,270,275,277,279,280,281,282,283,285,289,292,300],[6,8,42,44,46,51,69,75,76,77,82,85,92,98,99,106,109,124,139,150,154,170,174,195,204,208,210,212,215,220,221,223,234,236,243,254,256,272,274,278,288,294,296]].
[[3,7,9,10,14,19,24,25,27,29,31,32,34,47,54,59,62,78,81,84,89,91,93,100,103,107,108,114,117,127,134,137,141,151,153,155,161,166,169,175,183,190,192,198,200,203,205,207,213,214,216,217,225,226,229,231,232,233,235,237,246,248,249,253,255,258,259,261,263,265,267,273,276,290,295,297,299],[6,8,42,44,46,51,69,75,76,77,82,85,92,98,99,106,109,124,139,150,154,170,174,195,204,208,210,212,215,220,221,223,234,236,243,254,256,272,274,278,288,294,296],[4,12,13,15,16,21,23,33,35,36,37,38,40,41,45,50,52,53,57,61,66,67,68,70,80,83,86,88,95,97,101,102,104,111,112,115,116,118,119,125,126,128,129,130,131,133,135,136,138,142,143,144,145,146,148,152,156,157,159,160,162,163,165,171,173,178,180,181,182,184,185,188,196,197,199,202,218,219,227,230,238,244,250,251,252,257,260,262,264,268,269,270,275,277,279,280,281,282,283,285,289,292,300]].
[[4,12,13,15,16,21,23,33,35,36,37,38,40,41,45,50,52,53,57,61,66,67,68,70,80,83,86,88,95,97,101,102,104,111,112,115,116,118,119,125,126,128,129,130,131,133,135,136,138,142,143,144,145,146,148,152,156,157,159,160,162,163,165,171,173,178,180,181,182,184,185,188,196,197,199,202,218,219,227,230,238,244,250,251,252,257,260,262,264,268,269,270,275,277,279,280,281,282,283,285,289,292,300],[1,2,5,11,17,18,20,22,26,28,30,39,43,48,49,55,56,58,60,63,64,65,71,72,73,74,79,87,90,94,96,105,110,113,120,121,122,123,132,140,147,149,158,164,167,168,172,176,177,179,186,187,189,191,193,194,201,206,209,211,222,224,228,239,240,241,242,245,247,266,271,284,286,287,291,293,298],[3,7,9,10,14,19,24,25,27,29,31,32,34,47,54,59,62,78,81,84,89,91,93,100,103,107,108,114,117,127,134,137,141,151,153,155,161,166,169,175,183,190,192,198,200,203,205,207,213,214,216,217,225,226,229,231,232,233,235,237,246,248,249,253,255,258,259,261,263,265,267,273,276,290,295,297,299]].
[[3,7,9,10,14,19,24,25,27,29,31,32,34,47,54,59,62,78,81,84,89,91,93,100,103,107,108,114,117,127,134,137,141,151,153,155,161,166,169,175,183,190,192,198,200,203,205,207,213,214,216,217,225,226,229,231,232,233,235,237,246,248,249,253,255,258,259,261,263,265,267,273,276,290,295,297,299],[6,8,42,44,46,51,69,75,76,77,82,85,92,98,99,106,109,124,139,150,154,170,174,195,204,208,210,212,215,220,221,223,234,236,243,254,256,272,274,278,288,294,296],[4,12,13,15,16,21,23,33,35,36,37,38,40,41,45,50,52,53,57,61,66,67,68,70,80,83,86,88,95,97,101,102,104,111,112,115,116,118,119,125,126,128,129,130,131,133,135,136,138,142,143,144,145,146,148,152,156,157,159,160,162,163,165,171,173,178,180,181,182,184,185,188,196,197,199,202,218,219,227,230,238,244,250,251,252,257,260,262,264,268,269,270,275,277,279,280,281,282,283,285,289,292,300]].
[[1,2,5,11,17,18,20,22,26,28,30,39,43,48,49,55,56,58,60,63,64,65,71,72,73,74,79,87,90,94,96,105,110,113,120,121,122,123,132,140,147,149,158,164,167,168,172,176,177,179,186,187,189,191,193,194,201,206,209,211,222,224,228,239,240,241,242,245,247,266,271,284,286,287,291,293,298],[4,12,13,15,16,21,23,33,35,36,37,38,40,41,45,50,52,53,57,61,66,67,68,70,80,83,86,88,95,97,101,102,104,111,112,115,116,118,119,125,126,128,129,130,131,133,135,136,138,142,143,144,145,146,148,152,156,157,159,160,162,163,165,171,173,178,180,181,182,184,185,188,196,197,199,202,218,219,227,230,238,244,250,251,252,257,260,262,264,268,269,270,275,277,279,280,281,282,283,285,289,292,300],[6,8,42,44,46,51,69,75,76,77,82,85,92,98,99,106,109,124,139,150,154,170,174,195,204,208,210,212,215,220,221,223,234,236,243,254,256,272,274,278,288,294,296]].
[[1,2,5,11,17,18,20,22,26,28,30,39,43,48,49,55,56,58,60,63,64,65,71,72,73,74,79,87,90,94,96,105,110,113,120,121,122,123,132,140,147,149,158,164,167,168,172,176,177,179,186,187,189,191,193,194,201,206,209,211,222,224,228,239,240,241,242,245,247,266,271,284,286,287,291,293,298],[4,12,13,15,16,21,23,33,35,36,37,38,40,41,45,50,52,53,57,61,66,67,68,70,80,83,86,88,95,97,101,102,104,111,112,115,116,118,119,125,126,128,129,130,131,133,135,136,138,142,143,144,145,146,148,152,156,157,159,160,162,163,165,171,173,178,180,181,182,184,185,188,196,197,199,202,218,219,227,230,238,244,250,251,252,257,260,262,264,268,269,270,275,277,279,280,281,282,283,285,289,292,300],[6,8,42,44,46,51,69,75,76,77,82,85,92,98,99,106,109,124,139,150,154,170,174,195,204,208,210,212,215,220,221,223,234,236,243,254,256,272,274,278,288,294,296]].
[[3,7,9,10,14,19,24,25,27,29,31,32,34,47,54,59,62,78,81,84,89,91,93,100,103,107,108,114,117,127,134,137,141,151,153,155,161,166,169,175,183,190,192,198,200,203,205,207,213,214,216,217,225,226,229,231,232,233,235,237,246,248,249,253,255,258,259,261,263,265,267,273,276,290,295,297,299],[6,8,42,44,46,51,69,75,76,77,82,85,92,98,99,106,109,124,139,150,154,170,174,195,204,208,210,212,215,220,221,223,234,236,243,254,256,272,274,278,288,294,296],[4,12,13,15,16,21,23,33,35,36,37,38,40,41,45,50,52,53,57,61,66,67,68,70,80,83,86,88,95,97,101,102,104,111,112,115,116,118,119,125,126,128,129,130,131,133,135,136,138,142,143,144,145,146,148,152,156,157,159,160,162,163,165,171,173,178,180,181,182,184,185,188,196,197,199,202,218,219,227,230,238,244,250,251,252,257,260,262,264,268,269,270,275,277,279,280,281,282,283,285,289,292,300]].
[[4,12,13,15,16,21,23,33,35,36,37,38,40,41,45,50,52,53,57,61,66,67,68,70,80,83,86,88,95,97,101,102,104,111,112,115,116,118,119,125,126,128,129,130,131,133,135,136,138,142,143,144,145,146,148,152,156,157,159,160,162,163,165,171,173,178,180,181,182,184,185,188,196,197,199,202,218,219,227,230,238,244,250,251,252,257,260,262,264,268,269,270,275,277,279,280,281,282,283,285,289,292,300],[1,2,5,11,17,18,20,22,26,28,30,39,43,48,49,55,56,58,60,63,64,65,71,72,73,74,79,87,90,94,96,105,110,113,120,121,122,123,132,140,147,149,158,164,167,168,172,176,177,179,186,187,189,191,193,194,201,206,209,211,222,224,228,239,240,241,242,245,247,266,271,284,286,287,291,293,298],[3,7,9,10,14,19,24,25,27,29,31,32,34,47,54,59,62,78,81,84,89,91,93,100,103,107,108,114,117,127,134,137,141,151,153,155,161,166,169,175,183,190,192,198,200,203,205,207,213,214,216,217,225,226,229,231,232,233,235,237,246,248,249,253,255,258,259,261,263,265,267,273,276,290,295,297,299]].
[[4,12,13,15,16,21,23,33,35,36,37,38,40,41,45,50,52,53,57,61,66,67,68,70,80,83,86,88,95,97,101,102,104,111,112,115,116,118,119,125,126,128,129,130,131,133,135,136,138,142,143,144,145,146,148,152,156,157,159,160,162,163,165,171,173,178,180,181,182,184,185,188,196,197,199,202,218,219,227,230,238,244,250,251,252,257,260,262,264,268,269,270,275,277,279,280,281,282,283,285,289,292,300],[1,2,5,11,17,18,20,22,26,28,30,39,43,48,49,55,56,58,60,63,64,65,71,72,73,74,79,87,90,94,96,105,110,113,120,121,122,123,132,140,147,149,158,164,167,168,172,176,177,179,186,187,189,191,193,194,201,206,209,211,222,224,228,239,240,241,242,245,247,266,271,284,286,287,291,293,298],[3,7,9,10,14,19,24,25,27,29,31,32,34,47,54,59,62,78,81,84,89,91,93,100,103,107,108,114,117,127,134,137,141,151,153,155,161,166,169,175,183,190,192,198,200,203,205,207,213,214,216,217,225,226,229,231,232,233,235,237,246,248,249,253,255,258,259,261,263,265,267,273,276,290,295,297,299]].
[[3,7,9,10,14,19,24,25,27,29,31,32,34,47,54,59,62,78,81,84,89,91,93,100,103,107,108,114,117,127,134,137,141,151,153,155,161,166,169,175,183,190,192,198,200,203,205,207,213,214,216,217,225,226,229,231,232,233,235,237,246,248,249,253,255,258,259,261,263,265,267,273,276,290,295,297,299],[6,8,42,44,46,51,69,75,76,77,82,85,92,98,99,106,109,124,139,150,154,170,174,195,204,208,210,212,215,220,221,223,234,236,243,254,256,272,274,278,288,294,296],[4,12,13,15,16,21,23,33,35,36,37,38,40,41,45,50,52,53,57,61,66,67,68,70,80,83,86,88,95,97,101,102,104,111,112,115,116,118,119,125,126,128,129,130,131,133,135,136,138,142,143,144,145,146,148,152,156,157,159,160,162,163,165,171,173,178,180,181,182,184,185,188,196,197,199,202,218,219,227,230,238,244,250,251,252,257,260,262,264,268,269,270,275,277,279,280,281,282,283,285,289,292,300]].
[[4,12,13,15,16,21,23,33,35,36,37,38,40,41,45,50,52,53,57,61,66,67,68,70,80,83,86,88,95,97,101,102,104,111,112,115,116,118,119,125,126,128,129,130,131,133,135,136,138,142,143,144,145,146,148,152,156,157,159,160,162,163,165,171,173,178,180,181,182,184,185,188,196,197,199,202,218,219,227,230,238,244,250,251,252,257,260,262,264,268,269,270,275,277,279,280,281,282,283,285,289,292,300],[1,2,5,11,17,18,20,22,26,28,30,39,43,48,49,55,56,58,60,63,64,65,71,72,73,74,79,87,90,94,96,105,110,113,120,121,122,123,132,140,147,149,158,164,167,168,172,176,177,179,186,187,189,191,193,194,201,206,209,211,222,224,228,239,240,241,242,245,247,266,271,284,286,287,291,293,298],[3,7,9,10,14,19,24,25,27,29,31,32,34,47,54,59,62,78,81,84,89,91,93,100,103,107,108,114,117,127,134,137,141,151,153,155,161,166,169,175,183,190,192,198,200,203,205,207,213,214,216,217,225,226,229,231,232,233,235,237,246,248,249,253,255,258,259,261,263,265,267,273,276,290,295,297,299]].
[[1,2,5,11,17,18,20,22,26,28,30,39,43,48,49,55,56,58,60,63,64,65,71,72,73,74,79,87,90,94,96,105,110,113,120,121,122,123,132,140,147,149,158,164,167,168,172,176,177,179,186,187,189,191,193,194,201,206,209,211,222,224,228,239,240,241,242,245,247,266,271,284,286,287,291,293,298],[4,12,13,15,16,21,23,33,35,36,37,38,40,41,45,50,52,53,57,61,66,67,68,70,80,83,86,88,95,97,101,102,104,111,112,115,116,118,119,125,126,128,129,130,131,133,135,136,138,142,143,144,145,146,148,152,156,157,159,160,162,163,165,171,173,178,180,181,182,184,185,188,196,197,199,202,218,219,227,230,238,244,250,251,252,257,260,262,264,268,269,270,275,277,279,280,281,282,283,285,289,292,300],[6,8,42,44,46,51,69,75,76,77,82,85,92,98,99,106,109,124,139,150,154,170,174,195,204,208,210,212,215,220,221,223,234,236,243,254,256,272,274,278,288,294,296]].
