[[2,6,14,17,21,43,44,53,62,63,68,78,79,88,92,95,117,124,125,133,140,144,153,155,158,165,167,169,171,173,189,191,193,194,198,210,211,223,234,244,250,272,277,280,289,291,292,293,300],[3,9,12,18,19,20,29,33,34,36,37,46,54,59,69,77,83,91,100,102,108,119,128,129,131,135,138,145,147,151,159,161,166,168,172,174,176,178,179,181,188,192,195,199,202,204,208,214,216,217,219,220,221,227,235,238,240,242,245,246,252,262,264,265,267,270,274,275,281,282,287],[1,8,10,11,13,15,22,24,28,30,31,32,35,40,49,51,52,57,58,60,72,75,76,81,82,84,87,89,90,93,97,105,110,111,113,121,122,130,137,139,141,149,150,157,180,185,186,196,201,203,206,207,213,222,232,233,243,251,255,257,258,259,261,266,268,271,273,279,285,290,295]].
[[3,9,12,18,19,20,29,33,34,36,37,46,54,59,69,77,83,91,100,102,108,119,128,129,131,135,138,145,147,151,159,161,166,168,172,174,176,178,179,181,188,192,195,199,202,204,208,214,216,217,219,220,221,227,235,238,240,242,245,246,252,262,264,265,267,270,274,275,281,282,287],[2,6,14,17,21,43,44,53,62,63,68,78,79,88,92,95,117,124,125,133,140,144,153,155,158,165,167,169,171,173,189,191,193,194,198,210,211,223,234,244,250,272,277,280,289,291,292,293,300],[4,5,7,16,23,25,26,27,38,39,41,42,45,47,48,50,55,56,61,64,65,66,67,70,71,73,74,80,85,86,94,96,98,99,101,103,104,106,107,109,112,114,115,116,118,120,123,126,127,132,134,136,142,143,146,148,152,154,156,160,162,163,164,170,175,177,182,183,184,187,190,197,200,205,209,212,215,218,224,225,226,228,229,230,231,236,237,239,241,247,248,249,253,254,256,260,263,269,276,278,283,284,286,288,294,296,297,298,299]].
[[1,8,10,11,13,15,22,24,28,30,31,32,35,40,49,51,52,57,58,60,72,75,76,81,82,84,87,89,90,93,97,105,110,111,113,121,122,130,137,139,141,149,150,157,180,185,186,196,201,203,206,207,213,222,232,233,243,251,255,257,258,259,261,266,268,271,273,279,285,290,295],[4,5,7,16,23,25,26,27,38,39,41,42,45,47,48,50,55,56,61,64,65,66,67,70,71,73,74,80,85,86,94,96,98,99,101,103,104,106,107,109,112,114,115,116,118,120,123,126,127,132,134,136,142,143,146,148,152,154,156,160,162,163,164,170,175,177,182,183,184,187,190,197,200,205,209,212,215,218,224,225,226,228,229,230,231,236,237,239,241,247,248,249,253,254,256,260,263,269,276,278,283,284,286,288,294,296,297,298,299],[2,6,14,17,21,43,44,53,62,63,68,78,79,88,92,95,117,124,125,133,140,144,153,155,158,165,167,169,171,173,189,191,193,194,198,210,211,223,234,244,250,272,277,280,289,291,292,293,300]].
[[1,8,10,11,13,15,22,24,28,30,31,32,35,40,49,51,52,57,58,60,72,75,76,81,82,84,87,89,90,93,97,105,110,111,113,121,122,130,137,139,141,149,150,157,180,185,186,196,201,203,206,207,213,222,232,233,243,251,255,257,258,259,261,266,268,271,273,279,285,290,295],[4,5,7,16,23,25,26,27,38,39,41,42,45,47,48,50,55,56,61,64,65,66,67,70,71,73,74,80,85,86,94,96,98,99,101,103,104,106,107,109,112,114,115,116,118,120,123,126,127,132,134,136,142,143,146,148,152,154,156,160,162,163,164,170,175,177,182,183,184,187,190,197,200,205,209,212,215,218,224,225,226,228,229,230,231,236,237,239,241,247,248,249,253,254,256,260,263,269,276,278,283,284,286,288,294,296,297,298,299],[2,6,14,17,21,43,44,53,62,63,68,78,79,88,92,95,117,124,125,133,140,144,153,155,158,165,167,169,171,173,189,191,193,194,198,210,211,223,234,244,250,272,277,280,289,291,292,293,300]].
[[4,5,7,16,23,25,26,27,38,39,41,42,45,47,48,50,55,56,61,64,65,66,67,70,71,73,74,80,85,86,94,96,98,99,101,103,104,106,107,109,112,114,115,116,118,120,123,126,127,132,134,136,142,143,146,148,152,154,156,160,162,163,164,170,175,177,182,183,184,187,190,197,200,205,209,212,215,218,224,225,226,228,229,230,231,236,237,239,241,247,248,249,253,254,256,260,263,269,276,278,283,284,286,288,294,296,297,298,299],[1,8,10,11,13,15,22,24,28,30,31,32,35,40,49,51,52,57,58,60,72,75,76,81,82,84,87,89,90,93,97,105,110,111,113,121,122,130,137,139,141,149,150,157,180,185,186,196,201,203,206,207,213,222,232,233,243,251,255,257,258,259,261,266,268,271,273,279,285,290,295],[3,9,12,18,19,20,29,33,34,36,37,46,54,59,69,77,83,91,100,102,108,119,128,129,131,135,138,145,147,151,159,161,166,168,172,174,176,178,179,181,188,192,195,199,202,204,208,214,216,217,219,220,221,227,235,238,240,242,245,246,252,262,264,265,267,270,274,275,281,282,287]].
[[2,6,14,17,21,43,44,53,62,63,68,78,79,88,92,95,117,124,125,133,140,144,153,155,158,165,167,169,171,173,189,191,193,194,198,210,211,223,234,244,250,272,277,280,289,291,292,293,300],[3,9,12,18,19,20,29,33,34,36,37,46,54,59,69,77,83,91,100,102,108,119,128,129,131,135,138,145,147,151,159,161,166,168,172,174,176,178,179,181,188,192,195,199,202,204,208,214,216,217,219,220,221,227,235,238,240,242,245,246,252,262,264,265,267,270,274,275,281,282,287],[1,8,10,11,13,15,22,24,28,30,31,32,35,40,49,51,52,57,58,60,72,75,76,81,82,84,87,89,90,93,97,105,110,111,113,121,122,130,137,139,141,149,150,157,180,185,186,196,201,203,206,207,213,222,232,233,243,251,255,257,258,259,261,266,268,271,273,279,285,290,295]].
[[2,6,14,17,21,43,44,53,62,63,68,78,79,88,92,95,117,124,125,133,140,144,153,155,158,165,167,169,171,173,189,191,193,194,198,210,211,223,234,244,250,272,277,280,289,291,292,293,300],[3,9,12,18,19,20,29,33,34,36,37,46,54,59,69,77,83,91,100,102,108,119,128,129,131,135,138,145,147,151,159,161,166,168,172,174,176,178,179,181,188,192,195,199,202,204,208,214,216,217,219,220,221,227,235,238,240,242,245,246,252,262,264,265,267,270,274,275,281,282,287],[1,8,10,11,13,15,22,24,28,30,31,32,35,40,49,51,52,57,58,60,72,75,76,81,82,84,87,89,90,93,97,105,110,111,113,121,122,130,137,139,141,149,150,157,180,185,186,196,201,203,206,207,213,222,232,233,243,251,255,257,258,259,261,266,268,271,273,279,285,290,295]].
[[2,6,14,17,21,43,44,53,62,63,68,78,79,88,92,95,117,124,125,133,140,144,153,155,158,165,167,169,171,173,189,191,193,194,198,210,211,223,234,244,250,272,277,280,289,291,292,293,300],[3,9,12,18,19,20,29,33,34,36,37,46,54,59,69,77,83,91,100,102,108,119,128,129,131,135,138,145,147,151,159,161,166,168,172,174,176,178,179,181,188,192,195,199,202,204,208,214,216,217,219,220,221,227,235,238,240,242,245,246,252,262,264,265,267,270,274,275,281,282,287],[1,8,10,11,13,15,22,24,28,30,31,32,35,40,49,51,52,57,58,60,72,75,76,81,82,84,87,89,90,93,97,105,110,111,113,121,122,130,137,139,141,149,150,157,180,185,186,196,201,203,206,207,213,222,232,233,243,251,255,257,258,259,261,266,268,271,273,279,285,290,295]].
[[3,9,12,18,19,20,29,33,34,36,37,46,54,59,69,77,83,91,100,102,108,119,128,129,131,135,138,145,147,151,159,161,166,168,172,174,176,178,179,181,188,192,195,199,202,204,208,214,216,217,219,220,221,227,235,238,240,242,245,246,252,262,264,265,267,270,274,275,281,282,287],[2,6,14,17,21,43,44,53,62,63,68,78,79,88,92,95,117,124,125,133,140,144,153,155,158,165,167,169,171,173,189,191,193,194,198,210,211,223,234,244,250,272,277,280,289,291,292,293,300],[4,5,7,16,23,25,26,27,38,39,41,42,45,47,48,50,55,56,61,64,65,66,67,70,71,73,74,80,85,86,94,96,98,99,101,103,104,106,107,109,112,114,115,116,118,120,123,126,127,132,134,136,142,143,146,148,152,154,156,160,162,163,164,170,175,177,182,183,184,187,190,197,200,205,209,212,215,218,224,225,226,228,229,230,231,236,237,239,241,247,248,249,253,254,256,260,263,269,276,278,283,284,286,288,294,296,297,298,299]].
[[3,9,12,18,19,20,29,33,34,36,37,46,54,59,69,77,83,91,100,102,108,119,128,129,131,135,138,145,147,151,159,161,166,168,172,174,176,178,179,181,188,192,195,199,202,204,208,214,216,217,219,220,221,227,235,238,240,242,245,246,252,262,264,265,267,270,274,275,281,282,287],[2,6,14,17,21,43,44,53,62,63,68,78,79,88,92,95,117,124,125,133,140,144,153,155,158,165,167,169,171,173,189,191,193,194,198,210,211,223,234,244,250,272,277,280,289,291,292,293,300],[4,5,7,16,23,25,26,27,38,39,41,42,45,47,48,50,55,56,61,64,65,66,67,70,71,73,74,80,85,86,94,96,98,99,101,103,104,106,107,109,112,114,115,116,118,120,123,126,127,132,134,136,142,143,146,148,152,154,156,160,162,163,164,170,175,177,182,183,184,187,190,197,200,205,209,212,215,218,224,225,226,228,229,230,231,236,237,239,241,247,248,249,253,254,256,260,263,269,276,278,283,284,286,288,294,296,297,298,299]].
[[4,5,7,16,23,25,26,27,38,39,41,42,45,47,48,50,55,56,61,64,65,66,67,70,71,73,74,80,85,86,94,96,98,99,101,103,104,106,107,109,112,114,115,116,118,120,123,126,127,132,134,136,142,143,146,148,152,154,156,160,162,163,164,170,175,177,182,183,184,187,190,197,200,205,209,212,215,218,224,225,226,228,229,230,231,236,237,239,241,247,248,249,253,254,256,260,263,269,276,278,283,284,286,288,294,296,297,298,299],[1,8,10,11,13,15,22,24,28,30,31,32,35,40,49,51,52,57,58,60,72,75,76,81,82,84,87,89,90,93,97,105,110,111,113,121,122,130,137,139,141,149,150,157,180,185,186,196,201,203,206,207,213,222,232,233,243,251,255,257,258,259,261,266,268,271,273,279,285,290,295],[3,9,12,18,19,20,29,33,34,36,37,46,54,59,69,77,83,91,100,102,108,119,128,129,131,135,138,145,147,151,159,161,166,168,172,174,176,178,179,181,188,192,195,199,202,204,208,214,216,217,219,220,221,227,235,238,240,242,245,246,252,262,264,265,267,270,274,275,281,282,287]].
[[3,9,12,18,19,20,29,33,34,36,37,46,54,59,69,77,83,91,100,102,108,119,128,129,131,135,138,145,147,151,159,161,166,168,172,174,176,178,179,181,188,192,195,199,202,204,208,214,216,217,219,220,221,227,235,238,240,242,245,246,252,262,264,265,267,270,274,275,281,282,287],[2,6,14,17,21,43,44,53,62,63,68,78,79,88,92,95,117,124,125,133,140,144,153,155,158,165,167,169,171,173,189,191,193,194,198,210,211,223,234,244,250,272,277,280,289,291,292,293,300],[4,5,7,16,23,25,26,27,38,39,41,42,45,47,48,50,55,56,61,64,65,66,67,70,71,73,74,80,85,86,94,96,98,99,101,103,104,106,107,109,112,114,115,116,118,120,123,126,127,132,134,136,142,143,146,148,152,154,156,160,162,163,164,170,175,177,182,183,184,187,190,197,200,205,209,212,215,218,224,225,226,228,229,230,231,236,237,239,241,247,248,249,253,254,256,260,263,269,276,278,283,284,286,288,294,296,297,298,299]].
[[2,6,14,17,21,43,44,53,62,63,68,78,79,88,92,95,117,124,125,133,140,144,153,155,158,165,167,169,171,173,189,191,193,194,198,210,211,223,234,244,250,272,277,280,289,291,292,293,300],[3,9,12,18,19,20,29,33,34,36,37,46,54,59,69,77,83,91,100,102,108,119,128,129,131,135,138,145,147,151,159,161,166,168,172,174,176,178,179,181,188,192,195,199,202,204,208,214,216,217,219,220,221,227,235,238,240,242,245,246,252,262,264,265,267,270,274,275,281,282,287],[1,8,10,11,13,15,22,24,28,30,31,32,35,40,49,51,52,57,58,60,72,75,76,81,82,84,87,89,90,93,97,105,110,111,113,121,122,130,137,139,141,149,150,157,180,185,186,196,201,203,206,207,213,222,232,233,243,251,255,257,258,259,261,266,268,271,273,279,285,290,295]].
[[3,9,12,18,19,20,29,33,34,36,37,46,54,59,69,77,83,91,100,102,108,119,128,129,131,135,138,145,147,151,159,161,166,168,172,174,176,178,179,181,188,192,195,199,202,204,208,214,216,217,219,220,221,227,235,238,240,242,245,246,252,262,264,265,267,270,274,275,281,282,287],[2,6,14,17,21,43,44,53,62,63,68,78,79,88,92,95,117,124,125,133,140,144,153,155,158,165,167,169,171,173,189,191,193,194,198,210,211,223,234,244,250,272,277,280,289,291,292,293,300],[4,5,7,16,23,25,26,27,38,39,41,42,45,47,48,50,55,56,61,64,65,66,67,70,71,73,74,80,85,86,94,96,98,99,101,103,104,106,107,109,112,114,115,116,118,120,123,126,127,132,134,136,142,143,146,148,152,154,156,160,162,163,164,170,175,177,182,183,184,187,190,197,200,205,209,212,215,218,224,225,226,228,229,230,231,236,237,239,241,247,248,249,253,254,256,260,263,269,276,278,283,284,286,288,294,296,297,298,299]].
[[4,5,7,16,23,25,26,27,38,39,41,42,45,47,48,50,55,56,61,64,65,66,67,70,71,73,74,80,85,86,94,96,98,99,101,103,104,106,107,109,112,114,115,116,118,120,123,126,127,132,134,136,142,143,146,148,152,154,156,160,162,163,164,170,175,177,182,183,184,187,190,197,200,205,209,212,215,218,224,225,226,228,229,230,231,236,237,239,241,247,248,249,253,254,256,260,263,269,276,278,283,284,286,288,294,296,297,298,299],[1,8,10,11,13,15,22,24,28,30,31,32,35,40,49,51,52,57,58,60,72,75,76,81,82,84,87,89,90,93,97,105,110,111,113,121,122,130,137,139,141,149,150,157,180,185,186,196,201,203,206,207,213,222,232,233,243,251,255,257,258,259,261,266,268,271,273,279,285,290,295],[3,9,12,18,19,20,29,33,34,36,37,46,54,59,69,77,83,91,100,102,108,119,128,129,131,135,138,145,147,151,159,161,166,168,172,174,176,178,179,181,188,192,195,199,202,204,208,214,216,217,219,220,221,227,235,238,240,242,245,246,252,262,264,265,267,270,274,275,281,282,287]].
[[1,8,10,11,13,15,22,24,28,30,31,32,35,40,49,51,52,57,58,60,72,75,76,81,82,84,87,89,90,93,97,105,110,111,113,121,122,130,137,139,141,149,150,157,180,185,186,196,201,203,206,207,213,222,232,233,243,251,255,257,258,259,261,266,268,271,273,279,285,290,295],[4,5,7,16,23,25,26,27,38,39,41,42,45,47,48,50,55,56,61,64,65,66,67,70,71,73,74,80,85,86,94,96,98,99,101,103,104,106,107,109,112,114,115,116,118,120,123,126,127,132,134,136,142,143,146,148,152,154,156,160,162,163,164,170,175,177,182,183,184,187,190,197,200,205,209,212,215,218,224,225,226,228,229,230,231,236,237,239,241,247,248,249,253,254,256,260,263,269,276,278,283,284,286,288,294,296,297,298,299],[2,6,14,17,21,43,44,53,62,63,68,78,79,88,92,95,117,124,125,133,140,144,153,155,158,165,167,169,171,173,189,191,193,194,198,210,211,223,234,244,250,272,277,280,289,291,292,293,300]].
[[3,9,12,18,19,20,29,33,34,36,37,46,54,59,69,77,83,91,100,102,108,119,128,129,131,135,138,145,147,151,159,161,166,168,172,174,176,178,179,181,188,192,195,199,202,204,208,214,216,217,219,220,221,227,235,238,240,242,245,246,252,262,264,265,267,270,274,275,281,282,287],[2,6,14,17,21,43,44,53,62,63,68,78,79,88,92,95,117,124,125,133,140,144,153,155,158,165,167,169,171,173,189,191,193,194,198,210,211,223,234,244,250,272,277,280,289,291,292,293,300],[4,5,7,16,23,25,26,27,38,39,41,42,45,47,48,50,55,56,61,64,65,66,67,70,71,73,74,80,85,86,94,96,98,99,101,103,104,106,107,109,112,114,115,116,118,120,123,126,127,132,134,136,142,143,146,148,152,154,156,160,162,163,164,170,175,177,182,183,184,187,190,197,200,205,209,212,215,218,224,225,226,228,229,230,231,236,237,239,241,247,248,249,253,254,256,260,263,269,276,278,283,284,286,288,294,296,297,298,299]].
[[1,8,10,11,13,15,22,24,28,30,31,32,35,40,49,51,52,57,58,60,72,75,76,81,82,84,87,89,90,93,97,105,110,111,113,121,122,130,137,139,141,149,150,157,180,185,186,196,201,203,206,207,213,222,232,233,243,251,255,257,258,259,261,266,268,271,273,279,285,290,295],[4,5,7,16,23,25,26,27,38,39,41,42,45,47,48,50,55,56,61,64,65,66,67,70,71,73,74,80,85,86,94,96,98,99,101,103,104,106,107,109,112,114,115,116,118,120,123,126,127,132,134,136,142,143,146,148,152,154,156,160,162,163,164,170,175,177,182,183,184,187,190,197,200,205,209,212,215,218,224,225,226,228,229,230,231,236,237,239,241,247,248,249,253,254,256,260,263,269,276,278,283,284,286,288,294,296,297,298,299],[2,6,14,17,21,43,44,53,62,63,68,78,79,88,92,95,117,124,125,133,140,144,153,155,158,165,167,169,171,173,189,191,193,194,198,210,211,223,234,244,250,272,277,280,289,291,292,293,300]].
[[3,9,12,18,19,20,29,33,34,36,37,46,54,59,69,77,83,91,100,102,108,119,128,129,131,135,138,145,147,151,159,161,166,168,172,174,176,178,179,181,188,192,195,199,202,204,208,214,216,217,219,220,221,227,235,238,240,242,245,246,252,262,264,265,267,270,274,275,281,282,287],[2,6,14,17,21,43,44,53,62,63,68,78,79,88,92,95,117,124,125,133,140,144,153,155,158,165,167,169,171,173,189,191,193,194,198,210,211,223,234,244,250,272,277,280,289,291,292,293,300],[4,5,7,16,23,25,26,27,38,39,41,42,45,47,48,50,55,56,61,64,65,66,67,70,71,73,74,80,85,86,94,96,98,99,101,103,104,106,107,109,112,114,115,116,118,120,123,126,127,132,134,136,142,143,146,148,152,154,156,160,162,163,164,170,175,177,182,183,184,187,190,197,200,205,209,212,215,218,224,225,226,228,229,230,231,236,237,239,241,247,248,249,253,254,256,260,263,269,276,278,283,284,286,288,294,296,297,298,299]].
[[3,9,12,18,19,20,29,33,34,36,37,46,54,59,69,77,83,91,100,102,108,119,128,129,131,135,138,145,147,151,159,161,166,168,172,174,176,178,179,181,188,192,195,199,202,204,208,214,216,217,219,220,221,227,235,238,240,242,245,246,252,262,264,265,267,270,274,275,281,282,287],[2,6,14,17,21,43,44,53,62,63,68,78,79,88,92,95,117,124,125,133,140,144,153,155,158,165,167,169,171,173,189,191,193,194,198,210,211,223,234,244,250,272,277,280,289,291,292,293,300],[4,5,7,16,23,25,26,27,38,39,41,42,45,47,48,50,55,56,61,64,65,66,67,70,71,73,74,80,85,86,94,96,98,99,101,103,104,106,107,109,112,114,115,116,118,120,123,126,127,132,134,136,142,143,146,148,152,154,156,160,162,163,164,170,175,177,182,183,184,187,190,197,200,205,209,212,215,218,224,225,226,228,229,230,231,236,237,239,241,247,248,249,253,254,256,260,263,269,276,278,283,284,286,288,294,296,297,298,299]].
[[3,9,12,18,19,20,29,33,34,36,37,46,54,59,69,77,83,91,100,102,108,119,128,129,131,135,138,145,147,151,159,161,166,168,172,174,176,178,179,181,188,192,195,199,202,204,208,214,216,217,219,220,221,227,235,238,240,242,245,246,252,262,264,265,267,270,274,275,281,282,287],[2,6,14,17,21,43,44,53,62,63,68,78,79,88,92,95,117,124,125,133,140,144,153,155,158,165,167,169,171,173,189,191,193,194,198,210,211,223,234,244,250,272,277,280,289,291,292,293,300],[4,5,7,16,23,25,26,27,38,39,41,42,45,47,48,50,55,56,61,64,65,66,67,70,71,73,74,80,85,86,94,96,98,99,101,103,104,106,107,109,112,114,115,116,118,120,123,126,127,132,134,136,142,143,146,148,152,154,156,160,162,163,164,170,175,177,182,183,184,187,190,197,200,205,209,212,215,218,224,225,226,228,229,230,231,236,237,239,241,247,248,249,253,254,256,260,263,269,276,278,283,284,286,288,294,296,297,298,299]].
[[3,9,12,18,19,20,29,33,34,36,37,46,54,59,69,77,83,91,100,102,108,119,128,129,131,135,138,145,147,151,159,161,166,168,172,174,176,178,179,181,188,192,195,199,202,204,208,214,216,217,219,220,221,227,235,238,240,242,245,246,252,262,264,265,267,270,274,275,281,282,287],[2,6,14,17,21,43,44,53,62,63,68,78,79,88,92,95,117,124,125,133,140,144,153,155,158,165,167,169,171,173,189,191,193,194,198,210,211,223,234,244,250,272,277,280,289,291,292,293,300],[4,5,7,16,23,25,26,27,38,39,41,42,45,47,48,50,55,56,61,64,65,66,67,70,71,73,74,80,85,86,94,96,98,99,101,103,104,106,107,109,112,114,115,116,118,120,123,126,127,132,134,136,142,143,146,148,152,154,156,160,162,163,164,170,175,177,182,183,184,187,190,197,200,205,209,212,215,218,224,225,226,228,229,230,231,236,237,239,241,247,248,249,253,254,256,260,263,269,276,278,283,284,286,288,294,296,297,298,299]].
[[4,5,7,16,23,25,26,27,38,39,41,42,45,47,48,50,55,56,61,64,65,66,67,70,71,73,74,80,85,86,94,96,98,99,101,103,104,106,107,109,112,114,115,116,118,120,123,126,127,132,134,136,142,143,146,148,152,154,156,160,162,163,164,170,175,177,182,183,184,187,190,197,200,205,209,212,215,218,224,225,226,228,229,230,231,236,237,239,241,247,248,249,253,254,256,260,263,269,276,278,283,284,286,288,294,296,297,298,299],[1,8,10,11,13,15,22,24,28,30,31,32,35,40,49,51,52,57,58,60,72,75,76,81,82,84,87,89,90,93,97,105,110,111,113,121,122,130,137,139,141,149,150,157,180,185,186,196,201,203,206,207,213,222,232,233,243,251,255,257,258,259,261,266,268,271,273,279,285,290,295],[3,9,12,18,19,20,29,33,34,36,37,46,54,59,69,77,83,91,100,102,108,119,128,129,131,135,138,145,147,151,159,161,166,168,172,174,176,178,179,181,188,192,195,199,202,204,208,214,216,217,219,220,221,227,235,238,240,242,245,246,252,262,264,265,267,270,274,275,281,282,287]].
[[1,8,10,11,13,15,22,24,28,30,31,32,35,40,49,51,52,57,58,60,72,75,76,81,82,84,87,89,90,93,97,105,110,111,113,121,122,130,137,139,141,149,150,157,180,185,186,196,201,203,206,207,213,222,232,233,243,251,255,257,258,259,261,266,268,271,273,279,285,290,295],[4,5,7,16,23,25,26,27,38,39,41,42,45,47,48,50,55,56,61,64,65,66,67,70,71,73,74,80,85,86,94,96,98,99,101,103,104,106,107,109,112,114,115,116,118,120,123,126,127,132,134,136,142,143,146,148,152,154,156,160,162,163,164,170,175,177,182,183,184,187,190,197,200,205,209,212,215,218,224,225,226,228,229,230,231,236,237,239,241,247,248,249,253,254,256,260,263,269,276,278,283,284,286,288,294,296,297,298,299],[2,6,14,17,21,43,44,53,62,63,68,78,79,88,92,95,117,124,125,133,140,144,153,155,158,165,167,169,171,173,189,191,193,194,198,210,211,223,234,244,250,272,277,280,289,291,292,293,300]].
[[4,5,7,16,23,25,26,27,38,39,41,42,45,47,48,50,55,56,61,64,65,66,67,70,71,73,74,80,85,86,94,96,98,99,101,103,104,106,107,109,112,114,115,116,118,120,123,126,127,132,134,136,142,143,146,148,152,154,156,160,162,163,164,170,175,177,182,183,184,187,190,197,200,205,209,212,215,218,224,225,226,228,229,230,231,236,237,239,241,247,248,249,253,254,256,260,263,269,276,278,283,284,286,288,294,296,297,298,299],[1,8,10,11,13,15,22,24,28,30,31,32,35,40,49,51,52,57,58,60,72,75,76,81,82,84,87,89,90,93,97,105,110,111,113,121,122,130,137,139,141,149,150,157,180,185,186,196,201,203,206,207,213,222,232,233,243,251,255,257,258,259,261,266,268,271,273,279,285,290,295],[3,9,12,18,19,20,29,33,34,36,37,46,54,59,69,77,83,91,100,102,108,119,128,129,131,135,138,145,147,151,159,161,166,168,172,174,176,178,179,181,188,192,195,199,202,204,208,214,216,217,219,220,221,227,235,238,240,242,245,246,252,262,264,265,267,270,274,275,281,282,287]].
[[2,6,14,17,21,43,44,53,62,63,68,78,79,88,92,95,117,124,125,133,140,144,153,155,158,165,167,169,171,173,189,191,193,194,198,210,211,223,234,244,250,272,277,280,289,291,292,293,300],[3,9,12,18,19,20,29,33,34,36,37,46,54,59,69,77,83,91,100,102,108,119,128,129,131,135,138,145,147,151,159,161,166,168,172,174,176,178,179,181,188,192,195,199,202,204,208,214,216,217,219,220,221,227,235,238,240,242,245,246,252,262,264,265,267,270,274,275,281,282,287],[1,8,10,11,13,15,22,24,28,30,31,32,35,40,49,51,52,57,58,60,72,75,76,81,82,84,87,89,90,93,97,105,110,111,113,121,122,130,137,139,141,149,150,157,180,185,186,196,201,203,206,207,213,222,232,233,243,251,255,257,258,259,261,266,268,271,273,279,285,290,295]].
[[3,9,12,18,19,20,29,33,34,36,37,46,54,59,69,77,83,91,100,102,108,119,128,129,131,135,138,145,147,151,159,161,166,168,172,174,176,178,179,181,188,192,195,199,202,204,208,214,216,217,219,220,221,227,235,238,240,242,245,246,252,262,264,265,267,270,274,275,281,282,287],[2,6,14,17,21,43,44,53,62,63,68,78,79,88,92,95,117,124,125,133,140,144,153,155,158,165,167,169,171,173,189,191,193,194,198,210,211,223,234,244,250,272,277,280,289,291,292,293,300],[4,5,7,16,23,25,26,27,38,39,41,42,45,47,48,50,55,56,61,64,65,66,67,70,71,73,74,80,85,86,94,96,98,99,101,103,104,106,107,109,112,114,115,116,118,120,123,126,127,132,134,136,142,143,146,148,152,154,156,160,162,163,164,170,175,177,182,183,184,187,190,197,200,205,209,212,215,218,224,225,226,228,229,230,231,236,237,239,241,247,248,249,253,254,256,260,263,269,276,278,283,284,286,288,294,296,297,298,299]].
[[4,5,7,16,23,25,26,27,38,39,41,42,45,47,48,50,55,56,61,64,65,66,67,70,71,73,74,80,85,86,94,96,98,99,101,103,104,106,107,109,112,114,115,116,118,120,123,126,127,132,134,136,142,143,146,148,152,154,156,160,162,163,164,170,175,177,182,183,184,187,190,197,200,205,209,212,215,218,224,225,226,228,229,230,231,236,237,239,241,247,248,249,253,254,256,260,263,269,276,278,283,284,286,288,294,296,297,298,299],[1,8,10,11,13,15,22,24,28,30,31,32,35,40,49,51,52,57,58,60,72,75,76,81,82,84,87,89,90,93,97,105,110,111,113,121,122,130,137,139,141,149,150,157,180,185,186,196,201,203,206,207,213,222,232,233,243,251,255,257,258,259,261,266,268,271,273,279,285,290,295],[3,9,12,18,19,20,29,33,34,36,37,46,54,59,69,77,83,91,100,102,108,119,128,129,131,135,138,145,147,151,159,161,166,168,172,174,176,178,179,181,188,192,195,199,202,204,208,214,216,217,219,220,221,227,235,238,240,242,245,246,252,262,264,265,267,270,274,275,281,282,287]].
[[3,9,12,18,19,20,29,33,34,36,37,46,54,59,69,77,83,91,100,102,108,119,128,129,131,135,138,145,147,151,159,161,166,168,172,174,176,178,179,181,188,192,195,199,202,204,208,214,216,217,219,220,221,227,235,238,240,242,245,246,252,262,264,265,267,270,274,275,281,282,287],[2,6,14,17,21,43,44,53,62,63,68,78,79,88,92,95,117,124,125,133,140,144,153,155,158,165,167,169,171,173,189,191,193,194,198,210,211,223,234,244,250,272,277,280,289,291,292,293,300],[4,5,7,16,23,25,26,27,38,39,41,42,45,47,48,50,55,56,61,64,65,66,67,70,71,73,74,80,85,86,94,96,98,99,101,103,104,106,107,109,112,114,115,116,118,120,123,126,127,132,134,136,142,143,146,148,152,154,156,160,162,163,164,170,175,177,182,183,184,187,190,197,200,205,209,212,215,218,224,225,226,228,229,230,231,236,237,239,241,247,248,249,253,254,256,260,263,269,276,278,283,284,286,288,294,296,297,298,299]].
[[2,6,14,17,21,43,44,53,62,63,68,78,79,88,92,95,117,124,125,133,140,144,153,155,158,165,167,169,171,173,189,191,193,194,198,210,211,223,234,244,250,272,277,280,289,291,292,293,300],[3,9,12,18,19,20,29,33,34,36,37,46,54,59,69,77,83,91,100,102,108,119,128,129,131,135,138,145,147,151,159,161,166,168,172,174,176,178,179,181,188,192,195,199,202,204,208,214,216,217,219,220,221,227,235,238,240,242,245,246,252,262,264,265,267,270,274,275,281,282,287],[1,8,10,11,13,15,22,24,28,30,31,32,35,40,49,51,52,57,58,60,72,75,76,81,82,84,87,89,90,93,97,105,110,111,113,121,122,130,137,139,141,149,150,157,180,185,186,196,201,203,206,207,213,222,232,233,243,251,255,257,258,259,261,266,268,271,273,279,285,290,295]].
[[2,6,14,17,21,43,44,53,62,63,68,78,79,88,92,95,117,124,125,133,140,144,153,155,158,165,167,169,171,173,189,191,193,194,198,210,211,223,234,244,250,272,277,280,289,291,292,293,300],[3,9,12,18,19,20,29,33,34,36,37,46,54,59,69,77,83,91,100,102,108,119,128,129,131,135,138,145,147,151,159,161,166,168,172,174,176,178,179,181,188,192,195,199,202,204,208,214,216,217,219,220,221,227,235,238,240,242,245,246,252,262,264,265,267,270,274,275,281,282,287],[1,8,10,11,13,15,22,24,28,30,31,32,35,40,49,51,52,57,58,60,72,75,76,81,82,84,87,89,90,93,97,105,110,111,113,121,122,130,137,139,141,149,150,157,180,185,186,196,201,203,206,207,213,222,232,233,243,251,255,257,258,259,261,266,268,271,273,279,285,290,295]].
[[2,6,14,17,21,43,44,53,62,63,68,78,79,88,92,95,117,124,125,133,140,144,153,155,158,165,167,169,171,173,189,191,193,194,198,210,211,223,234,244,250,272,277,280,289,291,292,293,300],[3,9,12,18,19,20,29,33,34,36,37,46,54,59,69,77,83,91,100,102,108,119,128,129,131,135,138,145,147,151,159,161,166,168,172,174,176,178,179,181,188,192,195,199,202,204,208,214,216,217,219,220,221,227,235,238,240,242,245,246,252,262,264,265,267,270,274,275,281,282,287],[1,8,10,11,13,15,22,24,28,30,31,32,35,40,49,51,52,57,58,60,72,75,76,81,82,84,87,89,90,93,97,105,110,111,113,121,122,130,137,139,141,149,150,157,180,185,186,196,201,203,206,207,213,222,232,233,243,251,255,257,258,259,261,266,268,271,273,279,285,290,295]].
[[3,9,12,18,19,20,29,33,34,36,37,46,54,59,69,77,83,91,100,102,108,119,128,129,131,135,138,145,147,151,159,161,166,168,172,174,176,178,179,181,188,192,195,199,202,204,208,214,216,217,219,220,221,227,235,238,240,242,245,246,252,262,264,265,267,270,274,275,281,282,287],[2,6,14,17,21,43,44,53,62,63,68,78,79,88,92,95,117,124,125,133,140,144,153,155,158,165,167,169,171,173,189,191,193,194,198,210,211,223,234,244,250,272,277,280,289,291,292,293,300],[4,5,7,16,23,25,26,27,38,39,41,42,45,47,48,50,55,56,61,64,65,66,67,70,71,73,74,80,85,86,94,96,98,99,101,103,104,106,107,109,112,114,115,116,118,120,123,126,127,132,134,136,142,143,146,148,152,154,156,160,162,163,164,170,175,177,182,183,184,187,190,197,200,205,209,212,215,218,224,225,226,228,229,230,231,236,237,239,241,247,248,249,253,254,256,260,263,269,276,278,283,284,286,288,294,296,297,298,299]].
[[2,6,14,17,21,43,44,53,62,63,68,78,79,88,92,95,117,124,125,133,140,144,153,155,158,165,167,169,171,173,189,191,193,194,198,210,211,223,234,244,250,272,277,280,289,291,292,293,300],[3,9,12,18,19,20,29,33,34,36,37,46,54,59,69,77,83,91,100,102,108,119,128,129,131,135,138,145,147,151,159,161,166,168,172,174,176,178,179,181,188,192,195,199,202,204,208,214,216,217,219,220,221,227,235,238,240,242,245,246,252,262,264,265,267,270,274,275,281,282,287],[1,8,10,11,13,15,22,24,28,30,31,32,35,40,49,51,52,57,58,60,72,75,76,81,82,84,87,89,90,93,97,105,110,111,113,121,122,130,137,139,141,149,150,157,180,185,186,196,201,203,206,207,213,222,232,233,243,251,255,257,258,259,261,266,268,271,273,279,285,290,295]].
[[3,9,12,18,19,20,29,33,34,36,37,46,54,59,69,77,83,91,100,102,108,119,128,129,131,135,138,145,147,151,159,161,166,168,172,174,176,178,179,181,188,192,195,199,202,204,208,214,216,217,219,220,221,227,235,238,240,242,245,246,252,262,264,265,267,270,274,275,281,282,287],[2,6,14,17,21,43,44,53,62,63,68,78,79,88,92,95,117,124,125,133,140,144,153,155,158,165,167,169,171,173,189,191,193,194,198,210,211,223,234,244,250,272,277,280,289,291,292,293,300],[4,5,7,16,23,25,26,27,38,39,41,42,45,47,48,50,55,56,61,64,65,66,67,70,71,73,74,80,85,86,94,96,98,99,101,103,104,106,107,109,112,114,115,116,118,120,123,126,127,132,134,136,142,143,146,148,152,154,156,160,162,163,164,170,175,177,182,183,184,187,190,197,200,205,209,212,215,218,224,225,226,228,229,230,231,236,237,239,241,247,248,249,253,254,256,260,263,269,276,278,283,284,286,288,294,296,297,298,299]].
[[1,8,10,11,13,15,22,24,28,30,31,32,35,40,49,51,52,57,58,60,72,75,76,81,82,84,87,89,90,93,97,105,110,111,113,121,122,130,137,139,141,149,150,157,180,185,186,196,201,203,206,207,213,222,232,233,243,251,255,257,258,259,261,266,268,271,273,279,285,290,295],[4,5,7,16,23,25,26,27,38,39,41,42,45,47,48,50,55,56,61,64,65,66,67,70,71,73,74,80,85,86,94,96,98,99,101,103,104,106,107,109,112,114,115,116,118,120,123,126,127,132,134,136,142,143,146,148,152,154,156,160,162,163,164,170,175,177,182,183,184,187,190,197,200,205,209,212,215,218,224,225,226,228,229,230,231,236,237,239,241,247,248,249,253,254,256,260,263,269,276,278,283,284,286,288,294,296,297,298,299],[2,6,14,17,21,43,44,53,62,63,68,78,79,88,92,95,117,124,125,133,140,144,153,155,158,165,167,169,171,173,189,191,193,194,198,210,211,223,234,244,250,272,277,280,289,291,292,293,300]].
[[2,6,14,17,21,43,44,53,62,63,68,78,79,88,92,95,117,124,125,133,140,144,153,155,158,165,167,169,171,173,189,191,193,194,198,210,211,223,234,244,250,272,277,280,289,291,292,293,300],[3,9,12,18,19,20,29,33,34,36,37,46,54,59,69,77,83,91,100,102,108,119,128,129,131,135,138,145,147,151,159,161,166,168,172,174,176,178,179,181,188,192,195,199,202,204,208,214,216,217,219,220,221,227,235,238,240,242,245,246,252,262,264,265,267,270,274,275,281,282,287],[1,8,10,11,13,15,22,24,28,30,31,32,35,40,49,51,52,57,58,60,72,75,76,81,82,84,87,89,90,93,97,105,110,111,113,121,122,130,137,139,141,149,150,157,180,185,186,196,201,203,206,207,213,222,232,233,243,251,255,257,258,259,261,266,268,271,273,279,285,290,295]].
[[4,5,7,16,23,25,26,27,38,39,41,42,45,47,48,50,55,56,61,64,65,66,67,70,71,73,74,80,85,86,94,96,98,99,101,103,104,106,107,109,112,114,115,116,118,120,123,126,127,132,134,136,142,143,146,148,152,154,156,160,162,163,164,170,175,177,182,183,184,187,190,197,200,205,209,212,215,218,224,225,226,228,229,230,231,236,237,239,241,247,248,249,253,254,256,260,263,269,276,278,283,284,286,288,294,296,297,298,299],[1,8,10,11,13,15,22,24,28,30,31,32,35,40,49,51,52,57,58,60,72,75,76,81,82,84,87,89,90,93,97,105,110,111,113,121,122,130,137,139,141,149,150,157,180,185,186,196,201,203,206,207,213,222,232,233,243,251,255,257,258,259,261,266,268,271,273,279,285,290,295],[3,9,12,18,19,20,29,33,34,36,37,46,54,59,69,77,83,91,100,102,108,119,128,129,131,135,138,145,147,151,159,161,166,168,172,174,176,178,179,181,188,192,195,199,202,204,208,214,216,217,219,220,221,227,235,238,240,242,245,246,252,262,264,265,267,270,274,275,281,282,287]].
[[1,8,10,11,13,15,22,24,28,30,31,32,35,40,49,51,52,57,58,60,72,75,76,81,82,84,87,89,90,93,97,105,110,111,113,121,122,130,137,139,141,149,150,157,180,185,186,196,201,203,206,207,213,222,232,233,243,251,255,257,258,259,261,266,268,271,273,279,285,290,295],[4,5,7,16,23,25,26,27,38,39,41,42,45,47,48,50,55,56,61,64,65,66,67,70,71,73,74,80,85,86,94,96,98,99,101,103,104,106,107,109,112,114,115,116,118,120,123,126,127,132,134,136,142,143,146,148,152,154,156,160,162,163,164,170,175,177,182,183,184,187,190,197,200,205,209,212,215,218,224,225,226,228,229,230,231,236,237,239,241,247,248,249,253,254,256,260,263,269,276,278,283,284,286,288,294,296,297,298,299],[2,6,14,17,21,43,44,53,62,63,68,78,79,88,92,95,117,124,125,133,140,144,153,155,158,165,167,169,171,173,189,191,193,194,198,210,211,223,234,244,250,272,277,280,289,291,292,293,300]].
[[1,8,10,11,13,15,22,24,28,30,31,32,35,40,49,51,52,57,58,60,72,75,76,81,82,84,87,89,90,93,97,105,110,111,113,121,122,130,137,139,141,149,150,157,180,185,186,196,201,203,206,207,213,222,232,233,243,251,255,257,258,259,261,266,268,271,273,279,285,290,295],[4,5,7,16,23,25,26,27,38,39,41,42,45,47,48,50,55,56,61,64,65,66,67,70,71,73,74,80,85,86,94,96,98,99,101,103,104,106,107,109,112,114,115,116,118,120,123,126,127,132,134,136,142,143,146,148,152,154,156,160,162,163,164,170,175,177,182,183,184,187,190,197,200,205,209,212,215,218,224,225,226,228,229,230,231,236,237,239,241,247,248,249,253,254,256,260,263,269,276,278,283,284,286,288,294,296,297,298,299],[2,6,14,17,21,43,44,53,62,63,68,78,79,88,92,95,117,124,125,133,140,144,153,155,158,165,167,169,171,173,189,191,193,194,198,210,211,223,234,244,250,272,277,280,289,291,292,293,300]].
[[3,9,12,18,19,20,29,33,34,36,37,46,54,59,69,77,83,91,100,102,108,119,128,129,131,135,138,145,147,151,159,161,166,168,172,174,176,178,179,181,188,192,195,199,202,204,208,214,216,217,219,220,221,227,235,238,240,242,245,246,252,262,264,265,267,270,274,275,281,282,287],[2,6,14,17,21,43,44,53,62,63,68,78,79,88,92,95,117,124,125,133,140,144,153,155,158,165,167,169,171,173,189,191,193,194,198,210,211,223,234,244,250,272,277,280,289,291,292,293,300],[4,5,7,16,23,25,26,27,38,39,41,42,45,47,48,50,55,56,61,64,65,66,67,70,71,73,74,80,85,86,94,96,98,99,101,103,104,106,107,109,112,114,115,116,118,120,123,126,127,132,134,136,142,143,146,148,152,154,156,160,162,163,164,170,175,177,182,183,184,187,190,197,200,205,209,212,215,218,224,225,226,228,229,230,231,236,237,239,241,247,248,249,253,254,256,260,263,269,276,278,283,284,286,288,294,296,297,298,299]].
[[1,8,10,11,13,15,22,24,28,30,31,32,35,40,49,51,52,57,58,60,72,75,76,81,82,84,87,89,90,93,97,105,110,111,113,121,122,130,137,139,141,149,150,157,180,185,186,196,201,203,206,207,213,222,232,233,243,251,255,257,258,259,261,266,268,271,273,279,285,290,295],[4,5,7,16,23,25,26,27,38,39,41,42,45,47,48,50,55,56,61,64,65,66,67,70,71,73,74,80,85,86,94,96,98,99,101,103,104,106,107,109,112,114,115,116,118,120,123,126,127,132,134,136,142,143,146,148,152,154,156,160,162,163,164,170,175,177,182,183,184,187,190,197,200,205,209,212,215,218,224,225,226,228,229,230,231,236,237,239,241,247,248,249,253,254,256,260,263,269,276,278,283,284,286,288,294,296,297,298,299],[2,6,14,17,21,43,44,53,62,63,68,78,79,88,92,95,117,124,125,133,140,144,153,155,158,165,167,169,171,173,189,191,193,194,198,210,211,223,234,244,250,272,277,280,289,291,292,293,300]].
[[1,8,10,11,13,15,22,24,28,30,31,32,35,40,49,51,52,57,58,60,72,75,76,81,82,84,87,89,90,93,97,105,110,111,113,121,122,130,137,139,141,149,150,157,180,185,186,196,201,203,206,207,213,222,232,233,243,251,255,257,258,259,261,266,268,271,273,279,285,290,295],[4,5,7,16,23,25,26,27,38,39,41,42,45,47,48,50,55,56,61,64,65,66,67,70,71,73,74,80,85,86,94,96,98,99,101,103,104,106,107,109,112,114,115,116,118,120,123,126,127,132,134,136,142,143,146,148,152,154,156,160,162,163,164,170,175,177,182,183,184,187,190,197,200,205,209,212,215,218,224,225,226,228,229,230,231,236,237,239,241,247,248,249,253,254,256,260,263,269,276,278,283,284,286,288,294,296,297,298,299],[2,6,14,17,21,43,44,53,62,63,68,78,79,88,92,95,117,124,125,133,140,144,153,155,158,165,167,169,171,173,189,191,193,194,198,210,211,223,234,244,250,272,277,280,289,291,292,293,300]].
[[2,6,14,17,21,43,44,53,62,63,68,78,79,88,92,95,117,124,125,133,140,144,153,155,158,165,167,169,171,173,189,191,193,194,198,210,211,223,234,244,250,272,277,280,289,291,292,293,300],[3,9,12,18,19,20,29,33,34,36,37,46,54,59,69,77,83,91,100,102,108,119,128,129,131,135,138,145,147,151,159,161,166,168,172,174,176,178,179,181,188,192,195,199,202,204,208,214,216,217,219,220,221,227,235,238,240,242,245,246,252,262,264,265,267,270,274,275,281,282,287],[1,8,10,11,13,15,22,24,28,30,31,32,35,40,49,51,52,57,58,60,72,75,76,81,82,84,87,89,90,93,97,105,110,111,113,121,122,130,137,139,141,149,150,157,180,185,186,196,201,203,206,207,213,222,232,233,243,251,255,257,258,259,261,266,268,271,273,279,285,290,295]].
[[2,6,14,17,21,43,44,53,62,63,68,78,79,88,92,95,117,124,125,133,140,144,153,155,158,165,167,169,171,173,189,191,193,194,198,210,211,223,234,244,250,272,277,280,289,291,292,293,300],[3,9,12,18,19,20,29,33,34,36,37,46,54,59,69,77,83,91,100,102,108,119,128,129,131,135,138,145,147,151,159,161,166,168,172,174,176,178,179,181,188,192,195,199,202,204,208,214,216,217,219,220,221,227,235,238,240,242,245,246,252,262,264,265,267,270,274,275,281,282,287],[1,8,10,11,13,15,22,24,28,30,31,32,35,40,49,51,52,57,58,60,72,75,76,81,82,84,87,89,90,93,97,105,110,111,113,121,122,130,137,139,141,149,150,157,180,185,186,196,201,203,206,207,213,222,232,233,243,251,255,257,258,259,261,266,268,271,273,279,285,290,295]].
[[4,5,7,16,23,25,26,27,38,39,41,42,45,47,48,50,55,56,61,64,65,66,67,70,71,73,74,80,85,86,94,96,98,99,101,103,104,106,107,109,112,114,115,116,118,120,123,126,127,132,134,136,142,143,146,148,152,154,156,160,162,163,164,170,175,177,182,183,184,187,190,197,200,205,209,212,215,218,224,225,226,228,229,230,231,236,237,239,241,247,248,249,253,254,256,260,263,269,276,278,283,284,286,288,294,296,297,298,299],[1,8,10,11,13,15,22,24,28,30,31,32,35,40,49,51,52,57,58,60,72,75,76,81,82,84,87,89,90,93,97,105,110,111,113,121,122,130,137,139,141,149,150,157,180,185,186,196,201,203,206,207,213,222,232,233,243,251,255,257,258,259,261,266,268,271,273,279,285,290,295],[3,9,12,18,19,20,29,33,34,36,37,46,54,59,69,77,83,91,100,102,108,119,128,129,131,135,138,145,147,151,159,161,166,168,172,174,176,178,179,181,188,192,195,199,202,204,208,214,216,217,219,220,221,227,235,238,240,242,245,246,252,262,264,265,267,270,274,275,281,282,287]].
[[3,9,12,18,19,20,29,33,34,36,37,46,54,59,69,77,83,91,100,102,108,119,128,129,131,135,138,145,147,151,159,161,166,168,172,174,176,178,179,181,188,192,195,199,202,204,208,214,216,217,219,220,221,227,235,238,240,242,245,246,252,262,264,265,267,270,274,275,281,282,287],[2,6,14,17,21,43,44,53,62,63,68,78,79,88,92,95,117,124,125,133,140,144,153,155,158,165,167,169,171,173,189,191,193,194,198,210,211,223,234,244,250,272,277,280,289,291,292,293,300],[4,5,7,16,23,25,26,27,38,39,41,42,45,47,48,50,55,56,61,64,65,66,67,70,71,73,74,80,85,86,94,96,98,99,101,103,104,106,107,109,112,114,115,116,118,120,123,126,127,132,134,136,142,143,146,148,152,154,156,160,162,163,164,170,175,177,182,183,184,187,190,197,200,205,209,212,215,218,224,225,226,228,229,230,231,236,237,239,241,247,248,249,253,254,256,260,263,269,276,278,283,284,286,288,294,296,297,298,299]].
[[2,6,14,17,21,43,44,53,62,63,68,78,79,88,92,95,117,124,125,133,140,144,153,155,158,165,167,169,171,173,189,191,193,194,198,210,211,223,234,244,250,272,277,280,289,291,292,293,300],[3,9,12,18,19,20,29,33,34,36,37,46,54,59,69,77,83,91,100,102,108,119,128,129,131,135,138,145,147,151,159,161,166,168,172,174,176,178,179,181,188,192,195,199,202,204,208,214,216,217,219,220,221,227,235,238,240,242,245,246,252,262,264,265,267,270,274,275,281,282,287],[1,8,10,11,13,15,22,24,28,30,31,32,35,40,49,51,52,57,58,60,72,75,76,81,82,84,87,89,90,93,97,105,110,111,113,121,122,130,137,139,141,149,150,157,180,185,186,196,201,203,206,207,213,222,232,233,243,251,255,257,258,259,261,266,268,271,273,279,285,290,295]].
