[[1,14,15,23,34,37,62,87,135,137,141,145,146,156,171,193,209,214,215,228,237,244,252,264,267,273,278,285],[2,3,5,6,7,8,9,10,11,12,13,16,17,18,19,20,21,22,24,25,26,27,28,29,30,31,32,33,35,36,38,39,42,43,44,45,46,47,48,49,50,51,52,53,54,56,57,58,59,60,61,63,64,65,68,69,70,71,72,73,74,75,76,77,78,80,81,82,83,84,85,86,88,89,90,91,92,93,94,95,96,97,98,99,100,101,104,105,106,107,108,109,110,111,112,113,114,115,116,117,118,119,120,121,122,123,124,125,126,127,128,129,134,136,138,139,140,142,143,144,148,149,150,151,152,153,155,157,158,159,160,162,163,164,165,166,167,168,169,170,174,175,176,177,178,180,181,182,184,185,186,187,189,191,192,194,195,196,198,199,200,202,203,204,205,207,208,210,212,213,216,217,218,219,220,221,222,223,224,225,226,227,229,230,231,232,233,234,235,236,238,239,240,241,242,243,246,247,248,249,250,251,253,254,255,256,257,258,259,260,261,262,263,266,268,270,271,272,274,275,276,277,279,280,281,282,283,284,286,287,288,289,290,291,292,293,294,295,296,297,298,300],[132,179]].
[[1,14,15,23,34,37,62,87,135,137,141,145,146,156,171,193,209,214,215,228,237,244,252,264,267,273,278,285],[2,3,5,6,7,8,9,10,11,12,13,16,17,18,19,20,21,22,24,25,26,27,28,29,30,31,32,33,35,36,38,39,42,43,44,45,46,47,48,49,50,51,52,53,54,56,57,58,59,60,61,63,64,65,68,69,70,71,72,73,74,75,76,77,78,80,81,82,83,84,85,86,88,89,90,91,92,93,94,95,96,97,98,99,100,101,104,105,106,107,108,109,110,111,112,113,114,115,116,117,118,119,120,121,122,123,124,125,126,127,128,129,134,136,138,139,140,142,143,144,148,149,150,151,152,153,155,157,158,159,160,162,163,164,165,166,167,168,169,170,174,175,176,177,178,180,181,182,184,185,186,187,189,191,192,194,195,196,198,199,200,202,203,204,205,207,208,210,212,213,216,217,218,219,220,221,222,223,224,225,226,227,229,230,231,232,233,234,235,236,238,239,240,241,242,243,246,247,248,249,250,251,253,254,255,256,257,258,259,260,261,262,263,266,268,270,271,272,274,275,276,277,279,280,281,282,283,284,286,287,288,289,290,291,292,293,294,295,296,297,298,300],[132,179]].
[[2,3,5,6,7,8,9,10,11,12,13,16,17,18,19,20,21,22,24,25,26,27,28,29,30,31,32,33,35,36,38,39,42,43,44,45,46,47,48,49,50,51,52,53,54,56,57,58,59,60,61,63,64,65,68,69,70,71,72,73,74,75,76,77,78,80,81,82,83,84,85,86,88,89,90,91,92,93,94,95,96,97,98,99,100,101,104,105,106,107,108,109,110,111,112,113,114,115,116,117,118,119,120,121,122,123,124,125,126,127,128,129,134,136,138,139,140,142,143,144,148,149,150,151,152,153,155,157,158,159,160,162,163,164,165,166,167,168,169,170,174,175,176,177,178,180,181,182,184,185,186,187,189,191,192,194,195,196,198,199,200,202,203,204,205,207,208,210,212,213,216,217,218,219,220,221,222,223,224,225,226,227,229,230,231,232,233,234,235,236,238,239,240,241,242,243,246,247,248,249,250,251,253,254,255,256,257,258,259,260,261,262,263,266,268,270,271,272,274,275,276,277,279,280,281,282,283,284,286,287,288,289,290,291,292,293,294,295,296,297,298,300],[1,14,15,23,34,37,62,87,135,137,141,145,146,156,171,193,209,214,215,228,237,244,252,264,267,273,278,285],[4,40,41,55,66,67,79,102,103,130,131,133,147,154,161,172,173,183,188,190,197,201,206,211,245,265,269,299]].
[[2,3,5,6,7,8,9,10,11,12,13,16,17,18,19,20,21,22,24,25,26,27,28,29,30,31,32,33,35,36,38,39,42,43,44,45,46,47,48,49,50,51,52,53,54,56,57,58,59,60,61,63,64,65,68,69,70,71,72,73,74,75,76,77,78,80,81,82,83,84,85,86,88,89,90,91,92,93,94,95,96,97,98,99,100,101,104,105,106,107,108,109,110,111,112,113,114,115,116,117,118,119,120,121,122,123,124,125,126,127,128,129,134,136,138,139,140,142,143,144,148,149,150,151,152,153,155,157,158,159,160,162,163,164,165,166,167,168,169,170,174,175,176,177,178,180,181,182,184,185,186,187,189,191,192,194,195,196,198,199,200,202,203,204,205,207,208,210,212,213,216,217,218,219,220,221,222,223,224,225,226,227,229,230,231,232,233,234,235,236,238,239,240,241,242,243,246,247,248,249,250,251,253,254,255,256,257,258,259,260,261,262,263,266,268,270,271,272,274,275,276,277,279,280,281,282,283,284,286,287,288,289,290,291,292,293,294,295,296,297,298,300],[1,14,15,23,34,37,62,87,135,137,141,145,146,156,171,193,209,214,215,228,237,244,252,264,267,273,278,285],[4,40,41,55,66,67,79,102,103,130,131,133,147,154,161,172,173,183,188,190,197,201,206,211,245,265,269,299]].
[[132,179],[4,40,41,55,66,67,79,102,103,130,131,133,147,154,161,172,173,183,188,190,197,201,206,211,245,265,269,299],[1,14,15,23,34,37,62,87,135,137,141,145,146,156,171,193,209,214,215,228,237,244,252,264,267,273,278,285]].
[[1,14,15,23,34,37,62,87,135,137,141,145,146,156,171,193,209,214,215,228,237,244,252,264,267,273,278,285],[2,3,5,6,7,8,9,10,11,12,13,16,17,18,19,20,21,22,24,25,26,27,28,29,30,31,32,33,35,36,38,39,42,43,44,45,46,47,48,49,50,51,52,53,54,56,57,58,59,60,61,63,64,65,68,69,70,71,72,73,74,75,76,77,78,80,81,82,83,84,85,86,88,89,90,91,92,93,94,95,96,97,98,99,100,101,104,105,106,107,108,109,110,111,112,113,114,115,116,117,118,119,120,121,122,123,124,125,126,127,128,129,134,136,138,139,140,142,143,144,148,149,150,151,152,153,155,157,158,159,160,162,163,164,165,166,167,168,169,170,174,175,176,177,178,180,181,182,184,185,186,187,189,191,192,194,195,196,198,199,200,202,203,204,205,207,208,210,212,213,216,217,218,219,220,221,222,223,224,225,226,227,229,230,231,232,233,234,235,236,238,239,240,241,242,243,246,247,248,249,250,251,253,254,255,256,257,258,259,260,261,262,263,266,268,270,271,272,274,275,276,277,279,280,281,282,283,284,286,287,288,289,290,291,292,293,294,295,296,297,298,300],[132,179]].
[[132,179],[4,40,41,55,66,67,79,102,103,130,131,133,147,154,161,172,173,183,188,190,197,201,206,211,245,265,269,299],[1,14,15,23,34,37,62,87,135,137,141,145,146,156,171,193,209,214,215,228,237,244,252,264,267,273,278,285]].
[[132,179],[4,40,41,55,66,67,79,102,103,130,131,133,147,154,161,172,173,183,188,190,197,201,206,211,245,265,269,299],[1,14,15,23,34,37,62,87,135,137,141,145,146,156,171,193,209,214,215,228,237,244,252,264,267,273,278,285]].
[[2,3,5,6,7,8,9,10,11,12,13,16,17,18,19,20,21,22,24,25,26,27,28,29,30,31,32,33,35,36,38,39,42,43,44,45,46,47,48,49,50,51,52,53,54,56,57,58,59,60,61,63,64,65,68,69,70,71,72,73,74,75,76,77,78,80,81,82,83,84,85,86,88,89,90,91,92,93,94,95,96,97,98,99,100,101,104,105,106,107,108,109,110,111,112,113,114,115,116,117,118,119,120,121,122,123,124,125,126,127,128,129,134,136,138,139,140,142,143,144,148,149,150,151,152,153,155,157,158,159,160,162,163,164,165,166,167,168,169,170,174,175,176,177,178,180,181,182,184,185,186,187,189,191,192,194,195,196,198,199,200,202,203,204,205,207,208,210,212,213,216,217,218,219,220,221,222,223,224,225,226,227,229,230,231,232,233,234,235,236,238,239,240,241,242,243,246,247,248,249,250,251,253,254,255,256,257,258,259,260,261,262,263,266,268,270,271,272,274,275,276,277,279,280,281,282,283,284,286,287,288,289,290,291,292,293,294,295,296,297,298,300],[1,14,15,23,34,37,62,87,135,137,141,145,146,156,171,193,209,214,215,228,237,244,252,264,267,273,278,285],[4,40,41,55,66,67,79,102,103,130,131,133,147,154,161,172,173,183,188,190,197,201,206,211,245,265,269,299]].
[[4,40,41,55,66,67,79,102,103,130,131,133,147,154,161,172,173,183,188,190,197,201,206,211,245,265,269,299],[132,179],[2,3,5,6,7,8,9,10,11,12,13,16,17,18,19,20,21,22,24,25,26,27,28,29,30,31,32,33,35,36,38,39,42,43,44,45,46,47,48,49,50,51,52,53,54,56,57,58,59,60,61,63,64,65,68,69,70,71,72,73,74,75,76,77,78,80,81,82,83,84,85,86,88,89,90,91,92,93,94,95,96,97,98,99,100,101,104,105,106,107,108,109,110,111,112,113,114,115,116,117,118,119,120,121,122,123,124,125,126,127,128,129,134,136,138,139,140,142,143,144,148,149,150,151,152,153,155,157,158,159,160,162,163,164,165,166,167,168,169,170,174,175,176,177,178,180,181,182,184,185,186,187,189,191,192,194,195,196,198,199,200,202,203,204,205,207,208,210,212,213,216,217,218,219,220,221,222,223,224,225,226,227,229,230,231,232,233,234,235,236,238,239,240,241,242,243,246,247,248,249,250,251,253,254,255,256,257,258,259,260,261,262,263,266,268,270,271,272,274,275,276,277,279,280,281,282,283,284,286,287,288,289,290,291,292,293,294,295,296,297,298,300]].
[[132,179],[4,40,41,55,66,67,79,102,103,130,131,133,147,154,161,172,173,183,188,190,197,201,206,211,245,265,269,299],[1,14,15,23,34,37,62,87,135,137,141,145,146,156,171,193,209,214,215,228,237,244,252,264,267,273,278,285]].
[[2,3,5,6,7,8,9,10,11,12,13,16,17,18,19,20,21,22,24,25,26,27,28,29,30,31,32,33,35,36,38,39,42,43,44,45,46,47,48,49,50,51,52,53,54,56,57,58,59,60,61,63,64,65,68,69,70,71,72,73,74,75,76,77,78,80,81,82,83,84,85,86,88,89,90,91,92,93,94,95,96,97,98,99,100,101,104,105,106,107,108,109,110,111,112,113,114,115,116,117,118,119,120,121,122,123,124,125,126,127,128,129,134,136,138,139,140,142,143,144,148,149,150,151,152,153,155,157,158,159,160,162,163,164,165,166,167,168,169,170,174,175,176,177,178,180,181,182,184,185,186,187,189,191,192,194,195,196,198,199,200,202,203,204,205,207,208,210,212,213,216,217,218,219,220,221,222,223,224,225,226,227,229,230,231,232,233,234,235,236,238,239,240,241,242,243,246,247,248,249,250,251,253,254,255,256,257,258,259,260,261,262,263,266,268,270,271,272,274,275,276,277,279,280,281,282,283,284,286,287,288,289,290,291,292,293,294,295,296,297,298,300],[1,14,15,23,34,37,62,87,135,137,141,145,146,156,171,193,209,214,215,228,237,244,252,264,267,273,278,285],[4,40,41,55,66,67,79,102,103,130,131,133,147,154,161,172,173,183,188,190,197,201,206,211,245,265,269,299]].
[[132,179],[4,40,41,55,66,67,79,102,103,130,131,133,147,154,161,172,173,183,188,190,197,201,206,211,245,265,269,299],[1,14,15,23,34,37,62,87,135,137,141,145,146,156,171,193,209,214,215,228,237,244,252,264,267,273,278,285]].
[[132,179],[4,40,41,55,66,67,79,102,103,130,131,133,147,154,161,172,173,183,188,190,197,201,206,211,245,265,269,299],[1,14,15,23,34,37,62,87,135,137,141,145,146,156,171,193,209,214,215,228,237,244,252,264,267,273,278,285]].
[[1,14,15,23,34,37,62,87,135,137,141,145,146,156,171,193,209,214,215,228,237,244,252,264,267,273,278,285],[2,3,5,6,7,8,9,10,11,12,13,16,17,18,19,20,21,22,24,25,26,27,28,29,30,31,32,33,35,36,38,39,42,43,44,45,46,47,48,49,50,51,52,53,54,56,57,58,59,60,61,63,64,65,68,69,70,71,72,73,74,75,76,77,78,80,81,82,83,84,85,86,88,89,90,91,92,93,94,95,96,97,98,99,100,101,104,105,106,107,108,109,110,111,112,113,114,115,116,117,118,119,120,121,122,123,124,125,126,127,128,129,134,136,138,139,140,142,143,144,148,149,150,151,152,153,155,157,158,159,160,162,163,164,165,166,167,168,169,170,174,175,176,177,178,180,181,182,184,185,186,187,189,191,192,194,195,196,198,199,200,202,203,204,205,207,208,210,212,213,216,217,218,219,220,221,222,223,224,225,226,227,229,230,231,232,233,234,235,236,238,239,240,241,242,243,246,247,248,249,250,251,253,254,255,256,257,258,259,260,261,262,263,266,268,270,271,272,274,275,276,277,279,280,281,282,283,284,286,287,288,289,290,291,292,293,294,295,296,297,298,300],[132,179]].
[[1,14,15,23,34,37,62,87,135,137,141,145,146,156,171,193,209,214,215,228,237,244,252,264,267,273,278,285],[2,3,5,6,7,8,9,10,11,12,13,16,17,18,19,20,21,22,24,25,26,27,28,29,30,31,32,33,35,36,38,39,42,43,44,45,46,47,48,49,50,51,52,53,54,56,57,58,59,60,61,63,64,65,68,69,70,71,72,73,74,75,76,77,78,80,81,82,83,84,85,86,88,89,90,91,92,93,94,95,96,97,98,99,100,101,104,105,106,107,108,109,110,111,112,113,114,115,116,117,118,119,120,121,122,123,124,125,126,127,128,129,134,136,138,139,140,142,143,144,148,149,150,151,152,153,155,157,158,159,160,162,163,164,165,166,167,168,169,170,174,175,176,177,178,180,181,182,184,185,186,187,189,191,192,194,195,196,198,199,200,202,203,204,205,207,208,210,212,213,216,217,218,219,220,221,222,223,224,225,226,227,229,230,231,232,233,234,235,236,238,239,240,241,242,243,246,247,248,249,250,251,253,254,255,256,257,258,259,260,261,262,263,266,268,270,271,272,274,275,276,277,279,280,281,282,283,284,286,287,288,289,290,291,292,293,294,295,296,297,298,300],[132,179]].
[[132,179],[4,40,41,55,66,67,79,102,103,130,131,133,147,154,161,172,173,183,188,190,197,201,206,211,245,265,269,299],[1,14,15,23,34,37,62,87,135,137,141,145,146,156,171,193,209,214,215,228,237,244,252,264,267,273,278,285]].
[[4,40,41,55,66,67,79,102,103,130,131,133,147,154,161,172,173,183,188,190,197,201,206,211,245,265,269,299],[132,179],[2,3,5,6,7,8,9,10,11,12,13,16,17,18,19,20,21,22,24,25,26,27,28,29,30,31,32,33,35,36,38,39,42,43,44,45,46,47,48,49,50,51,52,53,54,56,57,58,59,60,61,63,64,65,68,69,70,71,72,73,74,75,76,77,78,80,81,82,83,84,85,86,88,89,90,91,92,93,94,95,96,97,98,99,100,101,104,105,106,107,108,109,110,111,112,113,114,115,116,117,118,119,120,121,122,123,124,125,126,127,128,129,134,136,138,139,140,142,143,144,148,149,150,151,152,153,155,157,158,159,160,162,163,164,165,166,167,168,169,170,174,175,176,177,178,180,181,182,184,185,186,187,189,191,192,194,195,196,198,199,200,202,203,204,205,207,208,210,212,213,216,217,218,219,220,221,222,223,224,225,226,227,229,230,231,232,233,234,235,236,238,239,240,241,242,243,246,247,248,249,250,251,253,254,255,256,257,258,259,260,261,262,263,266,268,270,271,272,274,275,276,277,279,280,281,282,283,284,286,287,288,289,290,291,292,293,294,295,296,297,298,300]].
[[1,14,15,23,34,37,62,87,135,137,141,145,146,156,171,193,209,214,215,228,237,244,252,264,267,273,278,285],[2,3,5,6,7,8,9,10,11,12,13,16,17,18,19,20,21,22,24,25,26,27,28,29,30,31,32,33,35,36,38,39,42,43,44,45,46,47,48,49,50,51,52,53,54,56,57,58,59,60,61,63,64,65,68,69,70,71,72,73,74,75,76,77,78,80,81,82,83,84,85,86,88,89,90,91,92,93,94,95,96,97,98,99,100,101,104,105,106,107,108,109,110,111,112,113,114,115,116,117,118,119,120,121,122,123,124,125,126,127,128,129,134,136,138,139,140,142,143,144,148,149,150,151,152,153,155,157,158,159,160,162,163,164,165,166,167,168,169,170,174,175,176,177,178,180,181,182,184,185,186,187,189,191,192,194,195,196,198,199,200,202,203,204,205,207,208,210,212,213,216,217,218,219,220,221,222,223,224,225,226,227,229,230,231,232,233,234,235,236,238,239,240,241,242,243,246,247,248,249,250,251,253,254,255,256,257,258,259,260,261,262,263,266,268,270,271,272,274,275,276,277,279,280,281,282,283,284,286,287,288,289,290,291,292,293,294,295,296,297,298,300],[132,179]].
[[132,179],[4,40,41,55,66,67,79,102,103,130,131,133,147,154,161,172,173,183,188,190,197,201,206,211,245,265,269,299],[1,14,15,23,34,37,62,87,135,137,141,145,146,156,171,193,209,214,215,228,237,244,252,264,267,273,278,285]].
[[2,3,5,6,7,8,9,10,11,12,13,16,17,18,19,20,21,22,24,25,26,27,28,29,30,31,32,33,35,36,38,39,42,43,44,45,46,47,48,49,50,51,52,53,54,56,57,58,59,60,61,63,64,65,68,69,70,71,72,73,74,75,76,77,78,80,81,82,83,84,85,86,88,89,90,91,92,93,94,95,96,97,98,99,100,101,104,105,106,107,108,109,110,111,112,113,114,115,116,117,118,119,120,121,122,123,124,125,126,127,128,129,134,136,138,139,140,142,143,144,148,149,150,151,152,153,155,157,158,159,160,162,163,164,165,166,167,168,169,170,174,175,176,177,178,180,181,182,184,185,186,187,189,191,192,194,195,196,198,199,200,202,203,204,205,207,208,210,212,213,216,217,218,219,220,221,222,223,224,225,226,227,229,230,231,232,233,234,235,236,238,239,240,241,242,243,246,247,248,249,250,251,253,254,255,256,257,258,259,260,261,262,263,266,268,270,271,272,274,275,276,277,279,280,281,282,283,284,286,287,288,289,290,291,292,293,294,295,296,297,298,300],[1,14,15,23,34,37,62,87,135,137,141,145,146,156,171,193,209,214,215,228,237,244,252,264,267,273,278,285],[4,40,41,55,66,67,79,102,103,130,131,133,147,154,161,172,173,183,188,190,197,201,206,211,245,265,269,299]].
[[4,40,41,55,66,67,79,102,103,130,131,133,147,154,161,172,173,183,188,190,197,201,206,211,245,265,269,299],[132,179],[2,3,5,6,7,8,9,10,11,12,13,16,17,18,19,20,21,22,24,25,26,27,28,29,30,31,32,33,35,36,38,39,42,43,44,45,46,47,48,49,50,51,52,53,54,56,57,58,59,60,61,63,64,65,68,69,70,71,72,73,74,75,76,77,78,80,81,82,83,84,85,86,88,89,90,91,92,93,94,95,96,97,98,99,100,101,104,105,106,107,108,109,110,111,112,113,114,115,116,117,118,119,120,121,122,123,124,125,126,127,128,129,134,136,138,139,140,142,143,144,148,149,150,151,152,153,155,157,158,159,160,162,163,164,165,166,167,168,169,170,174,175,176,177,178,180,181,182,184,185,186,187,189,191,192,194,195,196,198,199,200,202,203,204,205,207,208,210,212,213,216,217,218,219,220,221,222,223,224,225,226,227,229,230,231,232,233,234,235,236,238,239,240,241,242,243,246,247,248,249,250,251,253,254,255,256,257,258,259,260,261,262,263,266,268,270,271,272,274,275,276,277,279,280,281,282,283,284,286,287,288,289,290,291,292,293,294,295,296,297,298,300]].
[[4,40,41,55,66,67,79,102,103,130,131,133,147,154,161,172,173,183,188,190,197,201,206,211,245,265,269,299],[132,179],[2,3,5,6,7,8,9,10,11,12,13,16,17,18,19,20,21,22,24,25,26,27,28,29,30,31,32,33,35,36,38,39,42,43,44,45,46,47,48,49,50,51,52,53,54,56,57,58,59,60,61,63,64,65,68,69,70,71,72,73,74,75,76,77,78,80,81,82,83,84,85,86,88,89,90,91,92,93,94,95,96,97,98,99,100,101,104,105,106,107,108,109,110,111,112,113,114,115,116,117,118,119,120,121,122,123,124,125,126,127,128,129,134,136,138,139,140,142,143,144,148,149,150,151,152,153,155,157,158,159,160,162,163,164,165,166,167,168,169,170,174,175,176,177,178,180,181,182,184,185,186,187,189,191,192,194,195,196,198,199,200,202,203,204,205,207,208,210,212,213,216,217,218,219,220,221,222,223,224,225,226,227,229,230,231,232,233,234,235,236,238,239,240,241,242,243,246,247,248,249,250,251,253,254,255,256,257,258,259,260,261,262,263,266,268,270,271,272,274,275,276,277,279,280,281,282,283,284,286,287,288,289,290,291,292,293,294,295,296,297,298,300]].
[[2,3,5,6,7,8,9,10,11,12,13,16,17,18,19,20,21,22,24,25,26,27,28,29,30,31,32,33,35,36,38,39,42,43,44,45,46,47,48,49,50,51,52,53,54,56,57,58,59,60,61,63,64,65,68,69,70,71,72,73,74,75,76,77,78,80,81,82,83,84,85,86,88,89,90,91,92,93,94,95,96,97,98,99,100,101,104,105,106,107,108,109,110,111,112,113,114,115,116,117,118,119,120,121,122,123,124,125,126,127,128,129,134,136,138,139,140,142,143,144,148,149,150,151,152,153,155,157,158,159,160,162,163,164,165,166,167,168,169,170,174,175,176,177,178,180,181,182,184,185,186,187,189,191,192,194,195,196,198,199,200,202,203,204,205,207,208,210,212,213,216,217,218,219,220,221,222,223,224,225,226,227,229,230,231,232,233,234,235,236,238,239,240,241,242,243,246,247,248,249,250,251,253,254,255,256,257,258,259,260,261,262,263,266,268,270,271,272,274,275,276,277,279,280,281,282,283,284,286,287,288,289,290,291,292,293,294,295,296,297,298,300],[1,14,15,23,34,37,62,87,135,137,141,145,146,156,171,193,209,214,215,228,237,244,252,264,267,273,278,285],[4,40,41,55,66,67,79,102,103,130,131,133,147,154,161,172,173,183,188,190,197,201,206,211,245,265,269,299]].
[[132,179],[4,40,41,55,66,67,79,102,103,130,131,133,147,154,161,172,173,183,188,190,197,201,206,211,245,265,269,299],[1,14,15,23,34,37,62,87,135,137,141,145,146,156,171,193,209,214,215,228,237,244,252,264,267,273,278,285]].
[[2,3,5,6,7,8,9,10,11,12,13,16,17,18,19,20,21,22,24,25,26,27,28,29,30,31,32,33,35,36,38,39,42,43,44,45,46,47,48,49,50,51,52,53,54,56,57,58,59,60,61,63,64,65,68,69,70,71,72,73,74,75,76,77,78,80,81,82,83,84,85,86,88,89,90,91,92,93,94,95,96,97,98,99,100,101,104,105,106,107,108,109,110,111,112,113,114,115,116,117,118,119,120,121,122,123,124,125,126,127,128,129,134,136,138,139,140,142,143,144,148,149,150,151,152,153,155,157,158,159,160,162,163,164,165,166,167,168,169,170,174,175,176,177,178,180,181,182,184,185,186,187,189,191,192,194,195,196,198,199,200,202,203,204,205,207,208,210,212,213,216,217,218,219,220,221,222,223,224,225,226,227,229,230,231,232,233,234,235,236,238,239,240,241,242,243,246,247,248,249,250,251,253,254,255,256,257,258,259,260,261,262,263,266,268,270,271,272,274,275,276,277,279,280,281,282,283,284,286,287,288,289,290,291,292,293,294,295,296,297,298,300],[1,14,15,23,34,37,62,87,135,137,141,145,146,156,171,193,209,214,215,228,237,244,252,264,267,273,278,285],[4,40,41,55,66,67,79,102,103,130,131,133,147,154,161,172,173,183,188,190,197,201,206,211,245,265,269,299]].
[[2,3,5,6,7,8,9,10,11,12,13,16,17,18,19,20,21,22,24,25,26,27,28,29,30,31,32,33,35,36,38,39,42,43,44,45,46,47,48,49,50,51,52,53,54,56,57,58,59,60,61,63,64,65,68,69,70,71,72,73,74,75,76,77,78,80,81,82,83,84,85,86,88,89,90,91,92,93,94,95,96,97,98,99,100,101,104,105,106,107,108,109,110,111,112,113,114,115,116,117,118,119,120,121,122,123,124,125,126,127,128,129,134,136,138,139,140,142,143,144,148,149,150,151,152,153,155,157,158,159,160,162,163,164,165,166,167,168,169,170,174,175,176,177,178,180,181,182,184,185,186,187,189,191,192,194,195,196,198,199,200,202,203,204,205,207,208,210,212,213,216,217,218,219,220,221,222,223,224,225,226,227,229,230,231,232,233,234,235,236,238,239,240,241,242,243,246,247,248,249,250,251,253,254,255,256,257,258,259,260,261,262,263,266,268,270,271,272,274,275,276,277,279,280,281,282,283,284,286,287,288,289,290,291,292,293,294,295,296,297,298,300],[1,14,15,23,34,37,62,87,135,137,141,145,146,156,171,193,209,214,215,228,237,244,252,264,267,273,278,285],[4,40,41,55,66,67,79,102,103,130,131,133,147,154,161,172,173,183,188,190,197,201,206,211,245,265,269,299]].
[[1,14,15,23,34,37,62,87,135,137,141,145,146,156,171,193,209,214,215,228,237,244,252,264,267,273,278,285],[2,3,5,6,7,8,9,10,11,12,13,16,17,18,19,20,21,22,24,25,26,27,28,29,30,31,32,33,35,36,38,39,42,43,44,45,46,47,48,49,50,51,52,53,54,56,57,58,59,60,61,63,64,65,68,69,70,71,72,73,74,75,76,77,78,80,81,82,83,84,85,86,88,89,90,91,92,93,94,95,96,97,98,99,100,101,104,105,106,107,108,109,110,111,112,113,114,115,116,117,118,119,120,121,122,123,124,125,126,127,128,129,134,136,138,139,140,142,143,144,148,149,150,151,152,153,155,157,158,159,160,162,163,164,165,166,167,168,169,170,174,175,176,177,178,180,181,182,184,185,186,187,189,191,192,194,195,196,198,199,200,202,203,204,205,207,208,210,212,213,216,217,218,219,220,221,222,223,224,225,226,227,229,230,231,232,233,234,235,236,238,239,240,241,242,243,246,247,248,249,250,251,253,254,255,256,257,258,259,260,261,262,263,266,268,270,271,272,274,275,276,277,279,280,281,282,283,284,286,287,288,289,290,291,292,293,294,295,296,297,298,300],[132,179]].
[[4,40,41,55,66,67,79,102,103,130,131,133,147,154,161,172,173,183,188,190,197,201,206,211,245,265,269,299],[132,179],[2,3,5,6,7,8,9,10,11,12,13,16,17,18,19,20,21,22,24,25,26,27,28,29,30,31,32,33,35,36,38,39,42,43,44,45,46,47,48,49,50,51,52,53,54,56,57,58,59,60,61,63,64,65,68,69,70,71,72,73,74,75,76,77,78,80,81,82,83,84,85,86,88,89,90,91,92,93,94,95,96,97,98,99,100,101,104,105,106,107,108,109,110,111,112,113,114,115,116,117,118,119,120,121,122,123,124,125,126,127,128,129,134,136,138,139,140,142,143,144,148,149,150,151,152,153,155,157,158,159,160,162,163,164,165,166,167,168,169,170,174,175,176,177,178,180,181,182,184,185,186,187,189,191,192,194,195,196,198,199,200,202,203,204,205,207,208,210,212,213,216,217,218,219,220,221,222,223,224,225,226,227,229,230,231,232,233,234,235,236,238,239,240,241,242,243,246,247,248,249,250,251,253,254,255,256,257,258,259,260,261,262,263,266,268,270,271,272,274,275,276,277,279,280,281,282,283,284,286,287,288,289,290,291,292,293,294,295,296,297,298,300]].
[[4,40,41,55,66,67,79,102,103,130,131,133,147,154,161,172,173,183,188,190,197,201,206,211,245,265,269,299],[132,179],[2,3,5,6,7,8,9,10,11,12,13,16,17,18,19,20,21,22,24,25,26,27,28,29,30,31,32,33,35,36,38,39,42,43,44,45,46,47,48,49,50,51,52,53,54,56,57,58,59,60,61,63,64,65,68,69,70,71,72,73,74,75,76,77,78,80,81,82,83,84,85,86,88,89,90,91,92,93,94,95,96,97,98,99,100,101,104,105,106,107,108,109,110,111,112,113,114,115,116,117,118,119,120,121,122,123,124,125,126,127,128,129,134,136,138,139,140,142,143,144,148,149,150,151,152,153,155,157,158,159,160,162,163,164,165,166,167,168,169,170,174,175,176,177,178,180,181,182,184,185,186,187,189,191,192,194,195,196,198,199,200,202,203,204,205,207,208,210,212,213,216,217,218,219,220,221,222,223,224,225,226,227,229,230,231,232,233,234,235,236,238,239,240,241,242,243,246,247,248,249,250,251,253,254,255,256,257,258,259,260,261,262,263,266,268,270,271,272,274,275,276,277,279,280,281,282,283,284,286,287,288,289,290,291,292,293,294,295,296,297,298,300]].
[[2,3,5,6,7,8,9,10,11,12,13,16,17,18,19,20,21,22,24,25,26,27,28,29,30,31,32,33,35,36,38,39,42,43,44,45,46,47,48,49,50,51,52,53,54,56,57,58,59,60,61,63,64,65,68,69,70,71,72,73,74,75,76,77,78,80,81,82,83,84,85,86,88,89,90,91,92,93,94,95,96,97,98,99,100,101,104,105,106,107,108,109,110,111,112,113,114,115,116,117,118,119,120,121,122,123,124,125,126,127,128,129,134,136,138,139,140,142,143,144,148,149,150,151,152,153,155,157,158,159,160,162,163,164,165,166,167,168,169,170,174,175,176,177,178,180,181,182,184,185,186,187,189,191,192,194,195,196,198,199,200,202,203,204,205,207,208,210,212,213,216,217,218,219,220,221,222,223,224,225,226,227,229,230,231,232,233,234,235,236,238,239,240,241,242,243,246,247,248,249,250,251,253,254,255,256,257,258,259,260,261,262,263,266,268,270,271,272,274,275,276,277,279,280,281,282,283,284,286,287,288,289,290,291,292,293,294,295,296,297,298,300],[1,14,15,23,34,37,62,87,135,137,141,145,146,156,171,193,209,214,215,228,237,244,252,264,267,273,278,285],[4,40,41,55,66,67,79,102,103,130,131,133,147,154,161,172,173,183,188,190,197,201,206,211,245,265,269,299]].
[[4,40,41,55,66,67,79,102,103,130,131,133,147,154,161,172,173,183,188,190,197,201,206,211,245,265,269,299],[132,179],[2,3,5,6,7,8,9,10,11,12,13,16,17,18,19,20,21,22,24,25,26,27,28,29,30,31,32,33,35,36,38,39,42,43,44,45,46,47,48,49,50,51,52,53,54,56,57,58,59,60,61,63,64,65,68,69,70,71,72,73,74,75,76,77,78,80,81,82,83,84,85,86,88,89,90,91,92,93,94,95,96,97,98,99,100,101,104,105,106,107,108,109,110,111,112,113,114,115,116,117,118,119,120,121,122,123,124,125,126,127,128,129,134,136,138,139,140,142,143,144,148,149,150,151,152,153,155,157,158,159,160,162,163,164,165,166,167,168,169,170,174,175,176,177,178,180,181,182,184,185,186,187,189,191,192,194,195,196,198,199,200,202,203,204,205,207,208,210,212,213,216,217,218,219,220,221,222,223,224,225,226,227,229,230,231,232,233,234,235,236,238,239,240,241,242,243,246,247,248,249,250,251,253,254,255,256,257,258,259,260,261,262,263,266,268,270,271,272,274,275,276,277,279,280,281,282,283,284,286,287,288,289,290,291,292,293,294,295,296,297,298,300]].
[[1,14,15,23,34,37,62,87,135,137,141,145,146,156,171,193,209,214,215,228,237,244,252,264,267,273,278,285],[2,3,5,6,7,8,9,10,11,12,13,16,17,18,19,20,21,22,24,25,26,27,28,29,30,31,32,33,35,36,38,39,42,43,44,45,46,47,48,49,50,51,52,53,54,56,57,58,59,60,61,63,64,65,68,69,70,71,72,73,74,75,76,77,78,80,81,82,83,84,85,86,88,89,90,91,92,93,94,95,96,97,98,99,100,101,104,105,106,107,108,109,110,111,112,113,114,115,116,117,118,119,120,121,122,123,124,125,126,127,128,129,134,136,138,139,140,142,143,144,148,149,150,151,152,153,155,157,158,159,160,162,163,164,165,166,167,168,169,170,174,175,176,177,178,180,181,182,184,185,186,187,189,191,192,194,195,196,198,199,200,202,203,204,205,207,208,210,212,213,216,217,218,219,220,221,222,223,224,225,226,227,229,230,231,232,233,234,235,236,238,239,240,241,242,243,246,247,248,249,250,251,253,254,255,256,257,258,259,260,261,262,263,266,268,270,271,272,274,275,276,277,279,280,281,282,283,284,286,287,288,289,290,291,292,293,294,295,296,297,298,300],[132,179]].
[[2,3,5,6,7,8,9,10,11,12,13,16,17,18,19,20,21,22,24,25,26,27,28,29,30,31,32,33,35,36,38,39,42,43,44,45,46,47,48,49,50,51,52,53,54,56,57,58,59,60,61,63,64,65,68,69,70,71,72,73,74,75,76,77,78,80,81,82,83,84,85,86,88,89,90,91,92,93,94,95,96,97,98,99,100,101,104,105,106,107,108,109,110,111,112,113,114,115,116,117,118,119,120,121,122,123,124,125,126,127,128,129,134,136,138,139,140,142,143,144,148,149,150,151,152,153,155,157,158,159,160,162,163,164,165,166,167,168,169,170,174,175,176,177,178,180,181,182,184,185,186,187,189,191,192,194,195,196,198,199,200,202,203,204,205,207,208,210,212,213,216,217,218,219,220,221,222,223,224,225,226,227,229,230,231,232,233,234,235,236,238,239,240,241,242,243,246,247,248,249,250,251,253,254,255,256,257,258,259,260,261,262,263,266,268,270,271,272,274,275,276,277,279,280,281,282,283,284,286,287,288,289,290,291,292,293,294,295,296,297,298,300],[1,14,15,23,34,37,62,87,135,137,141,145,146,156,171,193,209,214,215,228,237,244,252,264,267,273,278,285],[4,40,41,55,66,67,79,102,103,130,131,133,147,154,161,172,173,183,188,190,197,201,206,211,245,265,269,299]].
[[2,3,5,6,7,8,9,10,11,12,13,16,17,18,19,20,21,22,24,25,26,27,28,29,30,31,32,33,35,36,38,39,42,43,44,45,46,47,48,49,50,51,52,53,54,56,57,58,59,60,61,63,64,65,68,69,70,71,72,73,74,75,76,77,78,80,81,82,83,84,85,86,88,89,90,91,92,93,94,95,96,97,98,99,100,101,104,105,106,107,108,109,110,111,112,113,114,115,116,117,118,119,120,121,122,123,124,125,126,127,128,129,134,136,138,139,140,142,143,144,148,149,150,151,152,153,155,157,158,159,160,162,163,164,165,166,167,168,169,170,174,175,176,177,178,180,181,182,184,185,186,187,189,191,192,194,195,196,198,199,200,202,203,204,205,207,208,210,212,213,216,217,218,219,220,221,222,223,224,225,226,227,229,230,231,232,233,234,235,236,238,239,240,241,242,243,246,247,248,249,250,251,253,254,255,256,257,258,259,260,261,262,263,266,268,270,271,272,274,275,276,277,279,280,281,282,283,284,286,287,288,289,290,291,292,293,294,295,296,297,298,300],[1,14,15,23,34,37,62,87,135,137,141,145,146,156,171,193,209,214,215,228,237,244,252,264,267,273,278,285],[4,40,41,55,66,67,79,102,103,130,131,133,147,154,161,172,173,183,188,190,197,201,206,211,245,265,269,299]].
[[1,14,15,23,34,37,62,87,135,137,141,145,146,156,171,193,209,214,215,228,237,244,252,264,267,273,278,285],[2,3,5,6,7,8,9,10,11,12,13,16,17,18,19,20,21,22,24,25,26,27,28,29,30,31,32,33,35,36,38,39,42,43,44,45,46,47,48,49,50,51,52,53,54,56,57,58,59,60,61,63,64,65,68,69,70,71,72,73,74,75,76,77,78,80,81,82,83,84,85,86,88,89,90,91,92,93,94,95,96,97,98,99,100,101,104,105,106,107,108,109,110,111,112,113,114,115,116,117,118,119,120,121,122,123,124,125,126,127,128,129,134,136,138,139,140,142,143,144,148,149,150,151,152,153,155,157,158,159,160,162,163,164,165,166,167,168,169,170,174,175,176,177,178,180,181,182,184,185,186,187,189,191,192,194,195,196,198,199,200,202,203,204,205,207,208,210,212,213,216,217,218,219,220,221,222,223,224,225,226,227,229,230,231,232,233,234,235,236,238,239,240,241,242,243,246,247,248,249,250,251,253,254,255,256,257,258,259,260,261,262,263,266,268,270,271,272,274,275,276,277,279,280,281,282,283,284,286,287,288,289,290,291,292,293,294,295,296,297,298,300],[132,179]].
[[4,40,41,55,66,67,79,102,103,130,131,133,147,154,161,172,173,183,188,190,197,201,206,211,245,265,269,299],[132,179],[2,3,5,6,7,8,9,10,11,12,13,16,17,18,19,20,21,22,24,25,26,27,28,29,30,31,32,33,35,36,38,39,42,43,44,45,46,47,48,49,50,51,52,53,54,56,57,58,59,60,61,63,64,65,68,69,70,71,72,73,74,75,76,77,78,80,81,82,83,84,85,86,88,89,90,91,92,93,94,95,96,97,98,99,100,101,104,105,106,107,108,109,110,111,112,113,114,115,116,117,118,119,120,121,122,123,124,125,126,127,128,129,134,136,138,139,140,142,143,144,148,149,150,151,152,153,155,157,158,159,160,162,163,164,165,166,167,168,169,170,174,175,176,177,178,180,181,182,184,185,186,187,189,191,192,194,195,196,198,199,200,202,203,204,205,207,208,210,212,213,216,217,218,219,220,221,222,223,224,225,226,227,229,230,231,232,233,234,235,236,238,239,240,241,242,243,246,247,248,249,250,251,253,254,255,256,257,258,259,260,261,262,263,266,268,270,271,272,274,275,276,277,279,280,281,282,283,284,286,287,288,289,290,291,292,293,294,295,296,297,298,300]].
[[1,14,15,23,34,37,62,87,135,137,141,145,146,156,171,193,209,214,215,228,237,244,252,264,267,273,278,285],[2,3,5,6,7,8,9,10,11,12,13,16,17,18,19,20,21,22,24,25,26,27,28,29,30,31,32,33,35,36,38,39,42,43,44,45,46,47,48,49,50,51,52,53,54,56,57,58,59,60,61,63,64,65,68,69,70,71,72,73,74,75,76,77,78,80,81,82,83,84,85,86,88,89,90,91,92,93,94,95,96,97,98,99,100,101,104,105,106,107,108,109,110,111,112,113,114,115,116,117,118,119,120,121,122,123,124,125,126,127,128,129,134,136,138,139,140,142,143,144,148,149,150,151,152,153,155,157,158,159,160,162,163,164,165,166,167,168,169,170,174,175,176,177,178,180,181,182,184,185,186,187,189,191,192,194,195,196,198,199,200,202,203,204,205,207,208,210,212,213,216,217,218,219,220,221,222,223,224,225,226,227,229,230,231,232,233,234,235,236,238,239,240,241,242,243,246,247,248,249,250,251,253,254,255,256,257,258,259,260,261,262,263,266,268,270,271,272,274,275,276,277,279,280,281,282,283,284,286,287,288,289,290,291,292,293,294,295,296,297,298,300],[132,179]].
[[132,179],[4,40,41,55,66,67,79,102,103,130,131,133,147,154,161,172,173,183,188,190,197,201,206,211,245,265,269,299],[1,14,15,23,34,37,62,87,135,137,141,145,146,156,171,193,209,214,215,228,237,244,252,264,267,273,278,285]].
[[132,179],[4,40,41,55,66,67,79,102,103,130,131,133,147,154,161,172,173,183,188,190,197,201,206,211,245,265,269,299],[1,14,15,23,34,37,62,87,135,137,141,145,146,156,171,193,209,214,215,228,237,244,252,264,267,273,278,285]].
[[2,3,5,6,7,8,9,10,11,12,13,16,17,18,19,20,21,22,24,25,26,27,28,29,30,31,32,33,35,36,38,39,42,43,44,45,46,47,48,49,50,51,52,53,54,56,57,58,59,60,61,63,64,65,68,69,70,71,72,73,74,75,76,77,78,80,81,82,83,84,85,86,88,89,90,91,92,93,94,95,96,97,98,99,100,101,104,105,106,107,108,109,110,111,112,113,114,115,116,117,118,119,120,121,122,123,124,125,126,127,128,129,134,136,138,139,140,142,143,144,148,149,150,151,152,153,155,157,158,159,160,162,163,164,165,166,167,168,169,170,174,175,176,177,178,180,181,182,184,185,186,187,189,191,192,194,195,196,198,199,200,202,203,204,205,207,208,210,212,213,216,217,218,219,220,221,222,223,224,225,226,227,229,230,231,232,233,234,235,236,238,239,240,241,242,243,246,247,248,249,250,251,253,254,255,256,257,258,259,260,261,262,263,266,268,270,271,272,274,275,276,277,279,280,281,282,283,284,286,287,288,289,290,291,292,293,294,295,296,297,298,300],[1,14,15,23,34,37,62,87,135,137,141,145,146,156,171,193,209,214,215,228,237,244,252,264,267,273,278,285],[4,40,41,55,66,67,79,102,103,130,131,133,147,154,161,172,173,183,188,190,197,201,206,211,245,265,269,299]].
[[2,3,5,6,7,8,9,10,11,12,13,16,17,18,19,20,21,22,24,25,26,27,28,29,30,31,32,33,35,36,38,39,42,43,44,45,46,47,48,49,50,51,52,53,54,56,57,58,59,60,61,63,64,65,68,69,70,71,72,73,74,75,76,77,78,80,81,82,83,84,85,86,88,89,90,91,92,93,94,95,96,97,98,99,100,101,104,105,106,107,108,109,110,111,112,113,114,115,116,117,118,119,120,121,122,123,124,125,126,127,128,129,134,136,138,139,140,142,143,144,148,149,150,151,152,153,155,157,158,159,160,162,163,164,165,166,167,168,169,170,174,175,176,177,178,180,181,182,184,185,186,187,189,191,192,194,195,196,198,199,200,202,203,204,205,207,208,210,212,213,216,217,218,219,220,221,222,223,224,225,226,227,229,230,231,232,233,234,235,236,238,239,240,241,242,243,246,247,248,249,250,251,253,254,255,256,257,258,259,260,261,262,263,266,268,270,271,272,274,275,276,277,279,280,281,282,283,284,286,287,288,289,290,291,292,293,294,295,296,297,298,300],[1,14,15,23,34,37,62,87,135,137,141,145,146,156,171,193,209,214,215,228,237,244,252,264,267,273,278,285],[4,40,41,55,66,67,79,102,103,130,131,133,147,154,161,172,173,183,188,190,197,201,206,211,245,265,269,299]].
[[132,179],[4,40,41,55,66,67,79,102,103,130,131,133,147,154,161,172,173,183,188,190,197,201,206,211,245,265,269,299],[1,14,15,23,34,37,62,87,135,137,141,145,146,156,171,193,209,214,215,228,237,244,252,264,267,273,278,285]].
[[4,40,41,55,66,67,79,102,103,130,131,133,147,154,161,172,173,183,188,190,197,201,206,211,245,265,269,299],[132,179],[2,3,5,6,7,8,9,10,11,12,13,16,17,18,19,20,21,22,24,25,26,27,28,29,30,31,32,33,35,36,38,39,42,43,44,45,46,47,48,49,50,51,52,53,54,56,57,58,59,60,61,63,64,65,68,69,70,71,72,73,74,75,76,77,78,80,81,82,83,84,85,86,88,89,90,91,92,93,94,95,96,97,98,99,100,101,104,105,106,107,108,109,110,111,112,113,114,115,116,117,118,119,120,121,122,123,124,125,126,127,128,129,134,136,138,139,140,142,143,144,148,149,150,151,152,153,155,157,158,159,160,162,163,164,165,166,167,168,169,170,174,175,176,177,178,180,181,182,184,185,186,187,189,191,192,194,195,196,198,199,200,202,203,204,205,207,208,210,212,213,216,217,218,219,220,221,222,223,224,225,226,227,229,230,231,232,233,234,235,236,238,239,240,241,242,243,246,247,248,249,250,251,253,254,255,256,257,258,259,260,261,262,263,266,268,270,271,272,274,275,276,277,279,280,281,282,283,284,286,287,288,289,290,291,292,293,294,295,296,297,298,300]].
[[1,14,15,23,34,37,62,87,135,137,141,145,146,156,171,193,209,214,215,228,237,244,252,264,267,273,278,285],[2,3,5,6,7,8,9,10,11,12,13,16,17,18,19,20,21,22,24,25,26,27,28,29,30,31,32,33,35,36,38,39,42,43,44,45,46,47,48,49,50,51,52,53,54,56,57,58,59,60,61,63,64,65,68,69,70,71,72,73,74,75,76,77,78,80,81,82,83,84,85,86,88,89,90,91,92,93,94,95,96,97,98,99,100,101,104,105,106,107,108,109,110,111,112,113,114,115,116,117,118,119,120,121,122,123,124,125,126,127,128,129,134,136,138,139,140,142,143,144,148,149,150,151,152,153,155,157,158,159,160,162,163,164,165,166,167,168,169,170,174,175,176,177,178,180,181,182,184,185,186,187,189,191,192,194,195,196,198,199,200,202,203,204,205,207,208,210,212,213,216,217,218,219,220,221,222,223,224,225,226,227,229,230,231,232,233,234,235,236,238,239,240,241,242,243,246,247,248,249,250,251,253,254,255,256,257,258,259,260,261,262,263,266,268,270,271,272,274,275,276,277,279,280,281,282,283,284,286,287,288,289,290,291,292,293,294,295,296,297,298,300],[132,179]].
[[4,40,41,55,66,67,79,102,103,130,131,133,147,154,161,172,173,183,188,190,197,201,206,211,245,265,269,299],[132,179],[2,3,5,6,7,8,9,10,11,12,13,16,17,18,19,20,21,22,24,25,26,27,28,29,30,31,32,33,35,36,38,39,42,43,44,45,46,47,48,49,50,51,52,53,54,56,57,58,59,60,61,63,64,65,68,69,70,71,72,73,74,75,76,77,78,80,81,82,83,84,85,86,88,89,90,91,92,93,94,95,96,97,98,99,100,101,104,105,106,107,108,109,110,111,112,113,114,115,116,117,118,119,120,121,122,123,124,125,126,127,128,129,134,136,138,139,140,142,143,144,148,149,150,151,152,153,155,157,158,159,160,162,163,164,165,166,167,168,169,170,174,175,176,177,178,180,181,182,184,185,186,187,189,191,192,194,195,196,198,199,200,202,203,204,205,207,208,210,212,213,216,217,218,219,220,221,222,223,224,225,226,227,229,230,231,232,233,234,235,236,238,239,240,241,242,243,246,247,248,249,250,251,253,254,255,256,257,258,259,260,261,262,263,266,268,270,271,272,274,275,276,277,279,280,281,282,283,284,286,287,288,289,290,291,292,293,294,295,296,297,298,300]].
[[132,179],[4,40,41,55,66,67,79,102,103,130,131,133,147,154,161,172,173,183,188,190,197,201,206,211,245,265,269,299],[1,14,15,23,34,37,62,87,135,137,141,145,146,156,171,193,209,214,215,228,237,244,252,264,267,273,278,285]].
[[4,40,41,55,66,67,79,102,103,130,131,133,147,154,161,172,173,183,188,190,197,201,206,211,245,265,269,299],[132,179],[2,3,5,6,7,8,9,10,11,12,13,16,17,18,19,20,21,22,24,25,26,27,28,29,30,31,32,33,35,36,38,39,42,43,44,45,46,47,48,49,50,51,52,53,54,56,57,58,59,60,61,63,64,65,68,69,70,71,72,73,74,75,76,77,78,80,81,82,83,84,85,86,88,89,90,91,92,93,94,95,96,97,98,99,100,101,104,105,106,107,108,109,110,111,112,113,114,115,116,117,118,119,120,121,122,123,124,125,126,127,128,129,134,136,138,139,140,142,143,144,148,149,150,151,152,153,155,157,158,159,160,162,163,164,165,166,167,168,169,170,174,175,176,177,178,180,181,182,184,185,186,187,189,191,192,194,195,196,198,199,200,202,203,204,205,207,208,210,212,213,216,217,218,219,220,221,222,223,224,225,226,227,229,230,231,232,233,234,235,236,238,239,240,241,242,243,246,247,248,249,250,251,253,254,255,256,257,258,259,260,261,262,263,266,268,270,271,272,274,275,276,277,279,280,281,282,283,284,286,287,288,289,290,291,292,293,294,295,296,297,298,300]].
