[[6,8,10,11,14,15,16,17,21,25,27,31,32,41,42,43,44,51,52,58,60,64,67,69,79,83,85,89,90,97,98,100,101,106,107,108,117,122,123,126,133,134,135,140,141,152,155,161,164,166,168,172,174,177,179,183,186,187,188,200,206,214,215,217,235,242,244,245,255,256,260,263,266,269,286,287,295],[4,22,28,30,34,35,36,56,65,68,70,72,81,82,87,88,105,109,110,112,114,115,118,125,127,130,137,139,142,143,148,149,151,157,159,160,167,171,173,181,184,190,191,192,204,208,209,213,221,225,226,229,230,231,233,252,253,261,262,267,271,272,273,276,278,280,282,283,284,288,289,291,296],[2,3,5,12,19,23,26,29,33,37,38,39,47,49,50,54,55,71,74,76,78,80,86,91,92,93,94,95,113,116,120,128,131,136,144,153,158,163,169,170,175,176,180,189,193,195,196,198,199,201,202,203,205,210,211,216,218,220,224,227,234,236,240,246,247,249,254,258,275,294,297,298,300]].
[[1,7,9,13,18,20,24,40,45,46,48,53,57,59,61,62,63,66,73,75,77,84,96,99,102,103,104,111,119,121,124,129,132,138,145,146,147,150,154,156,162,165,178,182,185,194,197,207,212,219,222,223,228,232,237,238,239,241,243,248,250,251,257,259,264,265,268,270,274,277,279,281,285,290,292,293,299],[2,3,5,12,19,23,26,29,33,37,38,39,47,49,50,54,55,71,74,76,78,80,86,91,92,93,94,95,113,116,120,128,131,136,144,153,158,163,169,170,175,176,180,189,193,195,196,198,199,201,202,203,205,210,211,216,218,220,224,227,234,236,240,246,247,249,254,258,275,294,297,298,300],[4,22,28,30,34,35,36,56,65,68,70,72,81,82,87,88,105,109,110,112,114,115,118,125,127,130,137,139,142,143,148,149,151,157,159,160,167,171,173,181,184,190,191,192,204,208,209,213,221,225,226,229,230,231,233,252,253,261,262,267,271,272,273,276,278,280,282,283,284,288,289,291,296]].
[[6,8,10,11,14,15,16,17,21,25,27,31,32,41,42,43,44,51,52,58,60,64,67,69,79,83,85,89,90,97,98,100,101,106,107,108,117,122,123,126,133,134,135,140,141,152,155,161,164,166,168,172,174,177,179,183,186,187,188,200,206,214,215,217,235,242,244,245,255,256,260,263,266,269,286,287,295],[4,22,28,30,34,35,36,56,65,68,70,72,81,82,87,88,105,109,110,112,114,115,118,125,127,130,137,139,142,143,148,149,151,157,159,160,167,171,173,181,184,190,191,192,204,208,209,213,221,225,226,229,230,231,233,252,253,261,262,267,271,272,273,276,278,280,282,283,284,288,289,291,296],[2,3,5,12,19,23,26,29,33,37,38,39,47,49,50,54,55,71,74,76,78,80,86,91,92,93,94,95,113,116,120,128,131,136,144,153,158,163,169,170,175,176,180,189,193,195,196,198,199,201,202,203,205,210,211,216,218,220,224,227,234,236,240,246,247,249,254,258,275,294,297,298,300]].
[[2,3,5,12,19,23,26,29,33,37,38,39,47,49,50,54,55,71,74,76,78,80,86,91,92,93,94,95,113,116,120,128,131,136,144,153,158,163,169,170,175,176,180,189,193,195,196,198,199,201,202,203,205,210,211,216,218,220,224,227,234,236,240,246,247,249,254,258,275,294,297,298,300],[1,7,9,13,18,20,24,40,45,46,48,53,57,59,61,62,63,66,73,75,77,84,96,99,102,103,104,111,119,121,124,129,132,138,145,146,147,150,154,156,162,165,178,182,185,194,197,207,212,219,222,223,228,232,237,238,239,241,243,248,250,251,257,259,264,265,268,270,274,277,279,281,285,290,292,293,299],[6,8,10,11,14,15,16,17,21,25,27,31,32,41,42,43,44,51,52,58,60,64,67,69,79,83,85,89,90,97,98,100,101,106,107,108,117,122,123,126,133,134,135,140,141,152,155,161,164,166,168,172,174,177,179,183,186,187,188,200,206,214,215,217,235,242,244,245,255,256,260,263,266,269,286,287,295]].
[[1,7,9,13,18,20,24,40,45,46,48,53,57,59,61,62,63,66,73,75,77,84,96,99,102,103,104,111,119,121,124,129,132,138,145,146,147,150,154,156,162,165,178,182,185,194,197,207,212,219,222,223,228,232,237,238,239,241,243,248,250,251,257,259,264,265,268,270,274,277,279,281,285,290,292,293,299],[2,3,5,12,19,23,26,29,33,37,38,39,47,49,50,54,55,71,74,76,78,80,86,91,92,93,94,95,113,116,120,128,131,136,144,153,158,163,169,170,175,176,180,189,193,195,196,198,199,201,202,203,205,210,211,216,218,220,224,227,234,236,240,246,247,249,254,258,275,294,297,298,300],[4,22,28,30,34,35,36,56,65,68,70,72,81,82,87,88,105,109,110,112,114,115,118,125,127,130,137,139,142,143,148,149,151,157,159,160,167,171,173,181,184,190,191,192,204,208,209,213,221,225,226,229,230,231,233,252,253,261,262,267,271,272,273,276,278,280,282,283,284,288,289,291,296]].
[[1,7,9,13,18,20,24,40,45,46,48,53,57,59,61,62,63,66,73,75,77,84,96,99,102,103,104,111,119,121,124,129,132,138,145,146,147,150,154,156,162,165,178,182,185,194,197,207,212,219,222,223,228,232,237,238,239,241,243,248,250,251,257,259,264,265,268,270,274,277,279,281,285,290,292,293,299],[2,3,5,12,19,23,26,29,33,37,38,39,47,49,50,54,55,71,74,76,78,80,86,91,92,93,94,95,113,116,120,128,131,136,144,153,158,163,169,170,175,176,180,189,193,195,196,198,199,201,202,203,205,210,211,216,218,220,224,227,234,236,240,246,247,249,254,258,275,294,297,298,300],[4,22,28,30,34,35,36,56,65,68,70,72,81,82,87,88,105,109,110,112,114,115,118,125,127,130,137,139,142,143,148,149,151,157,159,160,167,171,173,181,184,190,191,192,204,208,209,213,221,225,226,229,230,231,233,252,253,261,262,267,271,272,273,276,278,280,282,283,284,288,289,291,296]].
[[2,3,5,12,19,23,26,29,33,37,38,39,47,49,50,54,55,71,74,76,78,80,86,91,92,93,94,95,113,116,120,128,131,136,144,153,158,163,169,170,175,176,180,189,193,195,196,198,199,201,202,203,205,210,211,216,218,220,224,227,234,236,240,246,247,249,254,258,275,294,297,298,300],[1,7,9,13,18,20,24,40,45,46,48,53,57,59,61,62,63,66,73,75,77,84,96,99,102,103,104,111,119,121,124,129,132,138,145,146,147,150,154,156,162,165,178,182,185,194,197,207,212,219,222,223,228,232,237,238,239,241,243,248,250,251,257,259,264,265,268,270,274,277,279,281,285,290,292,293,299],[6,8,10,11,14,15,16,17,21,25,27,31,32,41,42,43,44,51,52,58,60,64,67,69,79,83,85,89,90,97,98,100,101,106,107,108,117,122,123,126,133,134,135,140,141,152,155,161,164,166,168,172,174,177,179,183,186,187,188,200,206,214,215,217,235,242,244,245,255,256,260,263,266,269,286,287,295]].
[[4,22,28,30,34,35,36,56,65,68,70,72,81,82,87,88,105,109,110,112,114,115,118,125,127,130,137,139,142,143,148,149,151,157,159,160,167,171,173,181,184,190,191,192,204,208,209,213,221,225,226,229,230,231,233,252,253,261,262,267,271,272,273,276,278,280,282,283,284,288,289,291,296],[6,8,10,11,14,15,16,17,21,25,27,31,32,41,42,43,44,51,52,58,60,64,67,69,79,83,85,89,90,97,98,100,101,106,107,108,117,122,123,126,133,134,135,140,141,152,155,161,164,166,168,172,174,177,179,183,186,187,188,200,206,214,215,217,235,242,244,245,255,256,260,263,266,269,286,287,295],[1,7,9,13,18,20,24,40,45,46,48,53,57,59,61,62,63,66,73,75,77,84,96,99,102,103,104,111,119,121,124,129,132,138,145,146,147,150,154,156,162,165,178,182,185,194,197,207,212,219,222,223,228,232,237,238,239,241,243,248,250,251,257,259,264,265,268,270,274,277,279,281,285,290,292,293,299]].
[[4,22,28,30,34,35,36,56,65,68,70,72,81,82,87,88,105,109,110,112,114,115,118,125,127,130,137,139,142,143,148,149,151,157,159,160,167,171,173,181,184,190,191,192,204,208,209,213,221,225,226,229,230,231,233,252,253,261,262,267,271,272,273,276,278,280,282,283,284,288,289,291,296],[6,8,10,11,14,15,16,17,21,25,27,31,32,41,42,43,44,51,52,58,60,64,67,69,79,83,85,89,90,97,98,100,101,106,107,108,117,122,123,126,133,134,135,140,141,152,155,161,164,166,168,172,174,177,179,183,186,187,188,200,206,214,215,217,235,242,244,245,255,256,260,263,266,269,286,287,295],[1,7,9,13,18,20,24,40,45,46,48,53,57,59,61,62,63,66,73,75,77,84,96,99,102,103,104,111,119,121,124,129,132,138,145,146,147,150,154,156,162,165,178,182,185,194,197,207,212,219,222,223,228,232,237,238,239,241,243,248,250,251,257,259,264,265,268,270,274,277,279,281,285,290,292,293,299]].
[[4,22,28,30,34,35,36,56,65,68,70,72,81,82,87,88,105,109,110,112,114,115,118,125,127,130,137,139,142,143,148,149,151,157,159,160,167,171,173,181,184,190,191,192,204,208,209,213,221,225,226,229,230,231,233,252,253,261,262,267,271,272,273,276,278,280,282,283,284,288,289,291,296],[6,8,10,11,14,15,16,17,21,25,27,31,32,41,42,43,44,51,52,58,60,64,67,69,79,83,85,89,90,97,98,100,101,106,107,108,117,122,123,126,133,134,135,140,141,152,155,161,164,166,168,172,174,177,179,183,186,187,188,200,206,214,215,217,235,242,244,245,255,256,260,263,266,269,286,287,295],[1,7,9,13,18,20,24,40,45,46,48,53,57,59,61,62,63,66,73,75,77,84,96,99,102,103,104,111,119,121,124,129,132,138,145,146,147,150,154,156,162,165,178,182,185,194,197,207,212,219,222,223,228,232,237,238,239,241,243,248,250,251,257,259,264,265,268,270,274,277,279,281,285,290,292,293,299]].
[[1,7,9,13,18,20,24,40,45,46,48,53,57,59,61,62,63,66,73,75,77,84,96,99,102,103,104,111,119,121,124,129,132,138,145,146,147,150,154,156,162,165,178,182,185,194,197,207,212,219,222,223,228,232,237,238,239,241,243,248,250,251,257,259,264,265,268,270,274,277,279,281,285,290,292,293,299],[2,3,5,12,19,23,26,29,33,37,38,39,47,49,50,54,55,71,74,76,78,80,86,91,92,93,94,95,113,116,120,128,131,136,144,153,158,163,169,170,175,176,180,189,193,195,196,198,199,201,202,203,205,210,211,216,218,220,224,227,234,236,240,246,247,249,254,258,275,294,297,298,300],[4,22,28,30,34,35,36,56,65,68,70,72,81,82,87,88,105,109,110,112,114,115,118,125,127,130,137,139,142,143,148,149,151,157,159,160,167,171,173,181,184,190,191,192,204,208,209,213,221,225,226,229,230,231,233,252,253,261,262,267,271,272,273,276,278,280,282,283,284,288,289,291,296]].
[[2,3,5,12,19,23,26,29,33,37,38,39,47,49,50,54,55,71,74,76,78,80,86,91,92,93,94,95,113,116,120,128,131,136,144,153,158,163,169,170,175,176,180,189,193,195,196,198,199,201,202,203,205,210,211,216,218,220,224,227,234,236,240,246,247,249,254,258,275,294,297,298,300],[1,7,9,13,18,20,24,40,45,46,48,53,57,59,61,62,63,66,73,75,77,84,96,99,102,103,104,111,119,121,124,129,132,138,145,146,147,150,154,156,162,165,178,182,185,194,197,207,212,219,222,223,228,232,237,238,239,241,243,248,250,251,257,259,264,265,268,270,274,277,279,281,285,290,292,293,299],[6,8,10,11,14,15,16,17,21,25,27,31,32,41,42,43,44,51,52,58,60,64,67,69,79,83,85,89,90,97,98,100,101,106,107,108,117,122,123,126,133,134,135,140,141,152,155,161,164,166,168,172,174,177,179,183,186,187,188,200,206,214,215,217,235,242,244,245,255,256,260,263,266,269,286,287,295]].
[[4,22,28,30,34,35,36,56,65,68,70,72,81,82,87,88,105,109,110,112,114,115,118,125,127,130,137,139,142,143,148,149,151,157,159,160,167,171,173,181,184,190,191,192,204,208,209,213,221,225,226,229,230,231,233,252,253,261,262,267,271,272,273,276,278,280,282,283,284,288,289,291,296],[6,8,10,11,14,15,16,17,21,25,27,31,32,41,42,43,44,51,52,58,60,64,67,69,79,83,85,89,90,97,98,100,101,106,107,108,117,122,123,126,133,134,135,140,141,152,155,161,164,166,168,172,174,177,179,183,186,187,188,200,206,214,215,217,235,242,244,245,255,256,260,263,266,269,286,287,295],[1,7,9,13,18,20,24,40,45,46,48,53,57,59,61,62,63,66,73,75,77,84,96,99,102,103,104,111,119,121,124,129,132,138,145,146,147,150,154,156,162,165,178,182,185,194,197,207,212,219,222,223,228,232,237,238,239,241,243,248,250,251,257,259,264,265,268,270,274,277,279,281,285,290,292,293,299]].
[[1,7,9,13,18,20,24,40,45,46,48,53,57,59,61,62,63,66,73,75,77,84,96,99,102,103,104,111,119,121,124,129,132,138,145,146,147,150,154,156,162,165,178,182,185,194,197,207,212,219,222,223,228,232,237,238,239,241,243,248,250,251,257,259,264,265,268,270,274,277,279,281,285,290,292,293,299],[2,3,5,12,19,23,26,29,33,37,38,39,47,49,50,54,55,71,74,76,78,80,86,91,92,93,94,95,113,116,120,128,131,136,144,153,158,163,169,170,175,176,180,189,193,195,196,198,199,201,202,203,205,210,211,216,218,220,224,227,234,236,240,246,247,249,254,258,275,294,297,298,300],[4,22,28,30,34,35,36,56,65,68,70,72,81,82,87,88,105,109,110,112,114,115,118,125,127,130,137,139,142,143,148,149,151,157,159,160,167,171,173,181,184,190,191,192,204,208,209,213,221,225,226,229,230,231,233,252,253,261,262,267,271,272,273,276,278,280,282,283,284,288,289,291,296]].
[[4,22,28,30,34,35,36,56,65,68,70,72,81,82,87,88,105,109,110,112,114,115,118,125,127,130,137,139,142,143,148,149,151,157,159,160,167,171,173,181,184,190,191,192,204,208,209,213,221,225,226,229,230,231,233,252,253,261,262,267,271,272,273,276,278,280,282,283,284,288,289,291,296],[6,8,10,11,14,15,16,17,21,25,27,31,32,41,42,43,44,51,52,58,60,64,67,69,79,83,85,89,90,97,98,100,101,106,107,108,117,122,123,126,133,134,135,140,141,152,155,161,164,166,168,172,174,177,179,183,186,187,188,200,206,214,215,217,235,242,244,245,255,256,260,263,266,269,286,287,295],[1,7,9,13,18,20,24,40,45,46,48,53,57,59,61,62,63,66,73,75,77,84,96,99,102,103,104,111,119,121,124,129,132,138,145,146,147,150,154,156,162,165,178,182,185,194,197,207,212,219,222,223,228,232,237,238,239,241,243,248,250,251,257,259,264,265,268,270,274,277,279,281,285,290,292,293,299]].
[[4,22,28,30,34,35,36,56,65,68,70,72,81,82,87,88,105,109,110,112,114,115,118,125,127,130,137,139,142,143,148,149,151,157,159,160,167,171,173,181,184,190,191,192,204,208,209,213,221,225,226,229,230,231,233,252,253,261,262,267,271,272,273,276,278,280,282,283,284,288,289,291,296],[6,8,10,11,14,15,16,17,21,25,27,31,32,41,42,43,44,51,52,58,60,64,67,69,79,83,85,89,90,97,98,100,101,106,107,108,117,122,123,126,133,134,135,140,141,152,155,161,164,166,168,172,174,177,179,183,186,187,188,200,206,214,215,217,235,242,244,245,255,256,260,263,266,269,286,287,295],[1,7,9,13,18,20,24,40,45,46,48,53,57,59,61,62,63,66,73,75,77,84,96,99,102,103,104,111,119,121,124,129,132,138,145,146,147,150,154,156,162,165,178,182,185,194,197,207,212,219,222,223,228,232,237,238,239,241,243,248,250,251,257,259,264,265,268,270,274,277,279,281,285,290,292,293,299]].
[[2,3,5,12,19,23,26,29,33,37,38,39,47,49,50,54,55,71,74,76,78,80,86,91,92,93,94,95,113,116,120,128,131,136,144,153,158,163,169,170,175,176,180,189,193,195,196,198,199,201,202,203,205,210,211,216,218,220,224,227,234,236,240,246,247,249,254,258,275,294,297,298,300],[1,7,9,13,18,20,24,40,45,46,48,53,57,59,61,62,63,66,73,75,77,84,96,99,102,103,104,111,119,121,124,129,132,138,145,146,147,150,154,156,162,165,178,182,185,194,197,207,212,219,222,223,228,232,237,238,239,241,243,248,250,251,257,259,264,265,268,270,274,277,279,281,285,290,292,293,299],[6,8,10,11,14,15,16,17,21,25,27,31,32,41,42,43,44,51,52,58,60,64,67,69,79,83,85,89,90,97,98,100,101,106,107,108,117,122,123,126,133,134,135,140,141,152,155,161,164,166,168,172,174,177,179,183,186,187,188,200,206,214,215,217,235,242,244,245,255,256,260,263,266,269,286,287,295]].
[[6,8,10,11,14,15,16,17,21,25,27,31,32,41,42,43,44,51,52,58,60,64,67,69,79,83,85,89,90,97,98,100,101,106,107,108,117,122,123,126,133,134,135,140,141,152,155,161,164,166,168,172,174,177,179,183,186,187,188,200,206,214,215,217,235,242,244,245,255,256,260,263,266,269,286,287,295],[4,22,28,30,34,35,36,56,65,68,70,72,81,82,87,88,105,109,110,112,114,115,118,125,127,130,137,139,142,143,148,149,151,157,159,160,167,171,173,181,184,190,191,192,204,208,209,213,221,225,226,229,230,231,233,252,253,261,262,267,271,272,273,276,278,280,282,283,284,288,289,291,296],[2,3,5,12,19,23,26,29,33,37,38,39,47,49,50,54,55,71,74,76,78,80,86,91,92,93,94,95,113,116,120,128,131,136,144,153,158,163,169,170,175,176,180,189,193,195,196,198,199,201,202,203,205,210,211,216,218,220,224,227,234,236,240,246,247,249,254,258,275,294,297,298,300]].
[[1,7,9,13,18,20,24,40,45,46,48,53,57,59,61,62,63,66,73,75,77,84,96,99,102,103,104,111,119,121,124,129,132,138,145,146,147,150,154,156,162,165,178,182,185,194,197,207,212,219,222,223,228,232,237,238,239,241,243,248,250,251,257,259,264,265,268,270,274,277,279,281,285,290,292,293,299],[2,3,5,12,19,23,26,29,33,37,38,39,47,49,50,54,55,71,74,76,78,80,86,91,92,93,94,95,113,116,120,128,131,136,144,153,158,163,169,170,175,176,180,189,193,195,196,198,199,201,202,203,205,210,211,216,218,220,224,227,234,236,240,246,247,249,254,258,275,294,297,298,300],[4,22,28,30,34,35,36,56,65,68,70,72,81,82,87,88,105,109,110,112,114,115,118,125,127,130,137,139,142,143,148,149,151,157,159,160,167,171,173,181,184,190,191,192,204,208,209,213,221,225,226,229,230,231,233,252,253,261,262,267,271,272,273,276,278,280,282,283,284,288,289,291,296]].
[[2,3,5,12,19,23,26,29,33,37,38,39,47,49,50,54,55,71,74,76,78,80,86,91,92,93,94,95,113,116,120,128,131,136,144,153,158,163,169,170,175,176,180,189,193,195,196,198,199,201,202,203,205,210,211,216,218,220,224,227,234,236,240,246,247,249,254,258,275,294,297,298,300],[1,7,9,13,18,20,24,40,45,46,48,53,57,59,61,62,63,66,73,75,77,84,96,99,102,103,104,111,119,121,124,129,132,138,145,146,147,150,154,156,162,165,178,182,185,194,197,207,212,219,222,223,228,232,237,238,239,241,243,248,250,251,257,259,264,265,268,270,274,277,279,281,285,290,292,293,299],[6,8,10,11,14,15,16,17,21,25,27,31,32,41,42,43,44,51,52,58,60,64,67,69,79,83,85,89,90,97,98,100,101,106,107,108,117,122,123,126,133,134,135,140,141,152,155,161,164,166,168,172,174,177,179,183,186,187,188,200,206,214,215,217,235,242,244,245,255,256,260,263,266,269,286,287,295]].
[[4,22,28,30,34,35,36,56,65,68,70,72,81,82,87,88,105,109,110,112,114,115,118,125,127,130,137,139,142,143,148,149,151,157,159,160,167,171,173,181,184,190,191,192,204,208,209,213,221,225,226,229,230,231,233,252,253,261,262,267,271,272,273,276,278,280,282,283,284,288,289,291,296],[6,8,10,11,14,15,16,17,21,25,27,31,32,41,42,43,44,51,52,58,60,64,67,69,79,83,85,89,90,97,98,100,101,106,107,108,117,122,123,126,133,134,135,140,141,152,155,161,164,166,168,172,174,177,179,183,186,187,188,200,206,214,215,217,235,242,244,245,255,256,260,263,266,269,286,287,295],[1,7,9,13,18,20,24,40,45,46,48,53,57,59,61,62,63,66,73,75,77,84,96,99,102,103,104,111,119,121,124,129,132,138,145,146,147,150,154,156,162,165,178,182,185,194,197,207,212,219,222,223,228,232,237,238,239,241,243,248,250,251,257,259,264,265,268,270,274,277,279,281,285,290,292,293,299]].
[[6,8,10,11,14,15,16,17,21,25,27,31,32,41,42,43,44,51,52,58,60,64,67,69,79,83,85,89,90,97,98,100,101,106,107,108,117,122,123,126,133,134,135,140,141,152,155,161,164,166,168,172,174,177,179,183,186,187,188,200,206,214,215,217,235,242,244,245,255,256,260,263,266,269,286,287,295],[4,22,28,30,34,35,36,56,65,68,70,72,81,82,87,88,105,109,110,112,114,115,118,125,127,130,137,139,142,143,148,149,151,157,159,160,167,171,173,181,184,190,191,192,204,208,209,213,221,225,226,229,230,231,233,252,253,261,262,267,271,272,273,276,278,280,282,283,284,288,289,291,296],[2,3,5,12,19,23,26,29,33,37,38,39,47,49,50,54,55,71,74,76,78,80,86,91,92,93,94,95,113,116,120,128,131,136,144,153,158,163,169,170,175,176,180,189,193,195,196,198,199,201,202,203,205,210,211,216,218,220,224,227,234,236,240,246,247,249,254,258,275,294,297,298,300]].
[[4,22,28,30,34,35,36,56,65,68,70,72,81,82,87,88,105,109,110,112,114,115,118,125,127,130,137,139,142,143,148,149,151,157,159,160,167,171,173,181,184,190,191,192,204,208,209,213,221,225,226,229,230,231,233,252,253,261,262,267,271,272,273,276,278,280,282,283,284,288,289,291,296],[6,8,10,11,14,15,16,17,21,25,27,31,32,41,42,43,44,51,52,58,60,64,67,69,79,83,85,89,90,97,98,100,101,106,107,108,117,122,123,126,133,134,135,140,141,152,155,161,164,166,168,172,174,177,179,183,186,187,188,200,206,214,215,217,235,242,244,245,255,256,260,263,266,269,286,287,295],[1,7,9,13,18,20,24,40,45,46,48,53,57,59,61,62,63,66,73,75,77,84,96,99,102,103,104,111,119,121,124,129,132,138,145,146,147,150,154,156,162,165,178,182,185,194,197,207,212,219,222,223,228,232,237,238,239,241,243,248,250,251,257,259,264,265,268,270,274,277,279,281,285,290,292,293,299]].
[[6,8,10,11,14,15,16,17,21,25,27,31,32,41,42,43,44,51,52,58,60,64,67,69,79,83,85,89,90,97,98,100,101,106,107,108,117,122,123,126,133,134,135,140,141,152,155,161,164,166,168,172,174,177,179,183,186,187,188,200,206,214,215,217,235,242,244,245,255,256,260,263,266,269,286,287,295],[4,22,28,30,34,35,36,56,65,68,70,72,81,82,87,88,105,109,110,112,114,115,118,125,127,130,137,139,142,143,148,149,151,157,159,160,167,171,173,181,184,190,191,192,204,208,209,213,221,225,226,229,230,231,233,252,253,261,262,267,271,272,273,276,278,280,282,283,284,288,289,291,296],[2,3,5,12,19,23,26,29,33,37,38,39,47,49,50,54,55,71,74,76,78,80,86,91,92,93,94,95,113,116,120,128,131,136,144,153,158,163,169,170,175,176,180,189,193,195,196,198,199,201,202,203,205,210,211,216,218,220,224,227,234,236,240,246,247,249,254,258,275,294,297,298,300]].
[[2,3,5,12,19,23,26,29,33,37,38,39,47,49,50,54,55,71,74,76,78,80,86,91,92,93,94,95,113,116,120,128,131,136,144,153,158,163,169,170,175,176,180,189,193,195,196,198,199,201,202,203,205,210,211,216,218,220,224,227,234,236,240,246,247,249,254,258,275,294,297,298,300],[1,7,9,13,18,20,24,40,45,46,48,53,57,59,61,62,63,66,73,75,77,84,96,99,102,103,104,111,119,121,124,129,132,138,145,146,147,150,154,156,162,165,178,182,185,194,197,207,212,219,222,223,228,232,237,238,239,241,243,248,250,251,257,259,264,265,268,270,274,277,279,281,285,290,292,293,299],[6,8,10,11,14,15,16,17,21,25,27,31,32,41,42,43,44,51,52,58,60,64,67,69,79,83,85,89,90,97,98,100,101,106,107,108,117,122,123,126,133,134,135,140,141,152,155,161,164,166,168,172,174,177,179,183,186,187,188,200,206,214,215,217,235,242,244,245,255,256,260,263,266,269,286,287,295]].
[[2,3,5,12,19,23,26,29,33,37,38,39,47,49,50,54,55,71,74,76,78,80,86,91,92,93,94,95,113,116,120,128,131,136,144,153,158,163,169,170,175,176,180,189,193,195,196,198,199,201,202,203,205,210,211,216,218,220,224,227,234,236,240,246,247,249,254,258,275,294,297,298,300],[1,7,9,13,18,20,24,40,45,46,48,53,57,59,61,62,63,66,73,75,77,84,96,99,102,103,104,111,119,121,124,129,132,138,145,146,147,150,154,156,162,165,178,182,185,194,197,207,212,219,222,223,228,232,237,238,239,241,243,248,250,251,257,259,264,265,268,270,274,277,279,281,285,290,292,293,299],[6,8,10,11,14,15,16,17,21,25,27,31,32,41,42,43,44,51,52,58,60,64,67,69,79,83,85,89,90,97,98,100,101,106,107,108,117,122,123,126,133,134,135,140,141,152,155,161,164,166,168,172,174,177,179,183,186,187,188,200,206,214,215,217,235,242,244,245,255,256,260,263,266,269,286,287,295]].
[[2,3,5,12,19,23,26,29,33,37,38,39,47,49,50,54,55,71,74,76,78,80,86,91,92,93,94,95,113,116,120,128,131,136,144,153,158,163,169,170,175,176,180,189,193,195,196,198,199,201,202,203,205,210,211,216,218,220,224,227,234,236,240,246,247,249,254,258,275,294,297,298,300],[1,7,9,13,18,20,24,40,45,46,48,53,57,59,61,62,63,66,73,75,77,84,96,99,102,103,104,111,119,121,124,129,132,138,145,146,147,150,154,156,162,165,178,182,185,194,197,207,212,219,222,223,228,232,237,238,239,241,243,248,250,251,257,259,264,265,268,270,274,277,279,281,285,290,292,293,299],[6,8,10,11,14,15,16,17,21,25,27,31,32,41,42,43,44,51,52,58,60,64,67,69,79,83,85,89,90,97,98,100,101,106,107,108,117,122,123,126,133,134,135,140,141,152,155,161,164,166,168,172,174,177,179,183,186,187,188,200,206,214,215,217,235,242,244,245,255,256,260,263,266,269,286,287,295]].
[[1,7,9,13,18,20,24,40,45,46,48,53,57,59,61,62,63,66,73,75,77,84,96,99,102,103,104,111,119,121,124,129,132,138,145,146,147,150,154,156,162,165,178,182,185,194,197,207,212,219,222,223,228,232,237,238,239,241,243,248,250,251,257,259,264,265,268,270,274,277,279,281,285,290,292,293,299],[2,3,5,12,19,23,26,29,33,37,38,39,47,49,50,54,55,71,74,76,78,80,86,91,92,93,94,95,113,116,120,128,131,136,144,153,158,163,169,170,175,176,180,189,193,195,196,198,199,201,202,203,205,210,211,216,218,220,224,227,234,236,240,246,247,249,254,258,275,294,297,298,300],[4,22,28,30,34,35,36,56,65,68,70,72,81,82,87,88,105,109,110,112,114,115,118,125,127,130,137,139,142,143,148,149,151,157,159,160,167,171,173,181,184,190,191,192,204,208,209,213,221,225,226,229,230,231,233,252,253,261,262,267,271,272,273,276,278,280,282,283,284,288,289,291,296]].
[[6,8,10,11,14,15,16,17,21,25,27,31,32,41,42,43,44,51,52,58,60,64,67,69,79,83,85,89,90,97,98,100,101,106,107,108,117,122,123,126,133,134,135,140,141,152,155,161,164,166,168,172,174,177,179,183,186,187,188,200,206,214,215,217,235,242,244,245,255,256,260,263,266,269,286,287,295],[4,22,28,30,34,35,36,56,65,68,70,72,81,82,87,88,105,109,110,112,114,115,118,125,127,130,137,139,142,143,148,149,151,157,159,160,167,171,173,181,184,190,191,192,204,208,209,213,221,225,226,229,230,231,233,252,253,261,262,267,271,272,273,276,278,280,282,283,284,288,289,291,296],[2,3,5,12,19,23,26,29,33,37,38,39,47,49,50,54,55,71,74,76,78,80,86,91,92,93,94,95,113,116,120,128,131,136,144,153,158,163,169,170,175,176,180,189,193,195,196,198,199,201,202,203,205,210,211,216,218,220,224,227,234,236,240,246,247,249,254,258,275,294,297,298,300]].
[[2,3,5,12,19,23,26,29,33,37,38,39,47,49,50,54,55,71,74,76,78,80,86,91,92,93,94,95,113,116,120,128,131,136,144,153,158,163,169,170,175,176,180,189,193,195,196,198,199,201,202,203,205,210,211,216,218,220,224,227,234,236,240,246,247,249,254,258,275,294,297,298,300],[1,7,9,13,18,20,24,40,45,46,48,53,57,59,61,62,63,66,73,75,77,84,96,99,102,103,104,111,119,121,124,129,132,138,145,146,147,150,154,156,162,165,178,182,185,194,197,207,212,219,222,223,228,232,237,238,239,241,243,248,250,251,257,259,264,265,268,270,274,277,279,281,285,290,292,293,299],[6,8,10,11,14,15,16,17,21,25,27,31,32,41,42,43,44,51,52,58,60,64,67,69,79,83,85,89,90,97,98,100,101,106,107,108,117,122,123,126,133,134,135,140,141,152,155,161,164,166,168,172,174,177,179,183,186,187,188,200,206,214,215,217,235,242,244,245,255,256,260,263,266,269,286,287,295]].
[[4,22,28,30,34,35,36,56,65,68,70,72,81,82,87,88,105,109,110,112,114,115,118,125,127,130,137,139,142,143,148,149,151,157,159,160,167,171,173,181,184,190,191,192,204,208,209,213,221,225,226,229,230,231,233,252,253,261,262,267,271,272,273,276,278,280,282,283,284,288,289,291,296],[6,8,10,11,14,15,16,17,21,25,27,31,32,41,42,43,44,51,52,58,60,64,67,69,79,83,85,89,90,97,98,100,101,106,107,108,117,122,123,126,133,134,135,140,141,152,155,161,164,166,168,172,174,177,179,183,186,187,188,200,206,214,215,217,235,242,244,245,255,256,260,263,266,269,286,287,295],[1,7,9,13,18,20,24,40,45,46,48,53,57,59,61,62,63,66,73,75,77,84,96,99,102,103,104,111,119,121,124,129,132,138,145,146,147,150,154,156,162,165,178,182,185,194,197,207,212,219,222,223,228,232,237,238,239,241,243,248,250,251,257,259,264,265,268,270,274,277,279,281,285,290,292,293,299]].
[[1,7,9,13,18,20,24,40,45,46,48,53,57,59,61,62,63,66,73,75,77,84,96,99,102,103,104,111,119,121,124,129,132,138,145,146,147,150,154,156,162,165,178,182,185,194,197,207,212,219,222,223,228,232,237,238,239,241,243,248,250,251,257,259,264,265,268,270,274,277,279,281,285,290,292,293,299],[2,3,5,12,19,23,26,29,33,37,38,39,47,49,50,54,55,71,74,76,78,80,86,91,92,93,94,95,113,116,120,128,131,136,144,153,158,163,169,170,175,176,180,189,193,195,196,198,199,201,202,203,205,210,211,216,218,220,224,227,234,236,240,246,247,249,254,258,275,294,297,298,300],[4,22,28,30,34,35,36,56,65,68,70,72,81,82,87,88,105,109,110,112,114,115,118,125,127,130,137,139,142,143,148,149,151,157,159,160,167,171,173,181,184,190,191,192,204,208,209,213,221,225,226,229,230,231,233,252,253,261,262,267,271,272,273,276,278,280,282,283,284,288,289,291,296]].
[[2,3,5,12,19,23,26,29,33,37,38,39,47,49,50,54,55,71,74,76,78,80,86,91,92,93,94,95,113,116,120,128,131,136,144,153,158,163,169,170,175,176,180,189,193,195,196,198,199,201,202,203,205,210,211,216,218,220,224,227,234,236,240,246,247,249,254,258,275,294,297,298,300],[1,7,9,13,18,20,24,40,45,46,48,53,57,59,61,62,63,66,73,75,77,84,96,99,102,103,104,111,119,121,124,129,132,138,145,146,147,150,154,156,162,165,178,182,185,194,197,207,212,219,222,223,228,232,237,238,239,241,243,248,250,251,257,259,264,265,268,270,274,277,279,281,285,290,292,293,299],[6,8,10,11,14,15,16,17,21,25,27,31,32,41,42,43,44,51,52,58,60,64,67,69,79,83,85,89,90,97,98,100,101,106,107,108,117,122,123,126,133,134,135,140,141,152,155,161,164,166,168,172,174,177,179,183,186,187,188,200,206,214,215,217,235,242,244,245,255,256,260,263,266,269,286,287,295]].
[[6,8,10,11,14,15,16,17,21,25,27,31,32,41,42,43,44,51,52,58,60,64,67,69,79,83,85,89,90,97,98,100,101,106,107,108,117,122,123,126,133,134,135,140,141,152,155,161,164,166,168,172,174,177,179,183,186,187,188,200,206,214,215,217,235,242,244,245,255,256,260,263,266,269,286,287,295],[4,22,28,30,34,35,36,56,65,68,70,72,81,82,87,88,105,109,110,112,114,115,118,125,127,130,137,139,142,143,148,149,151,157,159,160,167,171,173,181,184,190,191,192,204,208,209,213,221,225,226,229,230,231,233,252,253,261,262,267,271,272,273,276,278,280,282,283,284,288,289,291,296],[2,3,5,12,19,23,26,29,33,37,38,39,47,49,50,54,55,71,74,76,78,80,86,91,92,93,94,95,113,116,120,128,131,136,144,153,158,163,169,170,175,176,180,189,193,195,196,198,199,201,202,203,205,210,211,216,218,220,224,227,234,236,240,246,247,249,254,258,275,294,297,298,300]].
[[2,3,5,12,19,23,26,29,33,37,38,39,47,49,50,54,55,71,74,76,78,80,86,91,92,93,94,95,113,116,120,128,131,136,144,153,158,163,169,170,175,176,180,189,193,195,196,198,199,201,202,203,205,210,211,216,218,220,224,227,234,236,240,246,247,249,254,258,275,294,297,298,300],[1,7,9,13,18,20,24,40,45,46,48,53,57,59,61,62,63,66,73,75,77,84,96,99,102,103,104,111,119,121,124,129,132,138,145,146,147,150,154,156,162,165,178,182,185,194,197,207,212,219,222,223,228,232,237,238,239,241,243,248,250,251,257,259,264,265,268,270,274,277,279,281,285,290,292,293,299],[6,8,10,11,14,15,16,17,21,25,27,31,32,41,42,43,44,51,52,58,60,64,67,69,79,83,85,89,90,97,98,100,101,106,107,108,117,122,123,126,133,134,135,140,141,152,155,161,164,166,168,172,174,177,179,183,186,187,188,200,206,214,215,217,235,242,244,245,255,256,260,263,266,269,286,287,295]].
[[1,7,9,13,18,20,24,40,45,46,48,53,57,59,61,62,63,66,73,75,77,84,96,99,102,103,104,111,119,121,124,129,132,138,145,146,147,150,154,156,162,165,178,182,185,194,197,207,212,219,222,223,228,232,237,238,239,241,243,248,250,251,257,259,264,265,268,270,274,277,279,281,285,290,292,293,299],[2,3,5,12,19,23,26,29,33,37,38,39,47,49,50,54,55,71,74,76,78,80,86,91,92,93,94,95,113,116,120,128,131,136,144,153,158,163,169,170,175,176,180,189,193,195,196,198,199,201,202,203,205,210,211,216,218,220,224,227,234,236,240,246,247,249,254,258,275,294,297,298,300],[4,22,28,30,34,35,36,56,65,68,70,72,81,82,87,88,105,109,110,112,114,115,118,125,127,130,137,139,142,143,148,149,151,157,159,160,167,171,173,181,184,190,191,192,204,208,209,213,221,225,226,229,230,231,233,252,253,261,262,267,271,272,273,276,278,280,282,283,284,288,289,291,296]].
[[2,3,5,12,19,23,26,29,33,37,38,39,47,49,50,54,55,71,74,76,78,80,86,91,92,93,94,95,113,116,120,128,131,136,144,153,158,163,169,170,175,176,180,189,193,195,196,198,199,201,202,203,205,210,211,216,218,220,224,227,234,236,240,246,247,249,254,258,275,294,297,298,300],[1,7,9,13,18,20,24,40,45,46,48,53,57,59,61,62,63,66,73,75,77,84,96,99,102,103,104,111,119,121,124,129,132,138,145,146,147,150,154,156,162,165,178,182,185,194,197,207,212,219,222,223,228,232,237,238,239,241,243,248,250,251,257,259,264,265,268,270,274,277,279,281,285,290,292,293,299],[6,8,10,11,14,15,16,17,21,25,27,31,32,41,42,43,44,51,52,58,60,64,67,69,79,83,85,89,90,97,98,100,101,106,107,108,117,122,123,126,133,134,135,140,141,152,155,161,164,166,168,172,174,177,179,183,186,187,188,200,206,214,215,217,235,242,244,245,255,256,260,263,266,269,286,287,295]].
[[2,3,5,12,19,23,26,29,33,37,38,39,47,49,50,54,55,71,74,76,78,80,86,91,92,93,94,95,113,116,120,128,131,136,144,153,158,163,169,170,175,176,180,189,193,195,196,198,199,201,202,203,205,210,211,216,218,220,224,227,234,236,240,246,247,249,254,258,275,294,297,298,300],[1,7,9,13,18,20,24,40,45,46,48,53,57,59,61,62,63,66,73,75,77,84,96,99,102,103,104,111,119,121,124,129,132,138,145,146,147,150,154,156,162,165,178,182,185,194,197,207,212,219,222,223,228,232,237,238,239,241,243,248,250,251,257,259,264,265,268,270,274,277,279,281,285,290,292,293,299],[6,8,10,11,14,15,16,17,21,25,27,31,32,41,42,43,44,51,52,58,60,64,67,69,79,83,85,89,90,97,98,100,101,106,107,108,117,122,123,126,133,134,135,140,141,152,155,161,164,166,168,172,174,177,179,183,186,187,188,200,206,214,215,217,235,242,244,245,255,256,260,263,266,269,286,287,295]].
[[6,8,10,11,14,15,16,17,21,25,27,31,32,41,42,43,44,51,52,58,60,64,67,69,79,83,85,89,90,97,98,100,101,106,107,108,117,122,123,126,133,134,135,140,141,152,155,161,164,166,168,172,174,177,179,183,186,187,188,200,206,214,215,217,235,242,244,245,255,256,260,263,266,269,286,287,295],[4,22,28,30,34,35,36,56,65,68,70,72,81,82,87,88,105,109,110,112,114,115,118,125,127,130,137,139,142,143,148,149,151,157,159,160,167,171,173,181,184,190,191,192,204,208,209,213,221,225,226,229,230,231,233,252,253,261,262,267,271,272,273,276,278,280,282,283,284,288,289,291,296],[2,3,5,12,19,23,26,29,33,37,38,39,47,49,50,54,55,71,74,76,78,80,86,91,92,93,94,95,113,116,120,128,131,136,144,153,158,163,169,170,175,176,180,189,193,195,196,198,199,201,202,203,205,210,211,216,218,220,224,227,234,236,240,246,247,249,254,258,275,294,297,298,300]].
[[2,3,5,12,19,23,26,29,33,37,38,39,47,49,50,54,55,71,74,76,78,80,86,91,92,93,94,95,113,116,120,128,131,136,144,153,158,163,169,170,175,176,180,189,193,195,196,198,199,201,202,203,205,210,211,216,218,220,224,227,234,236,240,246,247,249,254,258,275,294,297,298,300],[1,7,9,13,18,20,24,40,45,46,48,53,57,59,61,62,63,66,73,75,77,84,96,99,102,103,104,111,119,121,124,129,132,138,145,146,147,150,154,156,162,165,178,182,185,194,197,207,212,219,222,223,228,232,237,238,239,241,243,248,250,251,257,259,264,265,268,270,274,277,279,281,285,290,292,293,299],[6,8,10,11,14,15,16,17,21,25,27,31,32,41,42,43,44,51,52,58,60,64,67,69,79,83,85,89,90,97,98,100,101,106,107,108,117,122,123,126,133,134,135,140,141,152,155,161,164,166,168,172,174,177,179,183,186,187,188,200,206,214,215,217,235,242,244,245,255,256,260,263,266,269,286,287,295]].
[[4,22,28,30,34,35,36,56,65,68,70,72,81,82,87,88,105,109,110,112,114,115,118,125,127,130,137,139,142,143,148,149,151,157,159,160,167,171,173,181,184,190,191,192,204,208,209,213,221,225,226,229,230,231,233,252,253,261,262,267,271,272,273,276,278,280,282,283,284,288,289,291,296],[6,8,10,11,14,15,16,17,21,25,27,31,32,41,42,43,44,51,52,58,60,64,67,69,79,83,85,89,90,97,98,100,101,106,107,108,117,122,123,126,133,134,135,140,141,152,155,161,164,166,168,172,174,177,179,183,186,187,188,200,206,214,215,217,235,242,244,245,255,256,260,263,266,269,286,287,295],[1,7,9,13,18,20,24,40,45,46,48,53,57,59,61,62,63,66,73,75,77,84,96,99,102,103,104,111,119,121,124,129,132,138,145,146,147,150,154,156,162,165,178,182,185,194,197,207,212,219,222,223,228,232,237,238,239,241,243,248,250,251,257,259,264,265,268,270,274,277,279,281,285,290,292,293,299]].
[[4,22,28,30,34,35,36,56,65,68,70,72,81,82,87,88,105,109,110,112,114,115,118,125,127,130,137,139,142,143,148,149,151,157,159,160,167,171,173,181,184,190,191,192,204,208,209,213,221,225,226,229,230,231,233,252,253,261,262,267,271,272,273,276,278,280,282,283,284,288,289,291,296],[6,8,10,11,14,15,16,17,21,25,27,31,32,41,42,43,44,51,52,58,60,64,67,69,79,83,85,89,90,97,98,100,101,106,107,108,117,122,123,126,133,134,135,140,141,152,155,161,164,166,168,172,174,177,179,183,186,187,188,200,206,214,215,217,235,242,244,245,255,256,260,263,266,269,286,287,295],[1,7,9,13,18,20,24,40,45,46,48,53,57,59,61,62,63,66,73,75,77,84,96,99,102,103,104,111,119,121,124,129,132,138,145,146,147,150,154,156,162,165,178,182,185,194,197,207,212,219,222,223,228,232,237,238,239,241,243,248,250,251,257,259,264,265,268,270,274,277,279,281,285,290,292,293,299]].
[[1,7,9,13,18,20,24,40,45,46,48,53,57,59,61,62,63,66,73,75,77,84,96,99,102,103,104,111,119,121,124,129,132,138,145,146,147,150,154,156,162,165,178,182,185,194,197,207,212,219,222,223,228,232,237,238,239,241,243,248,250,251,257,259,264,265,268,270,274,277,279,281,285,290,292,293,299],[2,3,5,12,19,23,26,29,33,37,38,39,47,49,50,54,55,71,74,76,78,80,86,91,92,93,94,95,113,116,120,128,131,136,144,153,158,163,169,170,175,176,180,189,193,195,196,198,199,201,202,203,205,210,211,216,218,220,224,227,234,236,240,246,247,249,254,258,275,294,297,298,300],[4,22,28,30,34,35,36,56,65,68,70,72,81,82,87,88,105,109,110,112,114,115,118,125,127,130,137,139,142,143,148,149,151,157,159,160,167,171,173,181,184,190,191,192,204,208,209,213,221,225,226,229,230,231,233,252,253,261,262,267,271,272,273,276,278,280,282,283,284,288,289,291,296]].
[[4,22,28,30,34,35,36,56,65,68,70,72,81,82,87,88,105,109,110,112,114,115,118,125,127,130,137,139,142,143,148,149,151,157,159,160,167,171,173,181,184,190,191,192,204,208,209,213,221,225,226,229,230,231,233,252,253,261,262,267,271,272,273,276,278,280,282,283,284,288,289,291,296],[6,8,10,11,14,15,16,17,21,25,27,31,32,41,42,43,44,51,52,58,60,64,67,69,79,83,85,89,90,97,98,100,101,106,107,108,117,122,123,126,133,134,135,140,141,152,155,161,164,166,168,172,174,177,179,183,186,187,188,200,206,214,215,217,235,242,244,245,255,256,260,263,266,269,286,287,295],[1,7,9,13,18,20,24,40,45,46,48,53,57,59,61,62,63,66,73,75,77,84,96,99,102,103,104,111,119,121,124,129,132,138,145,146,147,150,154,156,162,165,178,182,185,194,197,207,212,219,222,223,228,232,237,238,239,241,243,248,250,251,257,259,264,265,268,270,274,277,279,281,285,290,292,293,299]].
[[4,22,28,30,34,35,36,56,65,68,70,72,81,82,87,88,105,109,110,112,114,115,118,125,127,130,137,139,142,143,148,149,151,157,159,160,167,171,173,181,184,190,191,192,204,208,209,213,221,225,226,229,230,231,233,252,253,261,262,267,271,272,273,276,278,280,282,283,284,288,289,291,296],[6,8,10,11,14,15,16,17,21,25,27,31,32,41,42,43,44,51,52,58,60,64,67,69,79,83,85,89,90,97,98,100,101,106,107,108,117,122,123,126,133,134,135,140,141,152,155,161,164,166,168,172,174,177,179,183,186,187,188,200,206,214,215,217,235,242,244,245,255,256,260,263,266,269,286,287,295],[1,7,9,13,18,20,24,40,45,46,48,53,57,59,61,62,63,66,73,75,77,84,96,99,102,103,104,111,119,121,124,129,132,138,145,146,147,150,154,156,162,165,178,182,185,194,197,207,212,219,222,223,228,232,237,238,239,241,243,248,250,251,257,259,264,265,268,270,274,277,279,281,285,290,292,293,299]].
[[1,7,9,13,18,20,24,40,45,46,48,53,57,59,61,62,63,66,73,75,77,84,96,99,102,103,104,111,119,121,124,129,132,138,145,146,147,150,154,156,162,165,178,182,185,194,197,207,212,219,222,223,228,232,237,238,239,241,243,248,250,251,257,259,264,265,268,270,274,277,279,281,285,290,292,293,299],[2,3,5,12,19,23,26,29,33,37,38,39,47,49,50,54,55,71,74,76,78,80,86,91,92,93,94,95,113,116,120,128,131,136,144,153,158,163,169,170,175,176,180,189,193,195,196,198,199,201,202,203,205,210,211,216,218,220,224,227,234,236,240,246,247,249,254,258,275,294,297,298,300],[4,22,28,30,34,35,36,56,65,68,70,72,81,82,87,88,105,109,110,112,114,115,118,125,127,130,137,139,142,143,148,149,151,157,159,160,167,171,173,181,184,190,191,192,204,208,209,213,221,225,226,229,230,231,233,252,253,261,262,267,271,272,273,276,278,280,282,283,284,288,289,291,296]].
[[6,8,10,11,14,15,16,17,21,25,27,31,32,41,42,43,44,51,52,58,60,64,67,69,79,83,85,89,90,97,98,100,101,106,107,108,117,122,123,126,133,134,135,140,141,152,155,161,164,166,168,172,174,177,179,183,186,187,188,200,206,214,215,217,235,242,244,245,255,256,260,263,266,269,286,287,295],[4,22,28,30,34,35,36,56,65,68,70,72,81,82,87,88,105,109,110,112,114,115,118,125,127,130,137,139,142,143,148,149,151,157,159,160,167,171,173,181,184,190,191,192,204,208,209,213,221,225,226,229,230,231,233,252,253,261,262,267,271,272,273,276,278,280,282,283,284,288,289,291,296],[2,3,5,12,19,23,26,29,33,37,38,39,47,49,50,54,55,71,74,76,78,80,86,91,92,93,94,95,113,116,120,128,131,136,144,153,158,163,169,170,175,176,180,189,193,195,196,198,199,201,202,203,205,210,211,216,218,220,224,227,234,236,240,246,247,249,254,258,275,294,297,298,300]].
[[4,22,28,30,34,35,36,56,65,68,70,72,81,82,87,88,105,109,110,112,114,115,118,125,127,130,137,139,142,143,148,149,151,157,159,160,167,171,173,181,184,190,191,192,204,208,209,213,221,225,226,229,230,231,233,252,253,261,262,267,271,272,273,276,278,280,282,283,284,288,289,291,296],[6,8,10,11,14,15,16,17,21,25,27,31,32,41,42,43,44,51,52,58,60,64,67,69,79,83,85,89,90,97,98,100,101,106,107,108,117,122,123,126,133,134,135,140,141,152,155,161,164,166,168,172,174,177,179,183,186,187,188,200,206,214,215,217,235,242,244,245,255,256,260,263,266,269,286,287,295],[1,7,9,13,18,20,24,40,45,46,48,53,57,59,61,62,63,66,73,75,77,84,96,99,102,103,104,111,119,121,124,129,132,138,145,146,147,150,154,156,162,165,178,182,185,194,197,207,212,219,222,223,228,232,237,238,239,241,243,248,250,251,257,259,264,265,268,270,274,277,279,281,285,290,292,293,299]].
