[[1,2,6,19,22,26,28,32,34,36,39,43,47,48,67,74,75,79,83,84,87,89,90,93,94,103,
  108,119,121,128,132,140,141,145,146,153,162,170,174,183,186,192,194,196,199,
  201,204,205,206,210,214,225,229,245,246,249,253,256,257,258,259,262,264,273,
  274,275,282,284,287,292,295,297,299,300],
 [3,9,11,12,13,14,17,24,25,29,30,31,37,38,40,41,42,45,46,49,50,51,52,58,60,63,
  70,71,72,77,80,82,85,88,91,95,99,101,102,104,107,110,111,114,117,127,129,
  133,137,138,139,142,143,147,150,151,152,157,159,164,165,166,167,168,169,171,
  176,179,180,181,182,185,187,189,197,202,207,211,212,213,217,221,222,223,224,
  230,232,233,234,237,240,241,242,243,244,248,260,261,268,270,277,278,279,285,
  286,288],
 [5,7,8,16,20,35,44,56,57,59,61,62,65,66,96,98,112,113,120,124,134,144,149,
  155,156,158,172,178,184,188,215,226,227,228,231,238,247,252,265,266,267,269,
  276,290,296,298]].
[[5,7,8,16,20,35,44,56,57,59,61,62,65,66,96,98,112,113,120,124,134,144,149,
  155,156,158,172,178,184,188,215,226,227,228,231,238,247,252,265,266,267,269,
  276,290,296,298],
 [4,10,15,18,21,23,27,33,53,54,55,64,68,69,73,76,78,81,86,92,97,100,105,106,
  109,115,116,118,122,123,125,126,130,131,135,136,148,154,160,161,163,173,175,
  177,190,191,193,195,198,200,203,208,209,216,218,219,220,235,236,239,250,251,
  254,255,263,271,272,280,281,283,289,291,293,294],
 [1,2,6,19,22,26,28,32,34,36,39,43,47,48,67,74,75,79,83,84,87,89,90,93,94,103,
  108,119,121,128,132,140,141,145,146,153,162,170,174,183,186,192,194,196,199,
  201,204,205,206,210,214,225,229,245,246,249,253,256,257,258,259,262,264,273,
  274,275,282,284,287,292,295,297,299,300]].
[[4,10,15,18,21,23,27,33,53,54,55,64,68,69,73,76,78,81,86,92,97,100,105,106,
  109,115,116,118,122,123,125,126,130,131,135,136,148,154,160,161,163,173,175,
  177,190,191,193,195,198,200,203,208,209,216,218,219,220,235,236,239,250,251,
  254,255,263,271,272,280,281,283,289,291,293,294],
 [5,7,8,16,20,35,44,56,57,59,61,62,65,66,96,98,112,113,120,124,134,144,149,
  155,156,158,172,178,184,188,215,226,227,228,231,238,247,252,265,266,267,269,
  276,290,296,298],
 [3,9,11,12,13,14,17,24,25,29,30,31,37,38,40,41,42,45,46,49,50,51,52,58,60,63,
  70,71,72,77,80,82,85,88,91,95,99,101,102,104,107,110,111,114,117,127,129,
  133,137,138,139,142,143,147,150,151,152,157,159,164,165,166,167,168,169,171,
  176,179,180,181,182,185,187,189,197,202,207,211,212,213,217,221,222,223,224,
  230,232,233,234,237,240,241,242,243,244,248,260,261,268,270,277,278,279,285,
  286,288]].
[[5,7,8,16,20,35,44,56,57,59,61,62,65,66,96,98,112,113,120,124,134,144,149,
  155,156,158,172,178,184,188,215,226,227,228,231,238,247,252,265,266,267,269,
  276,290,296,298],
 [4,10,15,18,21,23,27,33,53,54,55,64,68,69,73,76,78,81,86,92,97,100,105,106,
  109,115,116,118,122,123,125,126,130,131,135,136,148,154,160,161,163,173,175,
  177,190,191,193,195,198,200,203,208,209,216,218,219,220,235,236,239,250,251,
  254,255,263,271,272,280,281,283,289,291,293,294],
 [1,2,6,19,22,26,28,32,34,36,39,43,47,48,67,74,75,79,83,84,87,89,90,93,94,103,
  108,119,121,128,132,140,141,145,146,153,162,170,174,183,186,192,194,196,199,
  201,204,205,206,210,214,225,229,245,246,249,253,256,257,258,259,262,264,273,
  274,275,282,284,287,292,295,297,299,300]].
[[1,2,6,19,22,26,28,32,34,36,39,43,47,48,67,74,75,79,83,84,87,89,90,93,94,103,
  108,119,121,128,132,140,141,145,146,153,162,170,174,183,186,192,194,196,199,
  201,204,205,206,210,214,225,229,245,246,249,253,256,257,258,259,262,264,273,
  274,275,282,284,287,292,295,297,299,300],
 [3,9,11,12,13,14,17,24,25,29,30,31,37,38,40,41,42,45,46,49,50,51,52,58,60,63,
  70,71,72,77,80,82,85,88,91,95,99,101,102,104,107,110,111,114,117,127,129,
  133,137,138,139,142,143,147,150,151,152,157,159,164,165,166,167,168,169,171,
  176,179,180,181,182,185,187,189,197,202,207,211,212,213,217,221,222,223,224,
  230,232,233,234,237,240,241,242,243,244,248,260,261,268,270,277,278,279,285,
  286,288],
 [5,7,8,16,20,35,44,56,57,59,61,62,65,66,96,98,112,113,120,124,134,144,149,
  155,156,158,172,178,184,188,215,226,227,228,231,238,247,252,265,266,267,269,
  276,290,296,298]].
[[1,2,6,19,22,26,28,32,34,36,39,43,47,48,67,74,75,79,83,84,87,89,90,93,94,103,
  108,119,121,128,132,140,141,145,146,153,162,170,174,183,186,192,194,196,199,
  201,204,205,206,210,214,225,229,245,246,249,253,256,257,258,259,262,264,273,
  274,275,282,284,287,292,295,297,299,300],
 [3,9,11,12,13,14,17,24,25,29,30,31,37,38,40,41,42,45,46,49,50,51,52,58,60,63,
  70,71,72,77,80,82,85,88,91,95,99,101,102,104,107,110,111,114,117,127,129,
  133,137,138,139,142,143,147,150,151,152,157,159,164,165,166,167,168,169,171,
  176,179,180,181,182,185,187,189,197,202,207,211,212,213,217,221,222,223,224,
  230,232,233,234,237,240,241,242,243,244,248,260,261,268,270,277,278,279,285,
  286,288],
 [5,7,8,16,20,35,44,56,57,59,61,62,65,66,96,98,112,113,120,124,134,144,149,
  155,156,158,172,178,184,188,215,226,227,228,231,238,247,252,265,266,267,269,
  276,290,296,298]].
[[5,7,8,16,20,35,44,56,57,59,61,62,65,66,96,98,112,113,120,124,134,144,149,
  155,156,158,172,178,184,188,215,226,227,228,231,238,247,252,265,266,267,269,
  276,290,296,298],
 [4,10,15,18,21,23,27,33,53,54,55,64,68,69,73,76,78,81,86,92,97,100,105,106,
  109,115,116,118,122,123,125,126,130,131,135,136,148,154,160,161,163,173,175,
  177,190,191,193,195,198,200,203,208,209,216,218,219,220,235,236,239,250,251,
  254,255,263,271,272,280,281,283,289,291,293,294],
 [1,2,6,19,22,26,28,32,34,36,39,43,47,48,67,74,75,79,83,84,87,89,90,93,94,103,
  108,119,121,128,132,140,141,145,146,153,162,170,174,183,186,192,194,196,199,
  201,204,205,206,210,214,225,229,245,246,249,253,256,257,258,259,262,264,273,
  274,275,282,284,287,292,295,297,299,300]].
[[1,2,6,19,22,26,28,32,34,36,39,43,47,48,67,74,75,79,83,84,87,89,90,93,94,103,
  108,119,121,128,132,140,141,145,146,153,162,170,174,183,186,192,194,196,199,
  201,204,205,206,210,214,225,229,245,246,249,253,256,257,258,259,262,264,273,
  274,275,282,284,287,292,295,297,299,300],
 [3,9,11,12,13,14,17,24,25,29,30,31,37,38,40,41,42,45,46,49,50,51,52,58,60,63,
  70,71,72,77,80,82,85,88,91,95,99,101,102,104,107,110,111,114,117,127,129,
  133,137,138,139,142,143,147,150,151,152,157,159,164,165,166,167,168,169,171,
  176,179,180,181,182,185,187,189,197,202,207,211,212,213,217,221,222,223,224,
  230,232,233,234,237,240,241,242,243,244,248,260,261,268,270,277,278,279,285,
  286,288],
 [5,7,8,16,20,35,44,56,57,59,61,62,65,66,96,98,112,113,120,124,134,144,149,
  155,156,158,172,178,184,188,215,226,227,228,231,238,247,252,265,266,267,269,
  276,290,296,298]].
[[3,9,11,12,13,14,17,24,25,29,30,31,37,38,40,41,42,45,46,49,50,51,52,58,60,63,
  70,71,72,77,80,82,85,88,91,95,99,101,102,104,107,110,111,114,117,127,129,
  133,137,138,139,142,143,147,150,151,152,157,159,164,165,166,167,168,169,171,
  176,179,180,181,182,185,187,189,197,202,207,211,212,213,217,221,222,223,224,
  230,232,233,234,237,240,241,242,243,244,248,260,261,268,270,277,278,279,285,
  286,288],
 [1,2,6,19,22,26,28,32,34,36,39,43,47,48,67,74,75,79,83,84,87,89,90,93,94,103,
  108,119,121,128,132,140,141,145,146,153,162,170,174,183,186,192,194,196,199,
  201,204,205,206,210,214,225,229,245,246,249,253,256,257,258,259,262,264,273,
  274,275,282,284,287,292,295,297,299,300],
 [4,10,15,18,21,23,27,33,53,54,55,64,68,69,73,76,78,81,86,92,97,100,105,106,
  109,115,116,118,122,123,125,126,130,131,135,136,148,154,160,161,163,173,175,
  177,190,191,193,195,198,200,203,208,209,216,218,219,220,235,236,239,250,251,
  254,255,263,271,272,280,281,283,289,291,293,294]].
[[3,9,11,12,13,14,17,24,25,29,30,31,37,38,40,41,42,45,46,49,50,51,52,58,60,63,
  70,71,72,77,80,82,85,88,91,95,99,101,102,104,107,110,111,114,117,127,129,
  133,137,138,139,142,143,147,150,151,152,157,159,164,165,166,167,168,169,171,
  176,179,180,181,182,185,187,189,197,202,207,211,212,213,217,221,222,223,224,
  230,232,233,234,237,240,241,242,243,244,248,260,261,268,270,277,278,279,285,
  286,288],
 [1,2,6,19,22,26,28,32,34,36,39,43,47,48,67,74,75,79,83,84,87,89,90,93,94,103,
  108,119,121,128,132,140,141,145,146,153,162,170,174,183,186,192,194,196,199,
  201,204,205,206,210,214,225,229,245,246,249,253,256,257,258,259,262,264,273,
  274,275,282,284,287,292,295,297,299,300],
 [4,10,15,18,21,23,27,33,53,54,55,64,68,69,73,76,78,81,86,92,97,100,105,106,
  109,115,116,118,122,123,125,126,130,131,135,136,148,154,160,161,163,173,175,
  177,190,191,193,195,198,200,203,208,209,216,218,219,220,235,236,239,250,251,
  254,255,263,271,272,280,281,283,289,291,293,294]].
[[3,9,11,12,13,14,17,24,25,29,30,31,37,38,40,41,42,45,46,49,50,51,52,58,60,63,
  70,71,72,77,80,82,85,88,91,95,99,101,102,104,107,110,111,114,117,127,129,
  133,137,138,139,142,143,147,150,151,152,157,159,164,165,166,167,168,169,171,
  176,179,180,181,182,185,187,189,197,202,207,211,212,213,217,221,222,223,224,
  230,232,233,234,237,240,241,242,243,244,248,260,261,268,270,277,278,279,285,
  286,288],
 [1,2,6,19,22,26,28,32,34,36,39,43,47,48,67,74,75,79,83,84,87,89,90,93,94,103,
  108,119,121,128,132,140,141,145,146,153,162,170,174,183,186,192,194,196,199,
  201,204,205,206,210,214,225,229,245,246,249,253,256,257,258,259,262,264,273,
  274,275,282,284,287,292,295,297,299,300],
 [4,10,15,18,21,23,27,33,53,54,55,64,68,69,73,76,78,81,86,92,97,100,105,106,
  109,115,116,118,122,123,125,126,130,131,135,136,148,154,160,161,163,173,175,
  177,190,191,193,195,198,200,203,208,209,216,218,219,220,235,236,239,250,251,
  254,255,263,271,272,280,281,283,289,291,293,294]].
[[4,10,15,18,21,23,27,33,53,54,55,64,68,69,73,76,78,81,86,92,97,100,105,106,
  109,115,116,118,122,123,125,126,130,131,135,136,148,154,160,161,163,173,175,
  177,190,191,193,195,198,200,203,208,209,216,218,219,220,235,236,239,250,251,
  254,255,263,271,272,280,281,283,289,291,293,294],
 [5,7,8,16,20,35,44,56,57,59,61,62,65,66,96,98,112,113,120,124,134,144,149,
  155,156,158,172,178,184,188,215,226,227,228,231,238,247,252,265,266,267,269,
  276,290,296,298],
 [3,9,11,12,13,14,17,24,25,29,30,31,37,38,40,41,42,45,46,49,50,51,52,58,60,63,
  70,71,72,77,80,82,85,88,91,95,99,101,102,104,107,110,111,114,117,127,129,
  133,137,138,139,142,143,147,150,151,152,157,159,164,165,166,167,168,169,171,
  176,179,180,181,182,185,187,189,197,202,207,211,212,213,217,221,222,223,224,
  230,232,233,234,237,240,241,242,243,244,248,260,261,268,270,277,278,279,285,
  286,288]].
[[1,2,6,19,22,26,28,32,34,36,39,43,47,48,67,74,75,79,83,84,87,89,90,93,94,103,
  108,119,121,128,132,140,141,145,146,153,162,170,174,183,186,192,194,196,199,
  201,204,205,206,210,214,225,229,245,246,249,253,256,257,258,259,262,264,273,
  274,275,282,284,287,292,295,297,299,300],
 [3,9,11,12,13,14,17,24,25,29,30,31,37,38,40,41,42,45,46,49,50,51,52,58,60,63,
  70,71,72,77,80,82,85,88,91,95,99,101,102,104,107,110,111,114,117,127,129,
  133,137,138,139,142,143,147,150,151,152,157,159,164,165,166,167,168,169,171,
  176,179,180,181,182,185,187,189,197,202,207,211,212,213,217,221,222,223,224,
  230,232,233,234,237,240,241,242,243,244,248,260,261,268,270,277,278,279,285,
  286,288],
 [5,7,8,16,20,35,44,56,57,59,61,62,65,66,96,98,112,113,120,124,134,144,149,
  155,156,158,172,178,184,188,215,226,227,228,231,238,247,252,265,266,267,269,
  276,290,296,298]].
[[3,9,11,12,13,14,17,24,25,29,30,31,37,38,40,41,42,45,46,49,50,51,52,58,60,63,
  70,71,72,77,80,82,85,88,91,95,99,101,102,104,107,110,111,114,117,127,129,
  133,137,138,139,142,143,147,150,151,152,157,159,164,165,166,167,168,169,171,
  176,179,180,181,182,185,187,189,197,202,207,211,212,213,217,221,222,223,224,
  230,232,233,234,237,240,241,242,243,244,248,260,261,268,270,277,278,279,285,
  286,288],
 [1,2,6,19,22,26,28,32,34,36,39,43,47,48,67,74,75,79,83,84,87,89,90,93,94,103,
  108,119,121,128,132,140,141,145,146,153,162,170,174,183,186,192,194,196,199,
  201,204,205,206,210,214,225,229,245,246,249,253,256,257,258,259,262,264,273,
  274,275,282,284,287,292,295,297,299,300],
 [4,10,15,18,21,23,27,33,53,54,55,64,68,69,73,76,78,81,86,92,97,100,105,106,
  109,115,116,118,122,123,125,126,130,131,135,136,148,154,160,161,163,173,175,
  177,190,191,193,195,198,200,203,208,209,216,218,219,220,235,236,239,250,251,
  254,255,263,271,272,280,281,283,289,291,293,294]].
[[3,9,11,12,13,14,17,24,25,29,30,31,37,38,40,41,42,45,46,49,50,51,52,58,60,63,
  70,71,72,77,80,82,85,88,91,95,99,101,102,104,107,110,111,114,117,127,129,
  133,137,138,139,142,143,147,150,151,152,157,159,164,165,166,167,168,169,171,
  176,179,180,181,182,185,187,189,197,202,207,211,212,213,217,221,222,223,224,
  230,232,233,234,237,240,241,242,243,244,248,260,261,268,270,277,278,279,285,
  286,288],
 [1,2,6,19,22,26,28,32,34,36,39,43,47,48,67,74,75,79,83,84,87,89,90,93,94,103,
  108,119,121,128,132,140,141,145,146,153,162,170,174,183,186,192,194,196,199,
  201,204,205,206,210,214,225,229,245,246,249,253,256,257,258,259,262,264,273,
  274,275,282,284,287,292,295,297,299,300],
 [4,10,15,18,21,23,27,33,53,54,55,64,68,69,73,76,78,81,86,92,97,100,105,106,
  109,115,116,118,122,123,125,126,130,131,135,136,148,154,160,161,163,173,175,
  177,190,191,193,195,198,200,203,208,209,216,218,219,220,235,236,239,250,251,
  254,255,263,271,272,280,281,283,289,291,293,294]].
[[3,9,11,12,13,14,17,24,25,29,30,31,37,38,40,41,42,45,46,49,50,51,52,58,60,63,
  70,71,72,77,80,82,85,88,91,95,99,101,102,104,107,110,111,114,117,127,129,
  133,137,138,139,142,143,147,150,151,152,157,159,164,165,166,167,168,169,171,
  176,179,180,181,182,185,187,189,197,202,207,211,212,213,217,221,222,223,224,
  230,232,233,234,237,240,241,242,243,244,248,260,261,268,270,277,278,279,285,
  286,288],
 [1,2,6,19,22,26,28,32,34,36,39,43,47,48,67,74,75,79,83,84,87,89,90,93,94,103,
  108,119,121,128,132,140,141,145,146,153,162,170,174,183,186,192,194,196,199,
  201,204,205,206,210,214,225,229,245,246,249,253,256,257,258,259,262,264,273,
  274,275,282,284,287,292,295,297,299,300],
 [4,10,15,18,21,23,27,33,53,54,55,64,68,69,73,76,78,81,86,92,97,100,105,106,
  109,115,116,118,122,123,125,126,130,131,135,136,148,154,160,161,163,173,175,
  177,190,191,193,195,198,200,203,208,209,216,218,219,220,235,236,239,250,251,
  254,255,263,271,272,280,281,283,289,291,293,294]].
[[4,10,15,18,21,23,27,33,53,54,55,64,68,69,73,76,78,81,86,92,97,100,105,106,
  109,115,116,118,122,123,125,126,130,131,135,136,148,154,160,161,163,173,175,
  177,190,191,193,195,198,200,203,208,209,216,218,219,220,235,236,239,250,251,
  254,255,263,271,272,280,281,283,289,291,293,294],
 [5,7,8,16,20,35,44,56,57,59,61,62,65,66,96,98,112,113,120,124,134,144,149,
  155,156,158,172,178,184,188,215,226,227,228,231,238,247,252,265,266,267,269,
  276,290,296,298],
 [3,9,11,12,13,14,17,24,25,29,30,31,37,38,40,41,42,45,46,49,50,51,52,58,60,63,
  70,71,72,77,80,82,85,88,91,95,99,101,102,104,107,110,111,114,117,127,129,
  133,137,138,139,142,143,147,150,151,152,157,159,164,165,166,167,168,169,171,
  176,179,180,181,182,185,187,189,197,202,207,211,212,213,217,221,222,223,224,
  230,232,233,234,237,240,241,242,243,244,248,260,261,268,270,277,278,279,285,
  286,288]].
[[5,7,8,16,20,35,44,56,57,59,61,62,65,66,96,98,112,113,120,124,134,144,149,
  155,156,158,172,178,184,188,215,226,227,228,231,238,247,252,265,266,267,269,
  276,290,296,298],
 [4,10,15,18,21,23,27,33,53,54,55,64,68,69,73,76,78,81,86,92,97,100,105,106,
  109,115,116,118,122,123,125,126,130,131,135,136,148,154,160,161,163,173,175,
  177,190,191,193,195,198,200,203,208,209,216,218,219,220,235,236,239,250,251,
  254,255,263,271,272,280,281,283,289,291,293,294],
 [1,2,6,19,22,26,28,32,34,36,39,43,47,48,67,74,75,79,83,84,87,89,90,93,94,103,
  108,119,121,128,132,140,141,145,146,153,162,170,174,183,186,192,194,196,199,
  201,204,205,206,210,214,225,229,245,246,249,253,256,257,258,259,262,264,273,
  274,275,282,284,287,292,295,297,299,300]].
[[3,9,11,12,13,14,17,24,25,29,30,31,37,38,40,41,42,45,46,49,50,51,52,58,60,63,
  70,71,72,77,80,82,85,88,91,95,99,101,102,104,107,110,111,114,117,127,129,
  133,137,138,139,142,143,147,150,151,152,157,159,164,165,166,167,168,169,171,
  176,179,180,181,182,185,187,189,197,202,207,211,212,213,217,221,222,223,224,
  230,232,233,234,237,240,241,242,243,244,248,260,261,268,270,277,278,279,285,
  286,288],
 [1,2,6,19,22,26,28,32,34,36,39,43,47,48,67,74,75,79,83,84,87,89,90,93,94,103,
  108,119,121,128,132,140,141,145,146,153,162,170,174,183,186,192,194,196,199,
  201,204,205,206,210,214,225,229,245,246,249,253,256,257,258,259,262,264,273,
  274,275,282,284,287,292,295,297,299,300],
 [4,10,15,18,21,23,27,33,53,54,55,64,68,69,73,76,78,81,86,92,97,100,105,106,
  109,115,116,118,122,123,125,126,130,131,135,136,148,154,160,161,163,173,175,
  177,190,191,193,195,198,200,203,208,209,216,218,219,220,235,236,239,250,251,
  254,255,263,271,272,280,281,283,289,291,293,294]].
[[3,9,11,12,13,14,17,24,25,29,30,31,37,38,40,41,42,45,46,49,50,51,52,58,60,63,
  70,71,72,77,80,82,85,88,91,95,99,101,102,104,107,110,111,114,117,127,129,
  133,137,138,139,142,143,147,150,151,152,157,159,164,165,166,167,168,169,171,
  176,179,180,181,182,185,187,189,197,202,207,211,212,213,217,221,222,223,224,
  230,232,233,234,237,240,241,242,243,244,248,260,261,268,270,277,278,279,285,
  286,288],
 [1,2,6,19,22,26,28,32,34,36,39,43,47,48,67,74,75,79,83,84,87,89,90,93,94,103,
  108,119,121,128,132,140,141,145,146,153,162,170,174,183,186,192,194,196,199,
  201,204,205,206,210,214,225,229,245,246,249,253,256,257,258,259,262,264,273,
  274,275,282,284,287,292,295,297,299,300],
 [4,10,15,18,21,23,27,33,53,54,55,64,68,69,73,76,78,81,86,92,97,100,105,106,
  109,115,116,118,122,123,125,126,130,131,135,136,148,154,160,161,163,173,175,
  177,190,191,193,195,198,200,203,208,209,216,218,219,220,235,236,239,250,251,
  254,255,263,271,272,280,281,283,289,291,293,294]].
[[4,10,15,18,21,23,27,33,53,54,55,64,68,69,73,76,78,81,86,92,97,100,105,106,
  109,115,116,118,122,123,125,126,130,131,135,136,148,154,160,161,163,173,175,
  177,190,191,193,195,198,200,203,208,209,216,218,219,220,235,236,239,250,251,
  254,255,263,271,272,280,281,283,289,291,293,294],
 [5,7,8,16,20,35,44,56,57,59,61,62,65,66,96,98,112,113,120,124,134,144,149,
  155,156,158,172,178,184,188,215,226,227,228,231,238,247,252,265,266,267,269,
  276,290,296,298],
 [3,9,11,12,13,14,17,24,25,29,30,31,37,38,40,41,42,45,46,49,50,51,52,58,60,63,
  70,71,72,77,80,82,85,88,91,95,99,101,102,104,107,110,111,114,117,127,129,
  133,137,138,139,142,143,147,150,151,152,157,159,164,165,166,167,168,169,171,
  176,179,180,181,182,185,187,189,197,202,207,211,212,213,217,221,222,223,224,
  230,232,233,234,237,240,241,242,243,244,248,260,261,268,270,277,278,279,285,
  286,288]].
[[3,9,11,12,13,14,17,24,25,29,30,31,37,38,40,41,42,45,46,49,50,51,52,58,60,63,
  70,71,72,77,80,82,85,88,91,95,99,101,102,104,107,110,111,114,117,127,129,
  133,137,138,139,142,143,147,150,151,152,157,159,164,165,166,167,168,169,171,
  176,179,180,181,182,185,187,189,197,202,207,211,212,213,217,221,222,223,224,
  230,232,233,234,237,240,241,242,243,244,248,260,261,268,270,277,278,279,285,
  286,288],
 [1,2,6,19,22,26,28,32,34,36,39,43,47,48,67,74,75,79,83,84,87,89,90,93,94,103,
  108,119,121,128,132,140,141,145,146,153,162,170,174,183,186,192,194,196,199,
  201,204,205,206,210,214,225,229,245,246,249,253,256,257,258,259,262,264,273,
  274,275,282,284,287,292,295,297,299,300],
 [4,10,15,18,21,23,27,33,53,54,55,64,68,69,73,76,78,81,86,92,97,100,105,106,
  109,115,116,118,122,123,125,126,130,131,135,136,148,154,160,161,163,173,175,
  177,190,191,193,195,198,200,203,208,209,216,218,219,220,235,236,239,250,251,
  254,255,263,271,272,280,281,283,289,291,293,294]].
[[1,2,6,19,22,26,28,32,34,36,39,43,47,48,67,74,75,79,83,84,87,89,90,93,94,103,
  108,119,121,128,132,140,141,145,146,153,162,170,174,183,186,192,194,196,199,
  201,204,205,206,210,214,225,229,245,246,249,253,256,257,258,259,262,264,273,
  274,275,282,284,287,292,295,297,299,300],
 [3,9,11,12,13,14,17,24,25,29,30,31,37,38,40,41,42,45,46,49,50,51,52,58,60,63,
  70,71,72,77,80,82,85,88,91,95,99,101,102,104,107,110,111,114,117,127,129,
  133,137,138,139,142,143,147,150,151,152,157,159,164,165,166,167,168,169,171,
  176,179,180,181,182,185,187,189,197,202,207,211,212,213,217,221,222,223,224,
  230,232,233,234,237,240,241,242,243,244,248,260,261,268,270,277,278,279,285,
  286,288],
 [5,7,8,16,20,35,44,56,57,59,61,62,65,66,96,98,112,113,120,124,134,144,149,
  155,156,158,172,178,184,188,215,226,227,228,231,238,247,252,265,266,267,269,
  276,290,296,298]].
[[3,9,11,12,13,14,17,24,25,29,30,31,37,38,40,41,42,45,46,49,50,51,52,58,60,63,
  70,71,72,77,80,82,85,88,91,95,99,101,102,104,107,110,111,114,117,127,129,
  133,137,138,139,142,143,147,150,151,152,157,159,164,165,166,167,168,169,171,
  176,179,180,181,182,185,187,189,197,202,207,211,212,213,217,221,222,223,224,
  230,232,233,234,237,240,241,242,243,244,248,260,261,268,270,277,278,279,285,
  286,288],
 [1,2,6,19,22,26,28,32,34,36,39,43,47,48,67,74,75,79,83,84,87,89,90,93,94,103,
  108,119,121,128,132,140,141,145,146,153,162,170,174,183,186,192,194,196,199,
  201,204,205,206,210,214,225,229,245,246,249,253,256,257,258,259,262,264,273,
  274,275,282,284,287,292,295,297,299,300],
 [4,10,15,18,21,23,27,33,53,54,55,64,68,69,73,76,78,81,86,92,97,100,105,106,
  109,115,116,118,122,123,125,126,130,131,135,136,148,154,160,161,163,173,175,
  177,190,191,193,195,198,200,203,208,209,216,218,219,220,235,236,239,250,251,
  254,255,263,271,272,280,281,283,289,291,293,294]].
[[3,9,11,12,13,14,17,24,25,29,30,31,37,38,40,41,42,45,46,49,50,51,52,58,60,63,
  70,71,72,77,80,82,85,88,91,95,99,101,102,104,107,110,111,114,117,127,129,
  133,137,138,139,142,143,147,150,151,152,157,159,164,165,166,167,168,169,171,
  176,179,180,181,182,185,187,189,197,202,207,211,212,213,217,221,222,223,224,
  230,232,233,234,237,240,241,242,243,244,248,260,261,268,270,277,278,279,285,
  286,288],
 [1,2,6,19,22,26,28,32,34,36,39,43,47,48,67,74,75,79,83,84,87,89,90,93,94,103,
  108,119,121,128,132,140,141,145,146,153,162,170,174,183,186,192,194,196,199,
  201,204,205,206,210,214,225,229,245,246,249,253,256,257,258,259,262,264,273,
  274,275,282,284,287,292,295,297,299,300],
 [4,10,15,18,21,23,27,33,53,54,55,64,68,69,73,76,78,81,86,92,97,100,105,106,
  109,115,116,118,122,123,125,126,130,131,135,136,148,154,160,161,163,173,175,
  177,190,191,193,195,198,200,203,208,209,216,218,219,220,235,236,239,250,251,
  254,255,263,271,272,280,281,283,289,291,293,294]].
[[4,10,15,18,21,23,27,33,53,54,55,64,68,69,73,76,78,81,86,92,97,100,105,106,
  109,115,116,118,122,123,125,126,130,131,135,136,148,154,160,161,163,173,175,
  177,190,191,193,195,198,200,203,208,209,216,218,219,220,235,236,239,250,251,
  254,255,263,271,272,280,281,283,289,291,293,294],
 [5,7,8,16,20,35,44,56,57,59,61,62,65,66,96,98,112,113,120,124,134,144,149,
  155,156,158,172,178,184,188,215,226,227,228,231,238,247,252,265,266,267,269,
  276,290,296,298],
 [3,9,11,12,13,14,17,24,25,29,30,31,37,38,40,41,42,45,46,49,50,51,52,58,60,63,
  70,71,72,77,80,82,85,88,91,95,99,101,102,104,107,110,111,114,117,127,129,
  133,137,138,139,142,143,147,150,151,152,157,159,164,165,166,167,168,169,171,
  176,179,180,181,182,185,187,189,197,202,207,211,212,213,217,221,222,223,224,
  230,232,233,234,237,240,241,242,243,244,248,260,261,268,270,277,278,279,285,
  286,288]].
[[3,9,11,12,13,14,17,24,25,29,30,31,37,38,40,41,42,45,46,49,50,51,52,58,60,63,
  70,71,72,77,80,82,85,88,91,95,99,101,102,104,107,110,111,114,117,127,129,
  133,137,138,139,142,143,147,150,151,152,157,159,164,165,166,167,168,169,171,
  176,179,180,181,182,185,187,189,197,202,207,211,212,213,217,221,222,223,224,
  230,232,233,234,237,240,241,242,243,244,248,260,261,268,270,277,278,279,285,
  286,288],
 [1,2,6,19,22,26,28,32,34,36,39,43,47,48,67,74,75,79,83,84,87,89,90,93,94,103,
  108,119,121,128,132,140,141,145,146,153,162,170,174,183,186,192,194,196,199,
  201,204,205,206,210,214,225,229,245,246,249,253,256,257,258,259,262,264,273,
  274,275,282,284,287,292,295,297,299,300],
 [4,10,15,18,21,23,27,33,53,54,55,64,68,69,73,76,78,81,86,92,97,100,105,106,
  109,115,116,118,122,123,125,126,130,131,135,136,148,154,160,161,163,173,175,
  177,190,191,193,195,198,200,203,208,209,216,218,219,220,235,236,239,250,251,
  254,255,263,271,272,280,281,283,289,291,293,294]].
[[3,9,11,12,13,14,17,24,25,29,30,31,37,38,40,41,42,45,46,49,50,51,52,58,60,63,
  70,71,72,77,80,82,85,88,91,95,99,101,102,104,107,110,111,114,117,127,129,
  133,137,138,139,142,143,147,150,151,152,157,159,164,165,166,167,168,169,171,
  176,179,180,181,182,185,187,189,197,202,207,211,212,213,217,221,222,223,224,
  230,232,233,234,237,240,241,242,243,244,248,260,261,268,270,277,278,279,285,
  286,288],
 [1,2,6,19,22,26,28,32,34,36,39,43,47,48,67,74,75,79,83,84,87,89,90,93,94,103,
  108,119,121,128,132,140,141,145,146,153,162,170,174,183,186,192,194,196,199,
  201,204,205,206,210,214,225,229,245,246,249,253,256,257,258,259,262,264,273,
  274,275,282,284,287,292,295,297,299,300],
 [4,10,15,18,21,23,27,33,53,54,55,64,68,69,73,76,78,81,86,92,97,100,105,106,
  109,115,116,118,122,123,125,126,130,131,135,136,148,154,160,161,163,173,175,
  177,190,191,193,195,198,200,203,208,209,216,218,219,220,235,236,239,250,251,
  254,255,263,271,272,280,281,283,289,291,293,294]].
[[3,9,11,12,13,14,17,24,25,29,30,31,37,38,40,41,42,45,46,49,50,51,52,58,60,63,
  70,71,72,77,80,82,85,88,91,95,99,101,102,104,107,110,111,114,117,127,129,
  133,137,138,139,142,143,147,150,151,152,157,159,164,165,166,167,168,169,171,
  176,179,180,181,182,185,187,189,197,202,207,211,212,213,217,221,222,223,224,
  230,232,233,234,237,240,241,242,243,244,248,260,261,268,270,277,278,279,285,
  286,288],
 [1,2,6,19,22,26,28,32,34,36,39,43,47,48,67,74,75,79,83,84,87,89,90,93,94,103,
  108,119,121,128,132,140,141,145,146,153,162,170,174,183,186,192,194,196,199,
  201,204,205,206,210,214,225,229,245,246,249,253,256,257,258,259,262,264,273,
  274,275,282,284,287,292,295,297,299,300],
 [4,10,15,18,21,23,27,33,53,54,55,64,68,69,73,76,78,81,86,92,97,100,105,106,
  109,115,116,118,122,123,125,126,130,131,135,136,148,154,160,161,163,173,175,
  177,190,191,193,195,198,200,203,208,209,216,218,219,220,235,236,239,250,251,
  254,255,263,271,272,280,281,283,289,291,293,294]].
[[4,10,15,18,21,23,27,33,53,54,55,64,68,69,73,76,78,81,86,92,97,100,105,106,
  109,115,116,118,122,123,125,126,130,131,135,136,148,154,160,161,163,173,175,
  177,190,191,193,195,198,200,203,208,209,216,218,219,220,235,236,239,250,251,
  254,255,263,271,272,280,281,283,289,291,293,294],
 [5,7,8,16,20,35,44,56,57,59,61,62,65,66,96,98,112,113,120,124,134,144,149,
  155,156,158,172,178,184,188,215,226,227,228,231,238,247,252,265,266,267,269,
  276,290,296,298],
 [3,9,11,12,13,14,17,24,25,29,30,31,37,38,40,41,42,45,46,49,50,51,52,58,60,63,
  70,71,72,77,80,82,85,88,91,95,99,101,102,104,107,110,111,114,117,127,129,
  133,137,138,139,142,143,147,150,151,152,157,159,164,165,166,167,168,169,171,
  176,179,180,181,182,185,187,189,197,202,207,211,212,213,217,221,222,223,224,
  230,232,233,234,237,240,241,242,243,244,248,260,261,268,270,277,278,279,285,
  286,288]].
[[3,9,11,12,13,14,17,24,25,29,30,31,37,38,40,41,42,45,46,49,50,51,52,58,60,63,
  70,71,72,77,80,82,85,88,91,95,99,101,102,104,107,110,111,114,117,127,129,
  133,137,138,139,142,143,147,150,151,152,157,159,164,165,166,167,168,169,171,
  176,179,180,181,182,185,187,189,197,202,207,211,212,213,217,221,222,223,224,
  230,232,233,234,237,240,241,242,243,244,248,260,261,268,270,277,278,279,285,
  286,288],
 [1,2,6,19,22,26,28,32,34,36,39,43,47,48,67,74,75,79,83,84,87,89,90,93,94,103,
  108,119,121,128,132,140,141,145,146,153,162,170,174,183,186,192,194,196,199,
  201,204,205,206,210,214,225,229,245,246,249,253,256,257,258,259,262,264,273,
  274,275,282,284,287,292,295,297,299,300],
 [4,10,15,18,21,23,27,33,53,54,55,64,68,69,73,76,78,81,86,92,97,100,105,106,
  109,115,116,118,122,123,125,126,130,131,135,136,148,154,160,161,163,173,175,
  177,190,191,193,195,198,200,203,208,209,216,218,219,220,235,236,239,250,251,
  254,255,263,271,272,280,281,283,289,291,293,294]].
[[1,2,6,19,22,26,28,32,34,36,39,43,47,48,67,74,75,79,83,84,87,89,90,93,94,103,
  108,119,121,128,132,140,141,145,146,153,162,170,174,183,186,192,194,196,199,
  201,204,205,206,210,214,225,229,245,246,249,253,256,257,258,259,262,264,273,
  274,275,282,284,287,292,295,297,299,300],
 [3,9,11,12,13,14,17,24,25,29,30,31,37,38,40,41,42,45,46,49,50,51,52,58,60,63,
  70,71,72,77,80,82,85,88,91,95,99,101,102,104,107,110,111,114,117,127,129,
  133,137,138,139,142,143,147,150,151,152,157,159,164,165,166,167,168,169,171,
  176,179,180,181,182,185,187,189,197,202,207,211,212,213,217,221,222,223,224,
  230,232,233,234,237,240,241,242,243,244,248,260,261,268,270,277,278,279,285,
  286,288],
 [5,7,8,16,20,35,44,56,57,59,61,62,65,66,96,98,112,113,120,124,134,144,149,
  155,156,158,172,178,184,188,215,226,227,228,231,238,247,252,265,266,267,269,
  276,290,296,298]].
[[4,10,15,18,21,23,27,33,53,54,55,64,68,69,73,76,78,81,86,92,97,100,105,106,
  109,115,116,118,122,123,125,126,130,131,135,136,148,154,160,161,163,173,175,
  177,190,191,193,195,198,200,203,208,209,216,218,219,220,235,236,239,250,251,
  254,255,263,271,272,280,281,283,289,291,293,294],
 [5,7,8,16,20,35,44,56,57,59,61,62,65,66,96,98,112,113,120,124,134,144,149,
  155,156,158,172,178,184,188,215,226,227,228,231,238,247,252,265,266,267,269,
  276,290,296,298],
 [3,9,11,12,13,14,17,24,25,29,30,31,37,38,40,41,42,45,46,49,50,51,52,58,60,63,
  70,71,72,77,80,82,85,88,91,95,99,101,102,104,107,110,111,114,117,127,129,
  133,137,138,139,142,143,147,150,151,152,157,159,164,165,166,167,168,169,171,
  176,179,180,181,182,185,187,189,197,202,207,211,212,213,217,221,222,223,224,
  230,232,233,234,237,240,241,242,243,244,248,260,261,268,270,277,278,279,285,
  286,288]].
[[3,9,11,12,13,14,17,24,25,29,30,31,37,38,40,41,42,45,46,49,50,51,52,58,60,63,
  70,71,72,77,80,82,85,88,91,95,99,101,102,104,107,110,111,114,117,127,129,
  133,137,138,139,142,143,147,150,151,152,157,159,164,165,166,167,168,169,171,
  176,179,180,181,182,185,187,189,197,202,207,211,212,213,217,221,222,223,224,
  230,232,233,234,237,240,241,242,243,244,248,260,261,268,270,277,278,279,285,
  286,288],
 [1,2,6,19,22,26,28,32,34,36,39,43,47,48,67,74,75,79,83,84,87,89,90,93,94,103,
  108,119,121,128,132,140,141,145,146,153,162,170,174,183,186,192,194,196,199,
  201,204,205,206,210,214,225,229,245,246,249,253,256,257,258,259,262,264,273,
  274,275,282,284,287,292,295,297,299,300],
 [4,10,15,18,21,23,27,33,53,54,55,64,68,69,73,76,78,81,86,92,97,100,105,106,
  109,115,116,118,122,123,125,126,130,131,135,136,148,154,160,161,163,173,175,
  177,190,191,193,195,198,200,203,208,209,216,218,219,220,235,236,239,250,251,
  254,255,263,271,272,280,281,283,289,291,293,294]].
[[1,2,6,19,22,26,28,32,34,36,39,43,47,48,67,74,75,79,83,84,87,89,90,93,94,103,
  108,119,121,128,132,140,141,145,146,153,162,170,174,183,186,192,194,196,199,
  201,204,205,206,210,214,225,229,245,246,249,253,256,257,258,259,262,264,273,
  274,275,282,284,287,292,295,297,299,300],
 [3,9,11,12,13,14,17,24,25,29,30,31,37,38,40,41,42,45,46,49,50,51,52,58,60,63,
  70,71,72,77,80,82,85,88,91,95,99,101,102,104,107,110,111,114,117,127,129,
  133,137,138,139,142,143,147,150,151,152,157,159,164,165,166,167,168,169,171,
  176,179,180,181,182,185,187,189,197,202,207,211,212,213,217,221,222,223,224,
  230,232,233,234,237,240,241,242,243,244,248,260,261,268,270,277,278,279,285,
  286,288],
 [5,7,8,16,20,35,44,56,57,59,61,62,65,66,96,98,112,113,120,124,134,144,149,
  155,156,158,172,178,184,188,215,226,227,228,231,238,247,252,265,266,267,269,
  276,290,296,298]].
[[4,10,15,18,21,23,27,33,53,54,55,64,68,69,73,76,78,81,86,92,97,100,105,106,
  109,115,116,118,122,123,125,126,130,131,135,136,148,154,160,161,163,173,175,
  177,190,191,193,195,198,200,203,208,209,216,218,219,220,235,236,239,250,251,
  254,255,263,271,272,280,281,283,289,291,293,294],
 [5,7,8,16,20,35,44,56,57,59,61,62,65,66,96,98,112,113,120,124,134,144,149,
  155,156,158,172,178,184,188,215,226,227,228,231,238,247,252,265,266,267,269,
  276,290,296,298],
 [3,9,11,12,13,14,17,24,25,29,30,31,37,38,40,41,42,45,46,49,50,51,52,58,60,63,
  70,71,72,77,80,82,85,88,91,95,99,101,102,104,107,110,111,114,117,127,129,
  133,137,138,139,142,143,147,150,151,152,157,159,164,165,166,167,168,169,171,
  176,179,180,181,182,185,187,189,197,202,207,211,212,213,217,221,222,223,224,
  230,232,233,234,237,240,241,242,243,244,248,260,261,268,270,277,278,279,285,
  286,288]].
[[5,7,8,16,20,35,44,56,57,59,61,62,65,66,96,98,112,113,120,124,134,144,149,
  155,156,158,172,178,184,188,215,226,227,228,231,238,247,252,265,266,267,269,
  276,290,296,298],
 [4,10,15,18,21,23,27,33,53,54,55,64,68,69,73,76,78,81,86,92,97,100,105,106,
  109,115,116,118,122,123,125,126,130,131,135,136,148,154,160,161,163,173,175,
  177,190,191,193,195,198,200,203,208,209,216,218,219,220,235,236,239,250,251,
  254,255,263,271,272,280,281,283,289,291,293,294],
 [1,2,6,19,22,26,28,32,34,36,39,43,47,48,67,74,75,79,83,84,87,89,90,93,94,103,
  108,119,121,128,132,140,141,145,146,153,162,170,174,183,186,192,194,196,199,
  201,204,205,206,210,214,225,229,245,246,249,253,256,257,258,259,262,264,273,
  274,275,282,284,287,292,295,297,299,300]].
[[3,9,11,12,13,14,17,24,25,29,30,31,37,38,40,41,42,45,46,49,50,51,52,58,60,63,
  70,71,72,77,80,82,85,88,91,95,99,101,102,104,107,110,111,114,117,127,129,
  133,137,138,139,142,143,147,150,151,152,157,159,164,165,166,167,168,169,171,
  176,179,180,181,182,185,187,189,197,202,207,211,212,213,217,221,222,223,224,
  230,232,233,234,237,240,241,242,243,244,248,260,261,268,270,277,278,279,285,
  286,288],
 [1,2,6,19,22,26,28,32,34,36,39,43,47,48,67,74,75,79,83,84,87,89,90,93,94,103,
  108,119,121,128,132,140,141,145,146,153,162,170,174,183,186,192,194,196,199,
  201,204,205,206,210,214,225,229,245,246,249,253,256,257,258,259,262,264,273,
  274,275,282,284,287,292,295,297,299,300],
 [4,10,15,18,21,23,27,33,53,54,55,64,68,69,73,76,78,81,86,92,97,100,105,106,
  109,115,116,118,122,123,125,126,130,131,135,136,148,154,160,161,163,173,175,
  177,190,191,193,195,198,200,203,208,209,216,218,219,220,235,236,239,250,251,
  254,255,263,271,272,280,281,283,289,291,293,294]].
[[1,2,6,19,22,26,28,32,34,36,39,43,47,48,67,74,75,79,83,84,87,89,90,93,94,103,
  108,119,121,128,132,140,141,145,146,153,162,170,174,183,186,192,194,196,199,
  201,204,205,206,210,214,225,229,245,246,249,253,256,257,258,259,262,264,273,
  274,275,282,284,287,292,295,297,299,300],
 [3,9,11,12,13,14,17,24,25,29,30,31,37,38,40,41,42,45,46,49,50,51,52,58,60,63,
  70,71,72,77,80,82,85,88,91,95,99,101,102,104,107,110,111,114,117,127,129,
  133,137,138,139,142,143,147,150,151,152,157,159,164,165,166,167,168,169,171,
  176,179,180,181,182,185,187,189,197,202,207,211,212,213,217,221,222,223,224,
  230,232,233,234,237,240,241,242,243,244,248,260,261,268,270,277,278,279,285,
  286,288],
 [5,7,8,16,20,35,44,56,57,59,61,62,65,66,96,98,112,113,120,124,134,144,149,
  155,156,158,172,178,184,188,215,226,227,228,231,238,247,252,265,266,267,269,
  276,290,296,298]].
[[4,10,15,18,21,23,27,33,53,54,55,64,68,69,73,76,78,81,86,92,97,100,105,106,
  109,115,116,118,122,123,125,126,130,131,135,136,148,154,160,161,163,173,175,
  177,190,191,193,195,198,200,203,208,209,216,218,219,220,235,236,239,250,251,
  254,255,263,271,272,280,281,283,289,291,293,294],
 [5,7,8,16,20,35,44,56,57,59,61,62,65,66,96,98,112,113,120,124,134,144,149,
  155,156,158,172,178,184,188,215,226,227,228,231,238,247,252,265,266,267,269,
  276,290,296,298],
 [3,9,11,12,13,14,17,24,25,29,30,31,37,38,40,41,42,45,46,49,50,51,52,58,60,63,
  70,71,72,77,80,82,85,88,91,95,99,101,102,104,107,110,111,114,117,127,129,
  133,137,138,139,142,143,147,150,151,152,157,159,164,165,166,167,168,169,171,
  176,179,180,181,182,185,187,189,197,202,207,211,212,213,217,221,222,223,224,
  230,232,233,234,237,240,241,242,243,244,248,260,261,268,270,277,278,279,285,
  286,288]].
[[1,2,6,19,22,26,28,32,34,36,39,43,47,48,67,74,75,79,83,84,87,89,90,93,94,103,
  108,119,121,128,132,140,141,145,146,153,162,170,174,183,186,192,194,196,199,
  201,204,205,206,210,214,225,229,245,246,249,253,256,257,258,259,262,264,273,
  274,275,282,284,287,292,295,297,299,300],
 [3,9,11,12,13,14,17,24,25,29,30,31,37,38,40,41,42,45,46,49,50,51,52,58,60,63,
  70,71,72,77,80,82,85,88,91,95,99,101,102,104,107,110,111,114,117,127,129,
  133,137,138,139,142,143,147,150,151,152,157,159,164,165,166,167,168,169,171,
  176,179,180,181,182,185,187,189,197,202,207,211,212,213,217,221,222,223,224,
  230,232,233,234,237,240,241,242,243,244,248,260,261,268,270,277,278,279,285,
  286,288],
 [5,7,8,16,20,35,44,56,57,59,61,62,65,66,96,98,112,113,120,124,134,144,149,
  155,156,158,172,178,184,188,215,226,227,228,231,238,247,252,265,266,267,269,
  276,290,296,298]].
[[3,9,11,12,13,14,17,24,25,29,30,31,37,38,40,41,42,45,46,49,50,51,52,58,60,63,
  70,71,72,77,80,82,85,88,91,95,99,101,102,104,107,110,111,114,117,127,129,
  133,137,138,139,142,143,147,150,151,152,157,159,164,165,166,167,168,169,171,
  176,179,180,181,182,185,187,189,197,202,207,211,212,213,217,221,222,223,224,
  230,232,233,234,237,240,241,242,243,244,248,260,261,268,270,277,278,279,285,
  286,288],
 [1,2,6,19,22,26,28,32,34,36,39,43,47,48,67,74,75,79,83,84,87,89,90,93,94,103,
  108,119,121,128,132,140,141,145,146,153,162,170,174,183,186,192,194,196,199,
  201,204,205,206,210,214,225,229,245,246,249,253,256,257,258,259,262,264,273,
  274,275,282,284,287,292,295,297,299,300],
 [4,10,15,18,21,23,27,33,53,54,55,64,68,69,73,76,78,81,86,92,97,100,105,106,
  109,115,116,118,122,123,125,126,130,131,135,136,148,154,160,161,163,173,175,
  177,190,191,193,195,198,200,203,208,209,216,218,219,220,235,236,239,250,251,
  254,255,263,271,272,280,281,283,289,291,293,294]].
[[4,10,15,18,21,23,27,33,53,54,55,64,68,69,73,76,78,81,86,92,97,100,105,106,
  109,115,116,118,122,123,125,126,130,131,135,136,148,154,160,161,163,173,175,
  177,190,191,193,195,198,200,203,208,209,216,218,219,220,235,236,239,250,251,
  254,255,263,271,272,280,281,283,289,291,293,294],
 [5,7,8,16,20,35,44,56,57,59,61,62,65,66,96,98,112,113,120,124,134,144,149,
  155,156,158,172,178,184,188,215,226,227,228,231,238,247,252,265,266,267,269,
  276,290,296,298],
 [3,9,11,12,13,14,17,24,25,29,30,31,37,38,40,41,42,45,46,49,50,51,52,58,60,63,
  70,71,72,77,80,82,85,88,91,95,99,101,102,104,107,110,111,114,117,127,129,
  133,137,138,139,142,143,147,150,151,152,157,159,164,165,166,167,168,169,171,
  176,179,180,181,182,185,187,189,197,202,207,211,212,213,217,221,222,223,224,
  230,232,233,234,237,240,241,242,243,244,248,260,261,268,270,277,278,279,285,
  286,288]].
[[4,10,15,18,21,23,27,33,53,54,55,64,68,69,73,76,78,81,86,92,97,100,105,106,
  109,115,116,118,122,123,125,126,130,131,135,136,148,154,160,161,163,173,175,
  177,190,191,193,195,198,200,203,208,209,216,218,219,220,235,236,239,250,251,
  254,255,263,271,272,280,281,283,289,291,293,294],
 [5,7,8,16,20,35,44,56,57,59,61,62,65,66,96,98,112,113,120,124,134,144,149,
  155,156,158,172,178,184,188,215,226,227,228,231,238,247,252,265,266,267,269,
  276,290,296,298],
 [3,9,11,12,13,14,17,24,25,29,30,31,37,38,40,41,42,45,46,49,50,51,52,58,60,63,
  70,71,72,77,80,82,85,88,91,95,99,101,102,104,107,110,111,114,117,127,129,
  133,137,138,139,142,143,147,150,151,152,157,159,164,165,166,167,168,169,171,
  176,179,180,181,182,185,187,189,197,202,207,211,212,213,217,221,222,223,224,
  230,232,233,234,237,240,241,242,243,244,248,260,261,268,270,277,278,279,285,
  286,288]].
[[5,7,8,16,20,35,44,56,57,59,61,62,65,66,96,98,112,113,120,124,134,144,149,
  155,156,158,172,178,184,188,215,226,227,228,231,238,247,252,265,266,267,269,
  276,290,296,298],
 [4,10,15,18,21,23,27,33,53,54,55,64,68,69,73,76,78,81,86,92,97,100,105,106,
  109,115,116,118,122,123,125,126,130,131,135,136,148,154,160,161,163,173,175,
  177,190,191,193,195,198,200,203,208,209,216,218,219,220,235,236,239,250,251,
  254,255,263,271,272,280,281,283,289,291,293,294],
 [1,2,6,19,22,26,28,32,34,36,39,43,47,48,67,74,75,79,83,84,87,89,90,93,94,103,
