[[3,4,7,8,14,22,23,27,30,32,33,36,38,46,49,60,66,75,81,89,95,97,104,118,120,
  122,123,129,132,134,138,139,143,145,149,150,152,154,160,165,169,171,174,175,
  181,182,184,187,188,191,192,193,196,198,209,217,220,222,225,226,227,229,235,
  237,241,248,254,264,268,270,272,274,275,278,280,281,282,298],
 [11,12,17,18,31,45,50,54,56,61,62,63,64,65,71,73,78,80,82,84,85,108,109,110,
  113,115,117,124,126,127,128,131,133,140,155,156,157,158,161,162,164,166,167,
  168,186,200,202,205,214,218,224,228,231,236,242,244,247,255,256,262,265,271,
  283,284,287,291,292,294,296,297,299,300],
 [9,13,15,20,21,24,25,28,34,35,37,40,41,48,52,58,67,69,70,74,76,77,86,88,91,
  92,98,99,100,102,105,107,111,112,114,119,125,136,137,146,148,153,163,172,
  173,177,178,185,189,194,197,199,204,206,207,210,233,234,238,239,240,245,246,
  250,257,258,259,267,269,273,279,288]].
[[3,4,7,8,14,22,23,27,30,32,33,36,38,46,49,60,66,75,81,89,95,97,104,118,120,
  122,123,129,132,134,138,139,143,145,149,150,152,154,160,165,169,171,174,175,
  181,182,184,187,188,191,192,193,196,198,209,217,220,222,225,226,227,229,235,
  237,241,248,254,264,268,270,272,274,275,278,280,281,282,298],
 [11,12,17,18,31,45,50,54,56,61,62,63,64,65,71,73,78,80,82,84,85,108,109,110,
  113,115,117,124,126,127,128,131,133,140,155,156,157,158,161,162,164,166,167,
  168,186,200,202,205,214,218,224,228,231,236,242,244,247,255,256,262,265,271,
  283,284,287,291,292,294,296,297,299,300],
 [9,13,15,20,21,24,25,28,34,35,37,40,41,48,52,58,67,69,70,74,76,77,86,88,91,
  92,98,99,100,102,105,107,111,112,114,119,125,136,137,146,148,153,163,172,
  173,177,178,185,189,194,197,199,204,206,207,210,233,234,238,239,240,245,246,
  250,257,258,259,267,269,273,279,288]].
[[9,13,15,20,21,24,25,28,34,35,37,40,41,48,52,58,67,69,70,74,76,77,86,88,91,
  92,98,99,100,102,105,107,111,112,114,119,125,136,137,146,148,153,163,172,
  173,177,178,185,189,194,197,199,204,206,207,210,233,234,238,239,240,245,246,
  250,257,258,259,267,269,273,279,288],
 [1,2,5,6,10,16,19,26,29,39,42,43,44,47,51,53,55,57,59,68,72,79,83,87,90,93,
  94,96,101,103,106,116,121,130,135,141,142,144,147,151,159,170,176,179,180,
  183,190,195,201,203,208,211,212,213,215,216,219,221,223,230,232,243,249,251,
  252,253,260,261,263,266,276,277,285,286,289,290,293,295],
 [3,4,7,8,14,22,23,27,30,32,33,36,38,46,49,60,66,75,81,89,95,97,104,118,120,
  122,123,129,132,134,138,139,143,145,149,150,152,154,160,165,169,171,174,175,
  181,182,184,187,188,191,192,193,196,198,209,217,220,222,225,226,227,229,235,
  237,241,248,254,264,268,270,272,274,275,278,280,281,282,298]].
[[3,4,7,8,14,22,23,27,30,32,33,36,38,46,49,60,66,75,81,89,95,97,104,118,120,
  122,123,129,132,134,138,139,143,145,149,150,152,154,160,165,169,171,174,175,
  181,182,184,187,188,191,192,193,196,198,209,217,220,222,225,226,227,229,235,
  237,241,248,254,264,268,270,272,274,275,278,280,281,282,298],
 [11,12,17,18,31,45,50,54,56,61,62,63,64,65,71,73,78,80,82,84,85,108,109,110,
  113,115,117,124,126,127,128,131,133,140,155,156,157,158,161,162,164,166,167,
  168,186,200,202,205,214,218,224,228,231,236,242,244,247,255,256,262,265,271,
  283,284,287,291,292,294,296,297,299,300],
 [9,13,15,20,21,24,25,28,34,35,37,40,41,48,52,58,67,69,70,74,76,77,86,88,91,
  92,98,99,100,102,105,107,111,112,114,119,125,136,137,146,148,153,163,172,
  173,177,178,185,189,194,197,199,204,206,207,210,233,234,238,239,240,245,246,
  250,257,258,259,267,269,273,279,288]].
[[3,4,7,8,14,22,23,27,30,32,33,36,38,46,49,60,66,75,81,89,95,97,104,118,120,
  122,123,129,132,134,138,139,143,145,149,150,152,154,160,165,169,171,174,175,
  181,182,184,187,188,191,192,193,196,198,209,217,220,222,225,226,227,229,235,
  237,241,248,254,264,268,270,272,274,275,278,280,281,282,298],
 [11,12,17,18,31,45,50,54,56,61,62,63,64,65,71,73,78,80,82,84,85,108,109,110,
  113,115,117,124,126,127,128,131,133,140,155,156,157,158,161,162,164,166,167,
  168,186,200,202,205,214,218,224,228,231,236,242,244,247,255,256,262,265,271,
  283,284,287,291,292,294,296,297,299,300],
 [9,13,15,20,21,24,25,28,34,35,37,40,41,48,52,58,67,69,70,74,76,77,86,88,91,
  92,98,99,100,102,105,107,111,112,114,119,125,136,137,146,148,153,163,172,
  173,177,178,185,189,194,197,199,204,206,207,210,233,234,238,239,240,245,246,
  250,257,258,259,267,269,273,279,288]].
[[1,2,5,6,10,16,19,26,29,39,42,43,44,47,51,53,55,57,59,68,72,79,83,87,90,93,
  94,96,101,103,106,116,121,130,135,141,142,144,147,151,159,170,176,179,180,
  183,190,195,201,203,208,211,212,213,215,216,219,221,223,230,232,243,249,251,
  252,253,260,261,263,266,276,277,285,286,289,290,293,295],
 [9,13,15,20,21,24,25,28,34,35,37,40,41,48,52,58,67,69,70,74,76,77,86,88,91,
  92,98,99,100,102,105,107,111,112,114,119,125,136,137,146,148,153,163,172,
  173,177,178,185,189,194,197,199,204,206,207,210,233,234,238,239,240,245,246,
  250,257,258,259,267,269,273,279,288],
 [11,12,17,18,31,45,50,54,56,61,62,63,64,65,71,73,78,80,82,84,85,108,109,110,
  113,115,117,124,126,127,128,131,133,140,155,156,157,158,161,162,164,166,167,
  168,186,200,202,205,214,218,224,228,231,236,242,244,247,255,256,262,265,271,
  283,284,287,291,292,294,296,297,299,300]].
[[3,4,7,8,14,22,23,27,30,32,33,36,38,46,49,60,66,75,81,89,95,97,104,118,120,
  122,123,129,132,134,138,139,143,145,149,150,152,154,160,165,169,171,174,175,
  181,182,184,187,188,191,192,193,196,198,209,217,220,222,225,226,227,229,235,
  237,241,248,254,264,268,270,272,274,275,278,280,281,282,298],
 [11,12,17,18,31,45,50,54,56,61,62,63,64,65,71,73,78,80,82,84,85,108,109,110,
  113,115,117,124,126,127,128,131,133,140,155,156,157,158,161,162,164,166,167,
  168,186,200,202,205,214,218,224,228,231,236,242,244,247,255,256,262,265,271,
  283,284,287,291,292,294,296,297,299,300],
 [9,13,15,20,21,24,25,28,34,35,37,40,41,48,52,58,67,69,70,74,76,77,86,88,91,
  92,98,99,100,102,105,107,111,112,114,119,125,136,137,146,148,153,163,172,
  173,177,178,185,189,194,197,199,204,206,207,210,233,234,238,239,240,245,246,
  250,257,258,259,267,269,273,279,288]].
[[3,4,7,8,14,22,23,27,30,32,33,36,38,46,49,60,66,75,81,89,95,97,104,118,120,
  122,123,129,132,134,138,139,143,145,149,150,152,154,160,165,169,171,174,175,
  181,182,184,187,188,191,192,193,196,198,209,217,220,222,225,226,227,229,235,
  237,241,248,254,264,268,270,272,274,275,278,280,281,282,298],
 [11,12,17,18,31,45,50,54,56,61,62,63,64,65,71,73,78,80,82,84,85,108,109,110,
  113,115,117,124,126,127,128,131,133,140,155,156,157,158,161,162,164,166,167,
  168,186,200,202,205,214,218,224,228,231,236,242,244,247,255,256,262,265,271,
  283,284,287,291,292,294,296,297,299,300],
 [9,13,15,20,21,24,25,28,34,35,37,40,41,48,52,58,67,69,70,74,76,77,86,88,91,
  92,98,99,100,102,105,107,111,112,114,119,125,136,137,146,148,153,163,172,
  173,177,178,185,189,194,197,199,204,206,207,210,233,234,238,239,240,245,246,
  250,257,258,259,267,269,273,279,288]].
[[3,4,7,8,14,22,23,27,30,32,33,36,38,46,49,60,66,75,81,89,95,97,104,118,120,
  122,123,129,132,134,138,139,143,145,149,150,152,154,160,165,169,171,174,175,
  181,182,184,187,188,191,192,193,196,198,209,217,220,222,225,226,227,229,235,
  237,241,248,254,264,268,270,272,274,275,278,280,281,282,298],
 [11,12,17,18,31,45,50,54,56,61,62,63,64,65,71,73,78,80,82,84,85,108,109,110,
  113,115,117,124,126,127,128,131,133,140,155,156,157,158,161,162,164,166,167,
  168,186,200,202,205,214,218,224,228,231,236,242,244,247,255,256,262,265,271,
  283,284,287,291,292,294,296,297,299,300],
 [9,13,15,20,21,24,25,28,34,35,37,40,41,48,52,58,67,69,70,74,76,77,86,88,91,
  92,98,99,100,102,105,107,111,112,114,119,125,136,137,146,148,153,163,172,
  173,177,178,185,189,194,197,199,204,206,207,210,233,234,238,239,240,245,246,
  250,257,258,259,267,269,273,279,288]].
[[3,4,7,8,14,22,23,27,30,32,33,36,38,46,49,60,66,75,81,89,95,97,104,118,120,
  122,123,129,132,134,138,139,143,145,149,150,152,154,160,165,169,171,174,175,
  181,182,184,187,188,191,192,193,196,198,209,217,220,222,225,226,227,229,235,
  237,241,248,254,264,268,270,272,274,275,278,280,281,282,298],
 [11,12,17,18,31,45,50,54,56,61,62,63,64,65,71,73,78,80,82,84,85,108,109,110,
  113,115,117,124,126,127,128,131,133,140,155,156,157,158,161,162,164,166,167,
  168,186,200,202,205,214,218,224,228,231,236,242,244,247,255,256,262,265,271,
  283,284,287,291,292,294,296,297,299,300],
 [9,13,15,20,21,24,25,28,34,35,37,40,41,48,52,58,67,69,70,74,76,77,86,88,91,
  92,98,99,100,102,105,107,111,112,114,119,125,136,137,146,148,153,163,172,
  173,177,178,185,189,194,197,199,204,206,207,210,233,234,238,239,240,245,246,
  250,257,258,259,267,269,273,279,288]].
[[3,4,7,8,14,22,23,27,30,32,33,36,38,46,49,60,66,75,81,89,95,97,104,118,120,
  122,123,129,132,134,138,139,143,145,149,150,152,154,160,165,169,171,174,175,
  181,182,184,187,188,191,192,193,196,198,209,217,220,222,225,226,227,229,235,
  237,241,248,254,264,268,270,272,274,275,278,280,281,282,298],
 [11,12,17,18,31,45,50,54,56,61,62,63,64,65,71,73,78,80,82,84,85,108,109,110,
  113,115,117,124,126,127,128,131,133,140,155,156,157,158,161,162,164,166,167,
  168,186,200,202,205,214,218,224,228,231,236,242,244,247,255,256,262,265,271,
  283,284,287,291,292,294,296,297,299,300],
 [9,13,15,20,21,24,25,28,34,35,37,40,41,48,52,58,67,69,70,74,76,77,86,88,91,
  92,98,99,100,102,105,107,111,112,114,119,125,136,137,146,148,153,163,172,
  173,177,178,185,189,194,197,199,204,206,207,210,233,234,238,239,240,245,246,
  250,257,258,259,267,269,273,279,288]].
[[9,13,15,20,21,24,25,28,34,35,37,40,41,48,52,58,67,69,70,74,76,77,86,88,91,
  92,98,99,100,102,105,107,111,112,114,119,125,136,137,146,148,153,163,172,
  173,177,178,185,189,194,197,199,204,206,207,210,233,234,238,239,240,245,246,
  250,257,258,259,267,269,273,279,288],
 [1,2,5,6,10,16,19,26,29,39,42,43,44,47,51,53,55,57,59,68,72,79,83,87,90,93,
  94,96,101,103,106,116,121,130,135,141,142,144,147,151,159,170,176,179,180,
  183,190,195,201,203,208,211,212,213,215,216,219,221,223,230,232,243,249,251,
  252,253,260,261,263,266,276,277,285,286,289,290,293,295],
 [3,4,7,8,14,22,23,27,30,32,33,36,38,46,49,60,66,75,81,89,95,97,104,118,120,
  122,123,129,132,134,138,139,143,145,149,150,152,154,160,165,169,171,174,175,
  181,182,184,187,188,191,192,193,196,198,209,217,220,222,225,226,227,229,235,
  237,241,248,254,264,268,270,272,274,275,278,280,281,282,298]].
[[3,4,7,8,14,22,23,27,30,32,33,36,38,46,49,60,66,75,81,89,95,97,104,118,120,
  122,123,129,132,134,138,139,143,145,149,150,152,154,160,165,169,171,174,175,
  181,182,184,187,188,191,192,193,196,198,209,217,220,222,225,226,227,229,235,
  237,241,248,254,264,268,270,272,274,275,278,280,281,282,298],
 [11,12,17,18,31,45,50,54,56,61,62,63,64,65,71,73,78,80,82,84,85,108,109,110,
  113,115,117,124,126,127,128,131,133,140,155,156,157,158,161,162,164,166,167,
  168,186,200,202,205,214,218,224,228,231,236,242,244,247,255,256,262,265,271,
  283,284,287,291,292,294,296,297,299,300],
 [9,13,15,20,21,24,25,28,34,35,37,40,41,48,52,58,67,69,70,74,76,77,86,88,91,
  92,98,99,100,102,105,107,111,112,114,119,125,136,137,146,148,153,163,172,
  173,177,178,185,189,194,197,199,204,206,207,210,233,234,238,239,240,245,246,
  250,257,258,259,267,269,273,279,288]].
[[3,4,7,8,14,22,23,27,30,32,33,36,38,46,49,60,66,75,81,89,95,97,104,118,120,
  122,123,129,132,134,138,139,143,145,149,150,152,154,160,165,169,171,174,175,
  181,182,184,187,188,191,192,193,196,198,209,217,220,222,225,226,227,229,235,
  237,241,248,254,264,268,270,272,274,275,278,280,281,282,298],
 [11,12,17,18,31,45,50,54,56,61,62,63,64,65,71,73,78,80,82,84,85,108,109,110,
  113,115,117,124,126,127,128,131,133,140,155,156,157,158,161,162,164,166,167,
  168,186,200,202,205,214,218,224,228,231,236,242,244,247,255,256,262,265,271,
  283,284,287,291,292,294,296,297,299,300],
 [9,13,15,20,21,24,25,28,34,35,37,40,41,48,52,58,67,69,70,74,76,77,86,88,91,
  92,98,99,100,102,105,107,111,112,114,119,125,136,137,146,148,153,163,172,
  173,177,178,185,189,194,197,199,204,206,207,210,233,234,238,239,240,245,246,
  250,257,258,259,267,269,273,279,288]].
[[3,4,7,8,14,22,23,27,30,32,33,36,38,46,49,60,66,75,81,89,95,97,104,118,120,
  122,123,129,132,134,138,139,143,145,149,150,152,154,160,165,169,171,174,175,
  181,182,184,187,188,191,192,193,196,198,209,217,220,222,225,226,227,229,235,
  237,241,248,254,264,268,270,272,274,275,278,280,281,282,298],
 [11,12,17,18,31,45,50,54,56,61,62,63,64,65,71,73,78,80,82,84,85,108,109,110,
  113,115,117,124,126,127,128,131,133,140,155,156,157,158,161,162,164,166,167,
  168,186,200,202,205,214,218,224,228,231,236,242,244,247,255,256,262,265,271,
  283,284,287,291,292,294,296,297,299,300],
 [9,13,15,20,21,24,25,28,34,35,37,40,41,48,52,58,67,69,70,74,76,77,86,88,91,
  92,98,99,100,102,105,107,111,112,114,119,125,136,137,146,148,153,163,172,
  173,177,178,185,189,194,197,199,204,206,207,210,233,234,238,239,240,245,246,
  250,257,258,259,267,269,273,279,288]].
[[3,4,7,8,14,22,23,27,30,32,33,36,38,46,49,60,66,75,81,89,95,97,104,118,120,
  122,123,129,132,134,138,139,143,145,149,150,152,154,160,165,169,171,174,175,
  181,182,184,187,188,191,192,193,196,198,209,217,220,222,225,226,227,229,235,
  237,241,248,254,264,268,270,272,274,275,278,280,281,282,298],
 [11,12,17,18,31,45,50,54,56,61,62,63,64,65,71,73,78,80,82,84,85,108,109,110,
  113,115,117,124,126,127,128,131,133,140,155,156,157,158,161,162,164,166,167,
  168,186,200,202,205,214,218,224,228,231,236,242,244,247,255,256,262,265,271,
  283,284,287,291,292,294,296,297,299,300],
 [9,13,15,20,21,24,25,28,34,35,37,40,41,48,52,58,67,69,70,74,76,77,86,88,91,
  92,98,99,100,102,105,107,111,112,114,119,125,136,137,146,148,153,163,172,
  173,177,178,185,189,194,197,199,204,206,207,210,233,234,238,239,240,245,246,
  250,257,258,259,267,269,273,279,288]].
[[3,4,7,8,14,22,23,27,30,32,33,36,38,46,49,60,66,75,81,89,95,97,104,118,120,
  122,123,129,132,134,138,139,143,145,149,150,152,154,160,165,169,171,174,175,
  181,182,184,187,188,191,192,193,196,198,209,217,220,222,225,226,227,229,235,
  237,241,248,254,264,268,270,272,274,275,278,280,281,282,298],
 [11,12,17,18,31,45,50,54,56,61,62,63,64,65,71,73,78,80,82,84,85,108,109,110,
  113,115,117,124,126,127,128,131,133,140,155,156,157,158,161,162,164,166,167,
  168,186,200,202,205,214,218,224,228,231,236,242,244,247,255,256,262,265,271,
  283,284,287,291,292,294,296,297,299,300],
 [9,13,15,20,21,24,25,28,34,35,37,40,41,48,52,58,67,69,70,74,76,77,86,88,91,
  92,98,99,100,102,105,107,111,112,114,119,125,136,137,146,148,153,163,172,
  173,177,178,185,189,194,197,199,204,206,207,210,233,234,238,239,240,245,246,
  250,257,258,259,267,269,273,279,288]].
[[3,4,7,8,14,22,23,27,30,32,33,36,38,46,49,60,66,75,81,89,95,97,104,118,120,
  122,123,129,132,134,138,139,143,145,149,150,152,154,160,165,169,171,174,175,
  181,182,184,187,188,191,192,193,196,198,209,217,220,222,225,226,227,229,235,
  237,241,248,254,264,268,270,272,274,275,278,280,281,282,298],
 [11,12,17,18,31,45,50,54,56,61,62,63,64,65,71,73,78,80,82,84,85,108,109,110,
  113,115,117,124,126,127,128,131,133,140,155,156,157,158,161,162,164,166,167,
  168,186,200,202,205,214,218,224,228,231,236,242,244,247,255,256,262,265,271,
  283,284,287,291,292,294,296,297,299,300],
 [9,13,15,20,21,24,25,28,34,35,37,40,41,48,52,58,67,69,70,74,76,77,86,88,91,
  92,98,99,100,102,105,107,111,112,114,119,125,136,137,146,148,153,163,172,
  173,177,178,185,189,194,197,199,204,206,207,210,233,234,238,239,240,245,246,
  250,257,258,259,267,269,273,279,288]].
[[3,4,7,8,14,22,23,27,30,32,33,36,38,46,49,60,66,75,81,89,95,97,104,118,120,
  122,123,129,132,134,138,139,143,145,149,150,152,154,160,165,169,171,174,175,
  181,182,184,187,188,191,192,193,196,198,209,217,220,222,225,226,227,229,235,
  237,241,248,254,264,268,270,272,274,275,278,280,281,282,298],
 [11,12,17,18,31,45,50,54,56,61,62,63,64,65,71,73,78,80,82,84,85,108,109,110,
  113,115,117,124,126,127,128,131,133,140,155,156,157,158,161,162,164,166,167,
  168,186,200,202,205,214,218,224,228,231,236,242,244,247,255,256,262,265,271,
  283,284,287,291,292,294,296,297,299,300],
 [9,13,15,20,21,24,25,28,34,35,37,40,41,48,52,58,67,69,70,74,76,77,86,88,91,
  92,98,99,100,102,105,107,111,112,114,119,125,136,137,146,148,153,163,172,
  173,177,178,185,189,194,197,199,204,206,207,210,233,234,238,239,240,245,246,
  250,257,258,259,267,269,273,279,288]].
[[3,4,7,8,14,22,23,27,30,32,33,36,38,46,49,60,66,75,81,89,95,97,104,118,120,
  122,123,129,132,134,138,139,143,145,149,150,152,154,160,165,169,171,174,175,
  181,182,184,187,188,191,192,193,196,198,209,217,220,222,225,226,227,229,235,
  237,241,248,254,264,268,270,272,274,275,278,280,281,282,298],
 [11,12,17,18,31,45,50,54,56,61,62,63,64,65,71,73,78,80,82,84,85,108,109,110,
  113,115,117,124,126,127,128,131,133,140,155,156,157,158,161,162,164,166,167,
  168,186,200,202,205,214,218,224,228,231,236,242,244,247,255,256,262,265,271,
  283,284,287,291,292,294,296,297,299,300],
 [9,13,15,20,21,24,25,28,34,35,37,40,41,48,52,58,67,69,70,74,76,77,86,88,91,
  92,98,99,100,102,105,107,111,112,114,119,125,136,137,146,148,153,163,172,
  173,177,178,185,189,194,197,199,204,206,207,210,233,234,238,239,240,245,246,
  250,257,258,259,267,269,273,279,288]].
[[3,4,7,8,14,22,23,27,30,32,33,36,38,46,49,60,66,75,81,89,95,97,104,118,120,
  122,123,129,132,134,138,139,143,145,149,150,152,154,160,165,169,171,174,175,
  181,182,184,187,188,191,192,193,196,198,209,217,220,222,225,226,227,229,235,
  237,241,248,254,264,268,270,272,274,275,278,280,281,282,298],
 [11,12,17,18,31,45,50,54,56,61,62,63,64,65,71,73,78,80,82,84,85,108,109,110,
  113,115,117,124,126,127,128,131,133,140,155,156,157,158,161,162,164,166,167,
  168,186,200,202,205,214,218,224,228,231,236,242,244,247,255,256,262,265,271,
  283,284,287,291,292,294,296,297,299,300],
 [9,13,15,20,21,24,25,28,34,35,37,40,41,48,52,58,67,69,70,74,76,77,86,88,91,
  92,98,99,100,102,105,107,111,112,114,119,125,136,137,146,148,153,163,172,
  173,177,178,185,189,194,197,199,204,206,207,210,233,234,238,239,240,245,246,
  250,257,258,259,267,269,273,279,288]].
[[3,4,7,8,14,22,23,27,30,32,33,36,38,46,49,60,66,75,81,89,95,97,104,118,120,
  122,123,129,132,134,138,139,143,145,149,150,152,154,160,165,169,171,174,175,
  181,182,184,187,188,191,192,193,196,198,209,217,220,222,225,226,227,229,235,
  237,241,248,254,264,268,270,272,274,275,278,280,281,282,298],
 [11,12,17,18,31,45,50,54,56,61,62,63,64,65,71,73,78,80,82,84,85,108,109,110,
  113,115,117,124,126,127,128,131,133,140,155,156,157,158,161,162,164,166,167,
  168,186,200,202,205,214,218,224,228,231,236,242,244,247,255,256,262,265,271,
  283,284,287,291,292,294,296,297,299,300],
 [9,13,15,20,21,24,25,28,34,35,37,40,41,48,52,58,67,69,70,74,76,77,86,88,91,
  92,98,99,100,102,105,107,111,112,114,119,125,136,137,146,148,153,163,172,
  173,177,178,185,189,194,197,199,204,206,207,210,233,234,238,239,240,245,246,
  250,257,258,259,267,269,273,279,288]].
[[3,4,7,8,14,22,23,27,30,32,33,36,38,46,49,60,66,75,81,89,95,97,104,118,120,
  122,123,129,132,134,138,139,143,145,149,150,152,154,160,165,169,171,174,175,
  181,182,184,187,188,191,192,193,196,198,209,217,220,222,225,226,227,229,235,
  237,241,248,254,264,268,270,272,274,275,278,280,281,282,298],
 [11,12,17,18,31,45,50,54,56,61,62,63,64,65,71,73,78,80,82,84,85,108,109,110,
  113,115,117,124,126,127,128,131,133,140,155,156,157,158,161,162,164,166,167,
  168,186,200,202,205,214,218,224,228,231,236,242,244,247,255,256,262,265,271,
  283,284,287,291,292,294,296,297,299,300],
 [9,13,15,20,21,24,25,28,34,35,37,40,41,48,52,58,67,69,70,74,76,77,86,88,91,
  92,98,99,100,102,105,107,111,112,114,119,125,136,137,146,148,153,163,172,
  173,177,178,185,189,194,197,199,204,206,207,210,233,234,238,239,240,245,246,
  250,257,258,259,267,269,273,279,288]].
[[3,4,7,8,14,22,23,27,30,32,33,36,38,46,49,60,66,75,81,89,95,97,104,118,120,
  122,123,129,132,134,138,139,143,145,149,150,152,154,160,165,169,171,174,175,
  181,182,184,187,188,191,192,193,196,198,209,217,220,222,225,226,227,229,235,
  237,241,248,254,264,268,270,272,274,275,278,280,281,282,298],
 [11,12,17,18,31,45,50,54,56,61,62,63,64,65,71,73,78,80,82,84,85,108,109,110,
  113,115,117,124,126,127,128,131,133,140,155,156,157,158,161,162,164,166,167,
  168,186,200,202,205,214,218,224,228,231,236,242,244,247,255,256,262,265,271,
  283,284,287,291,292,294,296,297,299,300],
 [9,13,15,20,21,24,25,28,34,35,37,40,41,48,52,58,67,69,70,74,76,77,86,88,91,
  92,98,99,100,102,105,107,111,112,114,119,125,136,137,146,148,153,163,172,
  173,177,178,185,189,194,197,199,204,206,207,210,233,234,238,239,240,245,246,
  250,257,258,259,267,269,273,279,288]].
[[3,4,7,8,14,22,23,27,30,32,33,36,38,46,49,60,66,75,81,89,95,97,104,118,120,
  122,123,129,132,134,138,139,143,145,149,150,152,154,160,165,169,171,174,175,
  181,182,184,187,188,191,192,193,196,198,209,217,220,222,225,226,227,229,235,
  237,241,248,254,264,268,270,272,274,275,278,280,281,282,298],
 [11,12,17,18,31,45,50,54,56,61,62,63,64,65,71,73,78,80,82,84,85,108,109,110,
  113,115,117,124,126,127,128,131,133,140,155,156,157,158,161,162,164,166,167,
  168,186,200,202,205,214,218,224,228,231,236,242,244,247,255,256,262,265,271,
  283,284,287,291,292,294,296,297,299,300],
 [9,13,15,20,21,24,25,28,34,35,37,40,41,48,52,58,67,69,70,74,76,77,86,88,91,
  92,98,99,100,102,105,107,111,112,114,119,125,136,137,146,148,153,163,172,
  173,177,178,185,189,194,197,199,204,206,207,210,233,234,238,239,240,245,246,
  250,257,258,259,267,269,273,279,288]].
[[3,4,7,8,14,22,23,27,30,32,33,36,38,46,49,60,66,75,81,89,95,97,104,118,120,
  122,123,129,132,134,138,139,143,145,149,150,152,154,160,165,169,171,174,175,
  181,182,184,187,188,191,192,193,196,198,209,217,220,222,225,226,227,229,235,
  237,241,248,254,264,268,270,272,274,275,278,280,281,282,298],
 [11,12,17,18,31,45,50,54,56,61,62,63,64,65,71,73,78,80,82,84,85,108,109,110,
  113,115,117,124,126,127,128,131,133,140,155,156,157,158,161,162,164,166,167,
  168,186,200,202,205,214,218,224,228,231,236,242,244,247,255,256,262,265,271,
  283,284,287,291,292,294,296,297,299,300],
 [9,13,15,20,21,24,25,28,34,35,37,40,41,48,52,58,67,69,70,74,76,77,86,88,91,
  92,98,99,100,102,105,107,111,112,114,119,125,136,137,146,148,153,163,172,
  173,177,178,185,189,194,197,199,204,206,207,210,233,234,238,239,240,245,246,
  250,257,258,259,267,269,273,279,288]].
[[3,4,7,8,14,22,23,27,30,32,33,36,38,46,49,60,66,75,81,89,95,97,104,118,120,
  122,123,129,132,134,138,139,143,145,149,150,152,154,160,165,169,171,174,175,
  181,182,184,187,188,191,192,193,196,198,209,217,220,222,225,226,227,229,235,
  237,241,248,254,264,268,270,272,274,275,278,280,281,282,298],
 [11,12,17,18,31,45,50,54,56,61,62,63,64,65,71,73,78,80,82,84,85,108,109,110,
  113,115,117,124,126,127,128,131,133,140,155,156,157,158,161,162,164,166,167,
  168,186,200,202,205,214,218,224,228,231,236,242,244,247,255,256,262,265,271,
  283,284,287,291,292,294,296,297,299,300],
 [9,13,15,20,21,24,25,28,34,35,37,40,41,48,52,58,67,69,70,74,76,77,86,88,91,
  92,98,99,100,102,105,107,111,112,114,119,125,136,137,146,148,153,163,172,
  173,177,178,185,189,194,197,199,204,206,207,210,233,234,238,239,240,245,246,
  250,257,258,259,267,269,273,279,288]].
[[3,4,7,8,14,22,23,27,30,32,33,36,38,46,49,60,66,75,81,89,95,97,104,118,120,
  122,123,129,132,134,138,139,143,145,149,150,152,154,160,165,169,171,174,175,
  181,182,184,187,188,191,192,193,196,198,209,217,220,222,225,226,227,229,235,
  237,241,248,254,264,268,270,272,274,275,278,280,281,282,298],
 [11,12,17,18,31,45,50,54,56,61,62,63,64,65,71,73,78,80,82,84,85,108,109,110,
  113,115,117,124,126,127,128,131,133,140,155,156,157,158,161,162,164,166,167,
  168,186,200,202,205,214,218,224,228,231,236,242,244,247,255,256,262,265,271,
  283,284,287,291,292,294,296,297,299,300],
 [9,13,15,20,21,24,25,28,34,35,37,40,41,48,52,58,67,69,70,74,76,77,86,88,91,
  92,98,99,100,102,105,107,111,112,114,119,125,136,137,146,148,153,163,172,
  173,177,178,185,189,194,197,199,204,206,207,210,233,234,238,239,240,245,246,
  250,257,258,259,267,269,273,279,288]].
[[3,4,7,8,14,22,23,27,30,32,33,36,38,46,49,60,66,75,81,89,95,97,104,118,120,
  122,123,129,132,134,138,139,143,145,149,150,152,154,160,165,169,171,174,175,
  181,182,184,187,188,191,192,193,196,198,209,217,220,222,225,226,227,229,235,
  237,241,248,254,264,268,270,272,274,275,278,280,281,282,298],
 [11,12,17,18,31,45,50,54,56,61,62,63,64,65,71,73,78,80,82,84,85,108,109,110,
  113,115,117,124,126,127,128,131,133,140,155,156,157,158,161,162,164,166,167,
  168,186,200,202,205,214,218,224,228,231,236,242,244,247,255,256,262,265,271,
  283,284,287,291,292,294,296,297,299,300],
 [9,13,15,20,21,24,25,28,34,35,37,40,41,48,52,58,67,69,70,74,76,77,86,88,91,
  92,98,99,100,102,105,107,111,112,114,119,125,136,137,146,148,153,163,172,
  173,177,178,185,189,194,197,199,204,206,207,210,233,234,238,239,240,245,246,
  250,257,258,259,267,269,273,279,288]].
[[3,4,7,8,14,22,23,27,30,32,33,36,38,46,49,60,66,75,81,89,95,97,104,118,120,
  122,123,129,132,134,138,139,143,145,149,150,152,154,160,165,169,171,174,175,
  181,182,184,187,188,191,192,193,196,198,209,217,220,222,225,226,227,229,235,
  237,241,248,254,264,268,270,272,274,275,278,280,281,282,298],
 [11,12,17,18,31,45,50,54,56,61,62,63,64,65,71,73,78,80,82,84,85,108,109,110,
  113,115,117,124,126,127,128,131,133,140,155,156,157,158,161,162,164,166,167,
  168,186,200,202,205,214,218,224,228,231,236,242,244,247,255,256,262,265,271,
  283,284,287,291,292,294,296,297,299,300],
 [9,13,15,20,21,24,25,28,34,35,37,40,41,48,52,58,67,69,70,74,76,77,86,88,91,
  92,98,99,100,102,105,107,111,112,114,119,125,136,137,146,148,153,163,172,
  173,177,178,185,189,194,197,199,204,206,207,210,233,234,238,239,240,245,246,
  250,257,258,259,267,269,273,279,288]].
[[9,13,15,20,21,24,25,28,34,35,37,40,41,48,52,58,67,69,70,74,76,77,86,88,91,
  92,98,99,100,102,105,107,111,112,114,119,125,136,137,146,148,153,163,172,
  173,177,178,185,189,194,197,199,204,206,207,210,233,234,238,239,240,245,246,
  250,257,258,259,267,269,273,279,288],
 [1,2,5,6,10,16,19,26,29,39,42,43,44,47,51,53,55,57,59,68,72,79,83,87,90,93,
  94,96,101,103,106,116,121,130,135,141,142,144,147,151,159,170,176,179,180,
  183,190,195,201,203,208,211,212,213,215,216,219,221,223,230,232,243,249,251,
  252,253,260,261,263,266,276,277,285,286,289,290,293,295],
 [3,4,7,8,14,22,23,27,30,32,33,36,38,46,49,60,66,75,81,89,95,97,104,118,120,
  122,123,129,132,134,138,139,143,145,149,150,152,154,160,165,169,171,174,175,
  181,182,184,187,188,191,192,193,196,198,209,217,220,222,225,226,227,229,235,
  237,241,248,254,264,268,270,272,274,275,278,280,281,282,298]].
[[3,4,7,8,14,22,23,27,30,32,33,36,38,46,49,60,66,75,81,89,95,97,104,118,120,
  122,123,129,132,134,138,139,143,145,149,150,152,154,160,165,169,171,174,175,
  181,182,184,187,188,191,192,193,196,198,209,217,220,222,225,226,227,229,235,
  237,241,248,254,264,268,270,272,274,275,278,280,281,282,298],
 [11,12,17,18,31,45,50,54,56,61,62,63,64,65,71,73,78,80,82,84,85,108,109,110,
  113,115,117,124,126,127,128,131,133,140,155,156,157,158,161,162,164,166,167,
  168,186,200,202,205,214,218,224,228,231,236,242,244,247,255,256,262,265,271,
  283,284,287,291,292,294,296,297,299,300],
 [9,13,15,20,21,24,25,28,34,35,37,40,41,48,52,58,67,69,70,74,76,77,86,88,91,
  92,98,99,100,102,105,107,111,112,114,119,125,136,137,146,148,153,163,172,
  173,177,178,185,189,194,197,199,204,206,207,210,233,234,238,239,240,245,246,
  250,257,258,259,267,269,273,279,288]].
[[3,4,7,8,14,22,23,27,30,32,33,36,38,46,49,60,66,75,81,89,95,97,104,118,120,
  122,123,129,132,134,138,139,143,145,149,150,152,154,160,165,169,171,174,175,
  181,182,184,187,188,191,192,193,196,198,209,217,220,222,225,226,227,229,235,
  237,241,248,254,264,268,270,272,274,275,278,280,281,282,298],
 [11,12,17,18,31,45,50,54,56,61,62,63,64,65,71,73,78,80,82,84,85,108,109,110,
  113,115,117,124,126,127,128,131,133,140,155,156,157,158,161,162,164,166,167,
  168,186,200,202,205,214,218,224,228,231,236,242,244,247,255,256,262,265,271,
  283,284,287,291,292,294,296,297,299,300],
 [9,13,15,20,21,24,25,28,34,35,37,40,41,48,52,58,67,69,70,74,76,77,86,88,91,
  92,98,99,100,102,105,107,111,112,114,119,125,136,137,146,148,153,163,172,
  173,177,178,185,189,194,197,199,204,206,207,210,233,234,238,239,240,245,246,
  250,257,258,259,267,269,273,279,288]].
[[11,12,17,18,31,45,50,54,56,61,62,63,64,65,71,73,78,80,82,84,85,108,109,110,
  113,115,117,124,126,127,128,131,133,140,155,156,157,158,161,162,164,166,167,
  168,186,200,202,205,214,218,224,228,231,236,242,244,247,255,256,262,265,271,
  283,284,287,291,292,294,296,297,299,300],
 [3,4,7,8,14,22,23,27,30,32,33,36,38,46,49,60,66,75,81,89,95,97,104,118,120,
  122,123,129,132,134,138,139,143,145,149,150,152,154,160,165,169,171,174,175,
  181,182,184,187,188,191,192,193,196,198,209,217,220,222,225,226,227,229,235,
  237,241,248,254,264,268,270,272,274,275,278,280,281,282,298],
 [1,2,5,6,10,16,19,26,29,39,42,43,44,47,51,53,55,57,59,68,72,79,83,87,90,93,
  94,96,101,103,106,116,121,130,135,141,142,144,147,151,159,170,176,179,180,
  183,190,195,201,203,208,211,212,213,215,216,219,221,223,230,232,243,249,251,
  252,253,260,261,263,266,276,277,285,286,289,290,293,295]].
[[11,12,17,18,31,45,50,54,56,61,62,63,64,65,71,73,78,80,82,84,85,108,109,110,
  113,115,117,124,126,127,128,131,133,140,155,156,157,158,161,162,164,166,167,
  168,186,200,202,205,214,218,224,228,231,236,242,244,247,255,256,262,265,271,
  283,284,287,291,292,294,296,297,299,300],
 [3,4,7,8,14,22,23,27,30,32,33,36,38,46,49,60,66,75,81,89,95,97,104,118,120,
  122,123,129,132,134,138,139,143,145,149,150,152,154,160,165,169,171,174,175,
  181,182,184,187,188,191,192,193,196,198,209,217,220,222,225,226,227,229,235,
  237,241,248,254,264,268,270,272,274,275,278,280,281,282,298],
 [1,2,5,6,10,16,19,26,29,39,42,43,44,47,51,53,55,57,59,68,72,79,83,87,90,93,
  94,96,101,103,106,116,121,130,135,141,142,144,147,151,159,170,176,179,180,
  183,190,195,201,203,208,211,212,213,215,216,219,221,223,230,232,243,249,251,
  252,253,260,261,263,266,276,277,285,286,289,290,293,295]].
[[3,4,7,8,14,22,23,27,30,32,33,36,38,46,49,60,66,75,81,89,95,97,104,118,120,
  122,123,129,132,134,138,139,143,145,149,150,152,154,160,165,169,171,174,175,
  181,182,184,187,188,191,192,193,196,198,209,217,220,222,225,226,227,229,235,
  237,241,248,254,264,268,270,272,274,275,278,280,281,282,298],
 [11,12,17,18,31,45,50,54,56,61,62,63,64,65,71,73,78,80,82,84,85,108,109,110,
  113,115,117,124,126,127,128,131,133,140,155,156,157,158,161,162,164,166,167,
  168,186,200,202,205,214,218,224,228,231,236,242,244,247,255,256,262,265,271,
  283,284,287,291,292,294,296,297,299,300],
 [9,13,15,20,21,24,25,28,34,35,37,40,41,48,52,58,67,69,70,74,76,77,86,88,91,
  92,98,99,100,102,105,107,111,112,114,119,125,136,137,146,148,153,163,172,
  173,177,178,185,189,194,197,199,204,206,207,210,233,234,238,239,240,245,246,
  250,257,258,259,267,269,273,279,288]].
[[3,4,7,8,14,22,23,27,30,32,33,36,38,46,49,60,66,75,81,89,95,97,104,118,120,
  122,123,129,132,134,138,139,143,145,149,150,152,154,160,165,169,171,174,175,
  181,182,184,187,188,191,192,193,196,198,209,217,220,222,225,226,227,229,235,
  237,241,248,254,264,268,270,272,274,275,278,280,281,282,298],
 [11,12,17,18,31,45,50,54,56,61,62,63,64,65,71,73,78,80,82,84,85,108,109,110,
  113,115,117,124,126,127,128,131,133,140,155,156,157,158,161,162,164,166,167,
  168,186,200,202,205,214,218,224,228,231,236,242,244,247,255,256,262,265,271,
  283,284,287,291,292,294,296,297,299,300],
 [9,13,15,20,21,24,25,28,34,35,37,40,41,48,52,58,67,69,70,74,76,77,86,88,91,
  92,98,99,100,102,105,107,111,112,114,119,125,136,137,146,148,153,163,172,
  173,177,178,185,189,194,197,199,204,206,207,210,233,234,238,239,240,245,246,
  250,257,258,259,267,269,273,279,288]].
[[3,4,7,8,14,22,23,27,30,32,33,36,38,46,49,60,66,75,81,89,95,97,104,118,120,
  122,123,129,132,134,138,139,143,145,149,150,152,154,160,165,169,171,174,175,
  181,182,184,187,188,191,192,193,196,198,209,217,220,222,225,226,227,229,235,
  237,241,248,254,264,268,270,272,274,275,278,280,281,282,298],
 [11,12,17,18,31,45,50,54,56,61,62,63,64,65,71,73,78,80,82,84,85,108,109,110,
  113,115,117,124,126,127,128,131,133,140,155,156,157,158,161,162,164,166,167,
  168,186,200,202,205,214,218,224,228,231,236,242,244,247,255,256,262,265,271,
  283,284,287,291,292,294,296,297,299,300],
 [9,13,15,20,21,24,25,28,34,35,37,40,41,48,52,58,67,69,70,74,76,77,86,88,91,
  92,98,99,100,102,105,107,111,112,114,119,125,136,137,146,148,153,163,172,
  173,177,178,185,189,194,197,199,204,206,207,210,233,234,238,239,240,245,246,
  250,257,258,259,267,269,273,279,288]].
[[11,12,17,18,31,45,50,54,56,61,62,63,64,65,71,73,78,80,82,84,85,108,109,110,
  113,115,117,124,126,127,128,131,133,140,155,156,157,158,161,162,164,166,167,
  168,186,200,202,205,214,218,224,228,231,236,242,244,247,255,256,262,265,271,
  283,284,287,291,292,294,296,297,299,300],
 [3,4,7,8,14,22,23,27,30,32,33,36,38,46,49,60,66,75,81,89,95,97,104,118,120,
  122,123,129,132,134,138,139,143,145,149,150,152,154,160,165,169,171,174,175,
  181,182,184,187,188,191,192,193,196,198,209,217,220,222,225,226,227,229,235,
  237,241,248,254,264,268,270,272,274,275,278,280,281,282,298],
 [1,2,5,6,10,16,19,26,29,39,42,43,44,47,51,53,55,57,59,68,72,79,83,87,90,93,
  94,96,101,103,106,116,121,130,135,141,142,144,147,151,159,170,176,179,180,
  183,190,195,201,203,208,211,212,213,215,216,219,221,223,230,232,243,249,251,
  252,253,260,261,263,266,276,277,285,286,289,290,293,295]].
[[3,4,7,8,14,22,23,27,30,32,33,36,38,46,49,60,66,75,81,89,95,97,104,118,120,
  122,123,129,132,134,138,139,143,145,149,150,152,154,160,165,169,171,174,175,
  181,182,184,187,188,191,192,193,196,198,209,217,220,222,225,226,227,229,235,
  237,241,248,254,264,268,270,272,274,275,278,280,281,282,298],
 [11,12,17,18,31,45,50,54,56,61,62,63,64,65,71,73,78,80,82,84,85,108,109,110,
  113,115,117,124,126,127,128,131,133,140,155,156,157,158,161,162,164,166,167,
  168,186,200,202,205,214,218,224,228,231,236,242,244,247,255,256,262,265,271,
  283,284,287,291,292,294,296,297,299,300],
 [9,13,15,20,21,24,25,28,34,35,37,40,41,48,52,58,67,69,70,74,76,77,86,88,91,
  92,98,99,100,102,105,107,111,112,114,119,125,136,137,146,148,153,163,172,
  173,177,178,185,189,194,197,199,204,206,207,210,233,234,238,239,240,245,246,
  250,257,258,259,267,269,273,279,288]].
[[3,4,7,8,14,22,23,27,30,32,33,36,38,46,49,60,66,75,81,89,95,97,104,118,120,
  122,123,129,132,134,138,139,143,145,149,150,152,154,160,165,169,171,174,175,
  181,182,184,187,188,191,192,193,196,198,209,217,220,222,225,226,227,229,235,
  237,241,248,254,264,268,270,272,274,275,278,280,281,282,298],
 [11,12,17,18,31,45,50,54,56,61,62,63,64,65,71,73,78,80,82,84,85,108,109,110,
  113,115,117,124,126,127,128,131,133,140,155,156,157,158,161,162,164,166,167,
  168,186,200,202,205,214,218,224,228,231,236,242,244,247,255,256,262,265,271,
  283,284,287,291,292,294,296,297,299,300],
 [9,13,15,20,21,24,25,28,34,35,37,40,41,48,52,58,67,69,70,74,76,77,86,88,91,
  92,98,99,100,102,105,107,111,112,114,119,125,136,137,146,148,153,163,172,
  173,177,178,185,189,194,197,199,204,206,207,210,233,234,238,239,240,245,246,
  250,257,258,259,267,269,273,279,288]].
[[3,4,7,8,14,22,23,27,30,32,33,36,38,46,49,60,66,75,81,89,95,97,104,118,120,
  122,123,129,132,134,138,139,143,145,149,150,152,154,160,165,169,171,174,175,
  181,182,184,187,188,191,192,193,196,198,209,217,220,222,225,226,227,229,235,
  237,241,248,254,264,268,270,272,274,275,278,280,281,282,298],
 [11,12,17,18,31,45,50,54,56,61,62,63,64,65,71,73,78,80,82,84,85,108,109,110,
  113,115,117,124,126,127,128,131,133,140,155,156,157,158,161,162,164,166,167,
  168,186,200,202,205,214,218,224,228,231,236,242,244,247,255,256,262,265,271,
  283,284,287,291,292,294,296,297,299,300],
 [9,13,15,20,21,24,25,28,34,35,37,40,41,48,52,58,67,69,70,74,76,77,86,88,91,
  92,98,99,100,102,105,107,111,112,114,119,125,136,137,146,148,153,163,172,
  173,177,178,185,189,194,197,199,204,206,207,210,233,234,238,239,240,245,246,
  250,257,258,259,267,269,273,279,288]].
[[3,4,7,8,14,22,23,27,30,32,33,36,38,46,49,60,66,75,81,89,95,97,104,118,120,
  122,123,129,132,134,138,139,143,145,149,150,152,154,160,165,169,171,174,175,
  181,182,184,187,188,191,192,193,196,198,209,217,220,222,225,226,227,229,235,
  237,241,248,254,264,268,270,272,274,275,278,280,281,282,298],
 [11,12,17,18,31,45,50,54,56,61,62,63,64,65,71,73,78,80,82,84,85,108,109,110,
  113,115,117,124,126,127,128,131,133,140,155,156,157,158,161,162,164,166,167,
  168,186,200,202,205,214,218,224,228,231,236,242,244,247,255,256,262,265,271,
  283,284,287,291,292,294,296,297,299,300],
 [9,13,15,20,21,24,25,28,34,35,37,40,41,48,52,58,67,69,70,74,76,77,86,88,91,
  92,98,99,100,102,105,107,111,112,114,119,125,136,137,146,148,153,163,172,
  173,177,178,185,189,194,197,199,204,206,207,210,233,234,238,239,240,245,246,
  250,257,258,259,267,269,273,279,288]].
[[3,4,7,8,14,22,23,27,30,32,33,36,38,46,49,60,66,75,81,89,95,97,104,118,120,
  122,123,129,132,134,138,139,143,145,149,150,152,154,160,165,169,171,174,175,
  181,182,184,187,188,191,192,193,196,198,209,217,220,222,225,226,227,229,235,
  237,241,248,254,264,268,270,272,274,275,278,280,281,282,298],
 [11,12,17,18,31,45,50,54,56,61,62,63,64,65,71,73,78,80,82,84,85,108,109,110,
  113,115,117,124,126,127,128,131,133,140,155,156,157,158,161,162,164,166,167,
  168,186,200,202,205,214,218,224,228,231,236,242,244,247,255,256,262,265,271,
  283,284,287,291,292,294,296,297,299,300],
 [9,13,15,20,21,24,25,28,34,35,37,40,41,48,52,58,67,69,70,74,76,77,86,88,91,
  92,98,99,100,102,105,107,111,112,114,119,125,136,137,146,148,153,163,172,
  173,177,178,185,189,194,197,199,204,206,207,210,233,234,238,239,240,245,246,
  250,257,258,259,267,269,273,279,288]].
[[3,4,7,8,14,22,23,27,30,32,33,36,38,46,49,60,66,75,81,89,95,97,104,118,120,
  122,123,129,132,134,138,139,143,145,149,150,152,154,160,165,169,171,174,175,
  181,182,184,187,188,191,192,193,196,198,209,217,220,222,225,226,227,229,235,
  237,241,248,254,264,268,270,272,274,275,278,280,281,282,298],
 [11,12,17,18,31,45,50,54,56,61,62,63,64,65,71,73,78,80,82,84,85,108,109,110,
  113,115,117,124,126,127,128,131,133,140,155,156,157,158,161,162,164,166,167,
  168,186,200,202,205,214,218,224,228,231,236,242,244,247,255,256,262,265,271,
  283,284,287,291,292,294,296,297,299,300],
 [9,13,15,20,21,24,25,28,34,35,37,40,41,48,52,58,67,69,70,74,76,77,86,88,91,
  92,98,99,100,102,105,107,111,112,114,119,125,136,137,146,148,153,163,172,
  173,177,178,185,189,194,197,199,204,206,207,210,233,234,238,239,240,245,246,
  250,257,258,259,267,269,273,279,288]].
[[3,4,7,8,14,22,23,27,30,32,33,36,38,46,49,60,66,75,81,89,95,97,104,118,120,
  122,123,129,132,134,138,139,143,145,149,150,152,154,160,165,169,171,174,175,
  181,182,184,187,188,191,192,193,196,198,209,217,220,222,225,226,227,229,235,
  237,241,248,254,264,268,270,272,274,275,278,280,281,282,298],
 [11,12,17,18,31,45,50,54,56,61,62,63,64,65,71,73,78,80,82,84,85,108,109,110,
  113,115,117,124,126,127,128,131,133,140,155,156,157,158,161,162,164,166,167,
  168,186,200,202,205,214,218,224,228,231,236,242,244,247,255,256,262,265,271,
  283,284,287,291,292,294,296,297,299,300],
 [9,13,15,20,21,24,25,28,34,35,37,40,41,48,52,58,67,69,70,74,76,77,86,88,91,
  92,98,99,100,102,105,107,111,112,114,119,125,136,137,146,148,153,163,172,
  173,177,178,185,189,194,197,199,204,206,207,210,233,234,238,239,240,245,246,
  250,257,258,259,267,269,273,279,288]].
[[3,4,7,8,14,22,23,27,30,32,33,36,38,46,49,60,66,75,81,89,95,97,104,118,120,
  122,123,129,132,134,138,139,143,145,149,150,152,154,160,165,169,171,174,175,
  181,182,184,187,188,191,192,193,196,198,209,217,220,222,225,226,227,229,235,
  237,241,248,254,264,268,270,272,274,275,278,280,281,282,298],
 [11,12,17,18,31,45,50,54,56,61,62,63,64,65,71,73,78,80,82,84,85,108,109,110,
  113,115,117,124,126,127,128,131,133,140,155,156,157,158,161,162,164,166,167,
  168,186,200,202,205,214,218,224,228,231,236,242,244,247,255,256,262,265,271,
  283,284,287,291,292,294,296,297,299,300],
 [9,13,15,20,21,24,25,28,34,35,37,40,41,48,52,58,67,69,70,74,76,77,86,88,91,
