[[2,3,4,6,7,19,22,26,31,34,42,45,53,55,58,63,66,67,68,69,71,77,81,83,86,87,88,90,91,97,98,100,102,104,107,110,111,116,119,127,129,130,134,139,143,146,147,151,154,156,163,172,173,175,177,184,193,196,200,209,212,216,218,224,228,229,233,237,239,240,245,267,269,278,286,297,300],[1,5,15,20,21,23,29,30,33,36,38,43,44,46,47,50,51,52,57,60,62,64,65,73,75,76,79,80,84,89,94,96,101,103,105,108,109,112,113,118,124,125,126,131,132,136,137,148,149,153,157,158,165,166,167,171,179,182,185,187,190,194,195,199,202,208,210,213,217,221,223,231,235,238,241,242,246,247,248,249,251,252,253,258,260,261,263,264,268,270,271,274,280,281,282,285,288,289,292,294,295,296,298],[13,14,16,24,28,32,35,49,72,78,85,92,93,95,106,120,123,141,145,150,155,160,176,180,186,188,198,203,204,205,206,211,219,222,230,250,254,256,262,272,276,279,283]].
[[8,9,10,11,12,17,18,25,27,37,39,40,41,48,54,56,59,61,70,74,82,99,114,115,117,121,122,128,133,135,138,140,142,144,152,159,161,162,164,168,169,170,174,178,181,183,189,191,192,197,201,207,214,215,220,225,226,227,232,234,236,243,244,255,257,259,265,266,273,275,277,284,287,290,291,293,299],[13,14,16,24,28,32,35,49,72,78,85,92,93,95,106,120,123,141,145,150,155,160,176,180,186,188,198,203,204,205,206,211,219,222,230,250,254,256,262,272,276,279,283],[1,5,15,20,21,23,29,30,33,36,38,43,44,46,47,50,51,52,57,60,62,64,65,73,75,76,79,80,84,89,94,96,101,103,105,108,109,112,113,118,124,125,126,131,132,136,137,148,149,153,157,158,165,166,167,171,179,182,185,187,190,194,195,199,202,208,210,213,217,221,223,231,235,238,241,242,246,247,248,249,251,252,253,258,260,261,263,264,268,270,271,274,280,281,282,285,288,289,292,294,295,296,298]].
[[13,14,16,24,28,32,35,49,72,78,85,92,93,95,106,120,123,141,145,150,155,160,176,180,186,188,198,203,204,205,206,211,219,222,230,250,254,256,262,272,276,279,283],[8,9,10,11,12,17,18,25,27,37,39,40,41,48,54,56,59,61,70,74,82,99,114,115,117,121,122,128,133,135,138,140,142,144,152,159,161,162,164,168,169,170,174,178,181,183,189,191,192,197,201,207,214,215,220,225,226,227,232,234,236,243,244,255,257,259,265,266,273,275,277,284,287,290,291,293,299],[2,3,4,6,7,19,22,26,31,34,42,45,53,55,58,63,66,67,68,69,71,77,81,83,86,87,88,90,91,97,98,100,102,104,107,110,111,116,119,127,129,130,134,139,143,146,147,151,154,156,163,172,173,175,177,184,193,196,200,209,212,216,218,224,228,229,233,237,239,240,245,267,269,278,286,297,300]].
[[2,3,4,6,7,19,22,26,31,34,42,45,53,55,58,63,66,67,68,69,71,77,81,83,86,87,88,90,91,97,98,100,102,104,107,110,111,116,119,127,129,130,134,139,143,146,147,151,154,156,163,172,173,175,177,184,193,196,200,209,212,216,218,224,228,229,233,237,239,240,245,267,269,278,286,297,300],[1,5,15,20,21,23,29,30,33,36,38,43,44,46,47,50,51,52,57,60,62,64,65,73,75,76,79,80,84,89,94,96,101,103,105,108,109,112,113,118,124,125,126,131,132,136,137,148,149,153,157,158,165,166,167,171,179,182,185,187,190,194,195,199,202,208,210,213,217,221,223,231,235,238,241,242,246,247,248,249,251,252,253,258,260,261,263,264,268,270,271,274,280,281,282,285,288,289,292,294,295,296,298],[13,14,16,24,28,32,35,49,72,78,85,92,93,95,106,120,123,141,145,150,155,160,176,180,186,188,198,203,204,205,206,211,219,222,230,250,254,256,262,272,276,279,283]].
[[1,5,15,20,21,23,29,30,33,36,38,43,44,46,47,50,51,52,57,60,62,64,65,73,75,76,79,80,84,89,94,96,101,103,105,108,109,112,113,118,124,125,126,131,132,136,137,148,149,153,157,158,165,166,167,171,179,182,185,187,190,194,195,199,202,208,210,213,217,221,223,231,235,238,241,242,246,247,248,249,251,252,253,258,260,261,263,264,268,270,271,274,280,281,282,285,288,289,292,294,295,296,298],[2,3,4,6,7,19,22,26,31,34,42,45,53,55,58,63,66,67,68,69,71,77,81,83,86,87,88,90,91,97,98,100,102,104,107,110,111,116,119,127,129,130,134,139,143,146,147,151,154,156,163,172,173,175,177,184,193,196,200,209,212,216,218,224,228,229,233,237,239,240,245,267,269,278,286,297,300],[8,9,10,11,12,17,18,25,27,37,39,40,41,48,54,56,59,61,70,74,82,99,114,115,117,121,122,128,133,135,138,140,142,144,152,159,161,162,164,168,169,170,174,178,181,183,189,191,192,197,201,207,214,215,220,225,226,227,232,234,236,243,244,255,257,259,265,266,273,275,277,284,287,290,291,293,299]].
[[8,9,10,11,12,17,18,25,27,37,39,40,41,48,54,56,59,61,70,74,82,99,114,115,117,121,122,128,133,135,138,140,142,144,152,159,161,162,164,168,169,170,174,178,181,183,189,191,192,197,201,207,214,215,220,225,226,227,232,234,236,243,244,255,257,259,265,266,273,275,277,284,287,290,291,293,299],[13,14,16,24,28,32,35,49,72,78,85,92,93,95,106,120,123,141,145,150,155,160,176,180,186,188,198,203,204,205,206,211,219,222,230,250,254,256,262,272,276,279,283],[1,5,15,20,21,23,29,30,33,36,38,43,44,46,47,50,51,52,57,60,62,64,65,73,75,76,79,80,84,89,94,96,101,103,105,108,109,112,113,118,124,125,126,131,132,136,137,148,149,153,157,158,165,166,167,171,179,182,185,187,190,194,195,199,202,208,210,213,217,221,223,231,235,238,241,242,246,247,248,249,251,252,253,258,260,261,263,264,268,270,271,274,280,281,282,285,288,289,292,294,295,296,298]].
[[2,3,4,6,7,19,22,26,31,34,42,45,53,55,58,63,66,67,68,69,71,77,81,83,86,87,88,90,91,97,98,100,102,104,107,110,111,116,119,127,129,130,134,139,143,146,147,151,154,156,163,172,173,175,177,184,193,196,200,209,212,216,218,224,228,229,233,237,239,240,245,267,269,278,286,297,300],[1,5,15,20,21,23,29,30,33,36,38,43,44,46,47,50,51,52,57,60,62,64,65,73,75,76,79,80,84,89,94,96,101,103,105,108,109,112,113,118,124,125,126,131,132,136,137,148,149,153,157,158,165,166,167,171,179,182,185,187,190,194,195,199,202,208,210,213,217,221,223,231,235,238,241,242,246,247,248,249,251,252,253,258,260,261,263,264,268,270,271,274,280,281,282,285,288,289,292,294,295,296,298],[13,14,16,24,28,32,35,49,72,78,85,92,93,95,106,120,123,141,145,150,155,160,176,180,186,188,198,203,204,205,206,211,219,222,230,250,254,256,262,272,276,279,283]].
[[8,9,10,11,12,17,18,25,27,37,39,40,41,48,54,56,59,61,70,74,82,99,114,115,117,121,122,128,133,135,138,140,142,144,152,159,161,162,164,168,169,170,174,178,181,183,189,191,192,197,201,207,214,215,220,225,226,227,232,234,236,243,244,255,257,259,265,266,273,275,277,284,287,290,291,293,299],[13,14,16,24,28,32,35,49,72,78,85,92,93,95,106,120,123,141,145,150,155,160,176,180,186,188,198,203,204,205,206,211,219,222,230,250,254,256,262,272,276,279,283],[1,5,15,20,21,23,29,30,33,36,38,43,44,46,47,50,51,52,57,60,62,64,65,73,75,76,79,80,84,89,94,96,101,103,105,108,109,112,113,118,124,125,126,131,132,136,137,148,149,153,157,158,165,166,167,171,179,182,185,187,190,194,195,199,202,208,210,213,217,221,223,231,235,238,241,242,246,247,248,249,251,252,253,258,260,261,263,264,268,270,271,274,280,281,282,285,288,289,292,294,295,296,298]].
[[1,5,15,20,21,23,29,30,33,36,38,43,44,46,47,50,51,52,57,60,62,64,65,73,75,76,79,80,84,89,94,96,101,103,105,108,109,112,113,118,124,125,126,131,132,136,137,148,149,153,157,158,165,166,167,171,179,182,185,187,190,194,195,199,202,208,210,213,217,221,223,231,235,238,241,242,246,247,248,249,251,252,253,258,260,261,263,264,268,270,271,274,280,281,282,285,288,289,292,294,295,296,298],[2,3,4,6,7,19,22,26,31,34,42,45,53,55,58,63,66,67,68,69,71,77,81,83,86,87,88,90,91,97,98,100,102,104,107,110,111,116,119,127,129,130,134,139,143,146,147,151,154,156,163,172,173,175,177,184,193,196,200,209,212,216,218,224,228,229,233,237,239,240,245,267,269,278,286,297,300],[8,9,10,11,12,17,18,25,27,37,39,40,41,48,54,56,59,61,70,74,82,99,114,115,117,121,122,128,133,135,138,140,142,144,152,159,161,162,164,168,169,170,174,178,181,183,189,191,192,197,201,207,214,215,220,225,226,227,232,234,236,243,244,255,257,259,265,266,273,275,277,284,287,290,291,293,299]].
[[13,14,16,24,28,32,35,49,72,78,85,92,93,95,106,120,123,141,145,150,155,160,176,180,186,188,198,203,204,205,206,211,219,222,230,250,254,256,262,272,276,279,283],[8,9,10,11,12,17,18,25,27,37,39,40,41,48,54,56,59,61,70,74,82,99,114,115,117,121,122,128,133,135,138,140,142,144,152,159,161,162,164,168,169,170,174,178,181,183,189,191,192,197,201,207,214,215,220,225,226,227,232,234,236,243,244,255,257,259,265,266,273,275,277,284,287,290,291,293,299],[2,3,4,6,7,19,22,26,31,34,42,45,53,55,58,63,66,67,68,69,71,77,81,83,86,87,88,90,91,97,98,100,102,104,107,110,111,116,119,127,129,130,134,139,143,146,147,151,154,156,163,172,173,175,177,184,193,196,200,209,212,216,218,224,228,229,233,237,239,240,245,267,269,278,286,297,300]].
[[2,3,4,6,7,19,22,26,31,34,42,45,53,55,58,63,66,67,68,69,71,77,81,83,86,87,88,90,91,97,98,100,102,104,107,110,111,116,119,127,129,130,134,139,143,146,147,151,154,156,163,172,173,175,177,184,193,196,200,209,212,216,218,224,228,229,233,237,239,240,245,267,269,278,286,297,300],[1,5,15,20,21,23,29,30,33,36,38,43,44,46,47,50,51,52,57,60,62,64,65,73,75,76,79,80,84,89,94,96,101,103,105,108,109,112,113,118,124,125,126,131,132,136,137,148,149,153,157,158,165,166,167,171,179,182,185,187,190,194,195,199,202,208,210,213,217,221,223,231,235,238,241,242,246,247,248,249,251,252,253,258,260,261,263,264,268,270,271,274,280,281,282,285,288,289,292,294,295,296,298],[13,14,16,24,28,32,35,49,72,78,85,92,93,95,106,120,123,141,145,150,155,160,176,180,186,188,198,203,204,205,206,211,219,222,230,250,254,256,262,272,276,279,283]].
[[2,3,4,6,7,19,22,26,31,34,42,45,53,55,58,63,66,67,68,69,71,77,81,83,86,87,88,90,91,97,98,100,102,104,107,110,111,116,119,127,129,130,134,139,143,146,147,151,154,156,163,172,173,175,177,184,193,196,200,209,212,216,218,224,228,229,233,237,239,240,245,267,269,278,286,297,300],[1,5,15,20,21,23,29,30,33,36,38,43,44,46,47,50,51,52,57,60,62,64,65,73,75,76,79,80,84,89,94,96,101,103,105,108,109,112,113,118,124,125,126,131,132,136,137,148,149,153,157,158,165,166,167,171,179,182,185,187,190,194,195,199,202,208,210,213,217,221,223,231,235,238,241,242,246,247,248,249,251,252,253,258,260,261,263,264,268,270,271,274,280,281,282,285,288,289,292,294,295,296,298],[13,14,16,24,28,32,35,49,72,78,85,92,93,95,106,120,123,141,145,150,155,160,176,180,186,188,198,203,204,205,206,211,219,222,230,250,254,256,262,272,276,279,283]].
[[1,5,15,20,21,23,29,30,33,36,38,43,44,46,47,50,51,52,57,60,62,64,65,73,75,76,79,80,84,89,94,96,101,103,105,108,109,112,113,118,124,125,126,131,132,136,137,148,149,153,157,158,165,166,167,171,179,182,185,187,190,194,195,199,202,208,210,213,217,221,223,231,235,238,241,242,246,247,248,249,251,252,253,258,260,261,263,264,268,270,271,274,280,281,282,285,288,289,292,294,295,296,298],[2,3,4,6,7,19,22,26,31,34,42,45,53,55,58,63,66,67,68,69,71,77,81,83,86,87,88,90,91,97,98,100,102,104,107,110,111,116,119,127,129,130,134,139,143,146,147,151,154,156,163,172,173,175,177,184,193,196,200,209,212,216,218,224,228,229,233,237,239,240,245,267,269,278,286,297,300],[8,9,10,11,12,17,18,25,27,37,39,40,41,48,54,56,59,61,70,74,82,99,114,115,117,121,122,128,133,135,138,140,142,144,152,159,161,162,164,168,169,170,174,178,181,183,189,191,192,197,201,207,214,215,220,225,226,227,232,234,236,243,244,255,257,259,265,266,273,275,277,284,287,290,291,293,299]].
[[13,14,16,24,28,32,35,49,72,78,85,92,93,95,106,120,123,141,145,150,155,160,176,180,186,188,198,203,204,205,206,211,219,222,230,250,254,256,262,272,276,279,283],[8,9,10,11,12,17,18,25,27,37,39,40,41,48,54,56,59,61,70,74,82,99,114,115,117,121,122,128,133,135,138,140,142,144,152,159,161,162,164,168,169,170,174,178,181,183,189,191,192,197,201,207,214,215,220,225,226,227,232,234,236,243,244,255,257,259,265,266,273,275,277,284,287,290,291,293,299],[2,3,4,6,7,19,22,26,31,34,42,45,53,55,58,63,66,67,68,69,71,77,81,83,86,87,88,90,91,97,98,100,102,104,107,110,111,116,119,127,129,130,134,139,143,146,147,151,154,156,163,172,173,175,177,184,193,196,200,209,212,216,218,224,228,229,233,237,239,240,245,267,269,278,286,297,300]].
[[1,5,15,20,21,23,29,30,33,36,38,43,44,46,47,50,51,52,57,60,62,64,65,73,75,76,79,80,84,89,94,96,101,103,105,108,109,112,113,118,124,125,126,131,132,136,137,148,149,153,157,158,165,166,167,171,179,182,185,187,190,194,195,199,202,208,210,213,217,221,223,231,235,238,241,242,246,247,248,249,251,252,253,258,260,261,263,264,268,270,271,274,280,281,282,285,288,289,292,294,295,296,298],[2,3,4,6,7,19,22,26,31,34,42,45,53,55,58,63,66,67,68,69,71,77,81,83,86,87,88,90,91,97,98,100,102,104,107,110,111,116,119,127,129,130,134,139,143,146,147,151,154,156,163,172,173,175,177,184,193,196,200,209,212,216,218,224,228,229,233,237,239,240,245,267,269,278,286,297,300],[8,9,10,11,12,17,18,25,27,37,39,40,41,48,54,56,59,61,70,74,82,99,114,115,117,121,122,128,133,135,138,140,142,144,152,159,161,162,164,168,169,170,174,178,181,183,189,191,192,197,201,207,214,215,220,225,226,227,232,234,236,243,244,255,257,259,265,266,273,275,277,284,287,290,291,293,299]].
[[1,5,15,20,21,23,29,30,33,36,38,43,44,46,47,50,51,52,57,60,62,64,65,73,75,76,79,80,84,89,94,96,101,103,105,108,109,112,113,118,124,125,126,131,132,136,137,148,149,153,157,158,165,166,167,171,179,182,185,187,190,194,195,199,202,208,210,213,217,221,223,231,235,238,241,242,246,247,248,249,251,252,253,258,260,261,263,264,268,270,271,274,280,281,282,285,288,289,292,294,295,296,298],[2,3,4,6,7,19,22,26,31,34,42,45,53,55,58,63,66,67,68,69,71,77,81,83,86,87,88,90,91,97,98,100,102,104,107,110,111,116,119,127,129,130,134,139,143,146,147,151,154,156,163,172,173,175,177,184,193,196,200,209,212,216,218,224,228,229,233,237,239,240,245,267,269,278,286,297,300],[8,9,10,11,12,17,18,25,27,37,39,40,41,48,54,56,59,61,70,74,82,99,114,115,117,121,122,128,133,135,138,140,142,144,152,159,161,162,164,168,169,170,174,178,181,183,189,191,192,197,201,207,214,215,220,225,226,227,232,234,236,243,244,255,257,259,265,266,273,275,277,284,287,290,291,293,299]].
[[8,9,10,11,12,17,18,25,27,37,39,40,41,48,54,56,59,61,70,74,82,99,114,115,117,121,122,128,133,135,138,140,142,144,152,159,161,162,164,168,169,170,174,178,181,183,189,191,192,197,201,207,214,215,220,225,226,227,232,234,236,243,244,255,257,259,265,266,273,275,277,284,287,290,291,293,299],[13,14,16,24,28,32,35,49,72,78,85,92,93,95,106,120,123,141,145,150,155,160,176,180,186,188,198,203,204,205,206,211,219,222,230,250,254,256,262,272,276,279,283],[1,5,15,20,21,23,29,30,33,36,38,43,44,46,47,50,51,52,57,60,62,64,65,73,75,76,79,80,84,89,94,96,101,103,105,108,109,112,113,118,124,125,126,131,132,136,137,148,149,153,157,158,165,166,167,171,179,182,185,187,190,194,195,199,202,208,210,213,217,221,223,231,235,238,241,242,246,247,248,249,251,252,253,258,260,261,263,264,268,270,271,274,280,281,282,285,288,289,292,294,295,296,298]].
[[8,9,10,11,12,17,18,25,27,37,39,40,41,48,54,56,59,61,70,74,82,99,114,115,117,121,122,128,133,135,138,140,142,144,152,159,161,162,164,168,169,170,174,178,181,183,189,191,192,197,201,207,214,215,220,225,226,227,232,234,236,243,244,255,257,259,265,266,273,275,277,284,287,290,291,293,299],[13,14,16,24,28,32,35,49,72,78,85,92,93,95,106,120,123,141,145,150,155,160,176,180,186,188,198,203,204,205,206,211,219,222,230,250,254,256,262,272,276,279,283],[1,5,15,20,21,23,29,30,33,36,38,43,44,46,47,50,51,52,57,60,62,64,65,73,75,76,79,80,84,89,94,96,101,103,105,108,109,112,113,118,124,125,126,131,132,136,137,148,149,153,157,158,165,166,167,171,179,182,185,187,190,194,195,199,202,208,210,213,217,221,223,231,235,238,241,242,246,247,248,249,251,252,253,258,260,261,263,264,268,270,271,274,280,281,282,285,288,289,292,294,295,296,298]].
[[13,14,16,24,28,32,35,49,72,78,85,92,93,95,106,120,123,141,145,150,155,160,176,180,186,188,198,203,204,205,206,211,219,222,230,250,254,256,262,272,276,279,283],[8,9,10,11,12,17,18,25,27,37,39,40,41,48,54,56,59,61,70,74,82,99,114,115,117,121,122,128,133,135,138,140,142,144,152,159,161,162,164,168,169,170,174,178,181,183,189,191,192,197,201,207,214,215,220,225,226,227,232,234,236,243,244,255,257,259,265,266,273,275,277,284,287,290,291,293,299],[2,3,4,6,7,19,22,26,31,34,42,45,53,55,58,63,66,67,68,69,71,77,81,83,86,87,88,90,91,97,98,100,102,104,107,110,111,116,119,127,129,130,134,139,143,146,147,151,154,156,163,172,173,175,177,184,193,196,200,209,212,216,218,224,228,229,233,237,239,240,245,267,269,278,286,297,300]].
[[2,3,4,6,7,19,22,26,31,34,42,45,53,55,58,63,66,67,68,69,71,77,81,83,86,87,88,90,91,97,98,100,102,104,107,110,111,116,119,127,129,130,134,139,143,146,147,151,154,156,163,172,173,175,177,184,193,196,200,209,212,216,218,224,228,229,233,237,239,240,245,267,269,278,286,297,300],[1,5,15,20,21,23,29,30,33,36,38,43,44,46,47,50,51,52,57,60,62,64,65,73,75,76,79,80,84,89,94,96,101,103,105,108,109,112,113,118,124,125,126,131,132,136,137,148,149,153,157,158,165,166,167,171,179,182,185,187,190,194,195,199,202,208,210,213,217,221,223,231,235,238,241,242,246,247,248,249,251,252,253,258,260,261,263,264,268,270,271,274,280,281,282,285,288,289,292,294,295,296,298],[13,14,16,24,28,32,35,49,72,78,85,92,93,95,106,120,123,141,145,150,155,160,176,180,186,188,198,203,204,205,206,211,219,222,230,250,254,256,262,272,276,279,283]].
[[2,3,4,6,7,19,22,26,31,34,42,45,53,55,58,63,66,67,68,69,71,77,81,83,86,87,88,90,91,97,98,100,102,104,107,110,111,116,119,127,129,130,134,139,143,146,147,151,154,156,163,172,173,175,177,184,193,196,200,209,212,216,218,224,228,229,233,237,239,240,245,267,269,278,286,297,300],[1,5,15,20,21,23,29,30,33,36,38,43,44,46,47,50,51,52,57,60,62,64,65,73,75,76,79,80,84,89,94,96,101,103,105,108,109,112,113,118,124,125,126,131,132,136,137,148,149,153,157,158,165,166,167,171,179,182,185,187,190,194,195,199,202,208,210,213,217,221,223,231,235,238,241,242,246,247,248,249,251,252,253,258,260,261,263,264,268,270,271,274,280,281,282,285,288,289,292,294,295,296,298],[13,14,16,24,28,32,35,49,72,78,85,92,93,95,106,120,123,141,145,150,155,160,176,180,186,188,198,203,204,205,206,211,219,222,230,250,254,256,262,272,276,279,283]].
[[13,14,16,24,28,32,35,49,72,78,85,92,93,95,106,120,123,141,145,150,155,160,176,180,186,188,198,203,204,205,206,211,219,222,230,250,254,256,262,272,276,279,283],[8,9,10,11,12,17,18,25,27,37,39,40,41,48,54,56,59,61,70,74,82,99,114,115,117,121,122,128,133,135,138,140,142,144,152,159,161,162,164,168,169,170,174,178,181,183,189,191,192,197,201,207,214,215,220,225,226,227,232,234,236,243,244,255,257,259,265,266,273,275,277,284,287,290,291,293,299],[2,3,4,6,7,19,22,26,31,34,42,45,53,55,58,63,66,67,68,69,71,77,81,83,86,87,88,90,91,97,98,100,102,104,107,110,111,116,119,127,129,130,134,139,143,146,147,151,154,156,163,172,173,175,177,184,193,196,200,209,212,216,218,224,228,229,233,237,239,240,245,267,269,278,286,297,300]].
[[8,9,10,11,12,17,18,25,27,37,39,40,41,48,54,56,59,61,70,74,82,99,114,115,117,121,122,128,133,135,138,140,142,144,152,159,161,162,164,168,169,170,174,178,181,183,189,191,192,197,201,207,214,215,220,225,226,227,232,234,236,243,244,255,257,259,265,266,273,275,277,284,287,290,291,293,299],[13,14,16,24,28,32,35,49,72,78,85,92,93,95,106,120,123,141,145,150,155,160,176,180,186,188,198,203,204,205,206,211,219,222,230,250,254,256,262,272,276,279,283],[1,5,15,20,21,23,29,30,33,36,38,43,44,46,47,50,51,52,57,60,62,64,65,73,75,76,79,80,84,89,94,96,101,103,105,108,109,112,113,118,124,125,126,131,132,136,137,148,149,153,157,158,165,166,167,171,179,182,185,187,190,194,195,199,202,208,210,213,217,221,223,231,235,238,241,242,246,247,248,249,251,252,253,258,260,261,263,264,268,270,271,274,280,281,282,285,288,289,292,294,295,296,298]].
[[13,14,16,24,28,32,35,49,72,78,85,92,93,95,106,120,123,141,145,150,155,160,176,180,186,188,198,203,204,205,206,211,219,222,230,250,254,256,262,272,276,279,283],[8,9,10,11,12,17,18,25,27,37,39,40,41,48,54,56,59,61,70,74,82,99,114,115,117,121,122,128,133,135,138,140,142,144,152,159,161,162,164,168,169,170,174,178,181,183,189,191,192,197,201,207,214,215,220,225,226,227,232,234,236,243,244,255,257,259,265,266,273,275,277,284,287,290,291,293,299],[2,3,4,6,7,19,22,26,31,34,42,45,53,55,58,63,66,67,68,69,71,77,81,83,86,87,88,90,91,97,98,100,102,104,107,110,111,116,119,127,129,130,134,139,143,146,147,151,154,156,163,172,173,175,177,184,193,196,200,209,212,216,218,224,228,229,233,237,239,240,245,267,269,278,286,297,300]].
[[1,5,15,20,21,23,29,30,33,36,38,43,44,46,47,50,51,52,57,60,62,64,65,73,75,76,79,80,84,89,94,96,101,103,105,108,109,112,113,118,124,125,126,131,132,136,137,148,149,153,157,158,165,166,167,171,179,182,185,187,190,194,195,199,202,208,210,213,217,221,223,231,235,238,241,242,246,247,248,249,251,252,253,258,260,261,263,264,268,270,271,274,280,281,282,285,288,289,292,294,295,296,298],[2,3,4,6,7,19,22,26,31,34,42,45,53,55,58,63,66,67,68,69,71,77,81,83,86,87,88,90,91,97,98,100,102,104,107,110,111,116,119,127,129,130,134,139,143,146,147,151,154,156,163,172,173,175,177,184,193,196,200,209,212,216,218,224,228,229,233,237,239,240,245,267,269,278,286,297,300],[8,9,10,11,12,17,18,25,27,37,39,40,41,48,54,56,59,61,70,74,82,99,114,115,117,121,122,128,133,135,138,140,142,144,152,159,161,162,164,168,169,170,174,178,181,183,189,191,192,197,201,207,214,215,220,225,226,227,232,234,236,243,244,255,257,259,265,266,273,275,277,284,287,290,291,293,299]].
[[1,5,15,20,21,23,29,30,33,36,38,43,44,46,47,50,51,52,57,60,62,64,65,73,75,76,79,80,84,89,94,96,101,103,105,108,109,112,113,118,124,125,126,131,132,136,137,148,149,153,157,158,165,166,167,171,179,182,185,187,190,194,195,199,202,208,210,213,217,221,223,231,235,238,241,242,246,247,248,249,251,252,253,258,260,261,263,264,268,270,271,274,280,281,282,285,288,289,292,294,295,296,298],[2,3,4,6,7,19,22,26,31,34,42,45,53,55,58,63,66,67,68,69,71,77,81,83,86,87,88,90,91,97,98,100,102,104,107,110,111,116,119,127,129,130,134,139,143,146,147,151,154,156,163,172,173,175,177,184,193,196,200,209,212,216,218,224,228,229,233,237,239,240,245,267,269,278,286,297,300],[8,9,10,11,12,17,18,25,27,37,39,40,41,48,54,56,59,61,70,74,82,99,114,115,117,121,122,128,133,135,138,140,142,144,152,159,161,162,164,168,169,170,174,178,181,183,189,191,192,197,201,207,214,215,220,225,226,227,232,234,236,243,244,255,257,259,265,266,273,275,277,284,287,290,291,293,299]].
[[1,5,15,20,21,23,29,30,33,36,38,43,44,46,47,50,51,52,57,60,62,64,65,73,75,76,79,80,84,89,94,96,101,103,105,108,109,112,113,118,124,125,126,131,132,136,137,148,149,153,157,158,165,166,167,171,179,182,185,187,190,194,195,199,202,208,210,213,217,221,223,231,235,238,241,242,246,247,248,249,251,252,253,258,260,261,263,264,268,270,271,274,280,281,282,285,288,289,292,294,295,296,298],[2,3,4,6,7,19,22,26,31,34,42,45,53,55,58,63,66,67,68,69,71,77,81,83,86,87,88,90,91,97,98,100,102,104,107,110,111,116,119,127,129,130,134,139,143,146,147,151,154,156,163,172,173,175,177,184,193,196,200,209,212,216,218,224,228,229,233,237,239,240,245,267,269,278,286,297,300],[8,9,10,11,12,17,18,25,27,37,39,40,41,48,54,56,59,61,70,74,82,99,114,115,117,121,122,128,133,135,138,140,142,144,152,159,161,162,164,168,169,170,174,178,181,183,189,191,192,197,201,207,214,215,220,225,226,227,232,234,236,243,244,255,257,259,265,266,273,275,277,284,287,290,291,293,299]].
[[2,3,4,6,7,19,22,26,31,34,42,45,53,55,58,63,66,67,68,69,71,77,81,83,86,87,88,90,91,97,98,100,102,104,107,110,111,116,119,127,129,130,134,139,143,146,147,151,154,156,163,172,173,175,177,184,193,196,200,209,212,216,218,224,228,229,233,237,239,240,245,267,269,278,286,297,300],[1,5,15,20,21,23,29,30,33,36,38,43,44,46,47,50,51,52,57,60,62,64,65,73,75,76,79,80,84,89,94,96,101,103,105,108,109,112,113,118,124,125,126,131,132,136,137,148,149,153,157,158,165,166,167,171,179,182,185,187,190,194,195,199,202,208,210,213,217,221,223,231,235,238,241,242,246,247,248,249,251,252,253,258,260,261,263,264,268,270,271,274,280,281,282,285,288,289,292,294,295,296,298],[13,14,16,24,28,32,35,49,72,78,85,92,93,95,106,120,123,141,145,150,155,160,176,180,186,188,198,203,204,205,206,211,219,222,230,250,254,256,262,272,276,279,283]].
[[2,3,4,6,7,19,22,26,31,34,42,45,53,55,58,63,66,67,68,69,71,77,81,83,86,87,88,90,91,97,98,100,102,104,107,110,111,116,119,127,129,130,134,139,143,146,147,151,154,156,163,172,173,175,177,184,193,196,200,209,212,216,218,224,228,229,233,237,239,240,245,267,269,278,286,297,300],[1,5,15,20,21,23,29,30,33,36,38,43,44,46,47,50,51,52,57,60,62,64,65,73,75,76,79,80,84,89,94,96,101,103,105,108,109,112,113,118,124,125,126,131,132,136,137,148,149,153,157,158,165,166,167,171,179,182,185,187,190,194,195,199,202,208,210,213,217,221,223,231,235,238,241,242,246,247,248,249,251,252,253,258,260,261,263,264,268,270,271,274,280,281,282,285,288,289,292,294,295,296,298],[13,14,16,24,28,32,35,49,72,78,85,92,93,95,106,120,123,141,145,150,155,160,176,180,186,188,198,203,204,205,206,211,219,222,230,250,254,256,262,272,276,279,283]].
[[13,14,16,24,28,32,35,49,72,78,85,92,93,95,106,120,123,141,145,150,155,160,176,180,186,188,198,203,204,205,206,211,219,222,230,250,254,256,262,272,276,279,283],[8,9,10,11,12,17,18,25,27,37,39,40,41,48,54,56,59,61,70,74,82,99,114,115,117,121,122,128,133,135,138,140,142,144,152,159,161,162,164,168,169,170,174,178,181,183,189,191,192,197,201,207,214,215,220,225,226,227,232,234,236,243,244,255,257,259,265,266,273,275,277,284,287,290,291,293,299],[2,3,4,6,7,19,22,26,31,34,42,45,53,55,58,63,66,67,68,69,71,77,81,83,86,87,88,90,91,97,98,100,102,104,107,110,111,116,119,127,129,130,134,139,143,146,147,151,154,156,163,172,173,175,177,184,193,196,200,209,212,216,218,224,228,229,233,237,239,240,245,267,269,278,286,297,300]].
[[8,9,10,11,12,17,18,25,27,37,39,40,41,48,54,56,59,61,70,74,82,99,114,115,117,121,122,128,133,135,138,140,142,144,152,159,161,162,164,168,169,170,174,178,181,183,189,191,192,197,201,207,214,215,220,225,226,227,232,234,236,243,244,255,257,259,265,266,273,275,277,284,287,290,291,293,299],[13,14,16,24,28,32,35,49,72,78,85,92,93,95,106,120,123,141,145,150,155,160,176,180,186,188,198,203,204,205,206,211,219,222,230,250,254,256,262,272,276,279,283],[1,5,15,20,21,23,29,30,33,36,38,43,44,46,47,50,51,52,57,60,62,64,65,73,75,76,79,80,84,89,94,96,101,103,105,108,109,112,113,118,124,125,126,131,132,136,137,148,149,153,157,158,165,166,167,171,179,182,185,187,190,194,195,199,202,208,210,213,217,221,223,231,235,238,241,242,246,247,248,249,251,252,253,258,260,261,263,264,268,270,271,274,280,281,282,285,288,289,292,294,295,296,298]].
[[2,3,4,6,7,19,22,26,31,34,42,45,53,55,58,63,66,67,68,69,71,77,81,83,86,87,88,90,91,97,98,100,102,104,107,110,111,116,119,127,129,130,134,139,143,146,147,151,154,156,163,172,173,175,177,184,193,196,200,209,212,216,218,224,228,229,233,237,239,240,245,267,269,278,286,297,300],[1,5,15,20,21,23,29,30,33,36,38,43,44,46,47,50,51,52,57,60,62,64,65,73,75,76,79,80,84,89,94,96,101,103,105,108,109,112,113,118,124,125,126,131,132,136,137,148,149,153,157,158,165,166,167,171,179,182,185,187,190,194,195,199,202,208,210,213,217,221,223,231,235,238,241,242,246,247,248,249,251,252,253,258,260,261,263,264,268,270,271,274,280,281,282,285,288,289,292,294,295,296,298],[13,14,16,24,28,32,35,49,72,78,85,92,93,95,106,120,123,141,145,150,155,160,176,180,186,188,198,203,204,205,206,211,219,222,230,250,254,256,262,272,276,279,283]].
[[8,9,10,11,12,17,18,25,27,37,39,40,41,48,54,56,59,61,70,74,82,99,114,115,117,121,122,128,133,135,138,140,142,144,152,159,161,162,164,168,169,170,174,178,181,183,189,191,192,197,201,207,214,215,220,225,226,227,232,234,236,243,244,255,257,259,265,266,273,275,277,284,287,290,291,293,299],[13,14,16,24,28,32,35,49,72,78,85,92,93,95,106,120,123,141,145,150,155,160,176,180,186,188,198,203,204,205,206,211,219,222,230,250,254,256,262,272,276,279,283],[1,5,15,20,21,23,29,30,33,36,38,43,44,46,47,50,51,52,57,60,62,64,65,73,75,76,79,80,84,89,94,96,101,103,105,108,109,112,113,118,124,125,126,131,132,136,137,148,149,153,157,158,165,166,167,171,179,182,185,187,190,194,195,199,202,208,210,213,217,221,223,231,235,238,241,242,246,247,248,249,251,252,253,258,260,261,263,264,268,270,271,274,280,281,282,285,288,289,292,294,295,296,298]].
[[2,3,4,6,7,19,22,26,31,34,42,45,53,55,58,63,66,67,68,69,71,77,81,83,86,87,88,90,91,97,98,100,102,104,107,110,111,116,119,127,129,130,134,139,143,146,147,151,154,156,163,172,173,175,177,184,193,196,200,209,212,216,218,224,228,229,233,237,239,240,245,267,269,278,286,297,300],[1,5,15,20,21,23,29,30,33,36,38,43,44,46,47,50,51,52,57,60,62,64,65,73,75,76,79,80,84,89,94,96,101,103,105,108,109,112,113,118,124,125,126,131,132,136,137,148,149,153,157,158,165,166,167,171,179,182,185,187,190,194,195,199,202,208,210,213,217,221,223,231,235,238,241,242,246,247,248,249,251,252,253,258,260,261,263,264,268,270,271,274,280,281,282,285,288,289,292,294,295,296,298],[13,14,16,24,28,32,35,49,72,78,85,92,93,95,106,120,123,141,145,150,155,160,176,180,186,188,198,203,204,205,206,211,219,222,230,250,254,256,262,272,276,279,283]].
[[1,5,15,20,21,23,29,30,33,36,38,43,44,46,47,50,51,52,57,60,62,64,65,73,75,76,79,80,84,89,94,96,101,103,105,108,109,112,113,118,124,125,126,131,132,136,137,148,149,153,157,158,165,166,167,171,179,182,185,187,190,194,195,199,202,208,210,213,217,221,223,231,235,238,241,242,246,247,248,249,251,252,253,258,260,261,263,264,268,270,271,274,280,281,282,285,288,289,292,294,295,296,298],[2,3,4,6,7,19,22,26,31,34,42,45,53,55,58,63,66,67,68,69,71,77,81,83,86,87,88,90,91,97,98,100,102,104,107,110,111,116,119,127,129,130,134,139,143,146,147,151,154,156,163,172,173,175,177,184,193,196,200,209,212,216,218,224,228,229,233,237,239,240,245,267,269,278,286,297,300],[8,9,10,11,12,17,18,25,27,37,39,40,41,48,54,56,59,61,70,74,82,99,114,115,117,121,122,128,133,135,138,140,142,144,152,159,161,162,164,168,169,170,174,178,181,183,189,191,192,197,201,207,214,215,220,225,226,227,232,234,236,243,244,255,257,259,265,266,273,275,277,284,287,290,291,293,299]].
[[13,14,16,24,28,32,35,49,72,78,85,92,93,95,106,120,123,141,145,150,155,160,176,180,186,188,198,203,204,205,206,211,219,222,230,250,254,256,262,272,276,279,283],[8,9,10,11,12,17,18,25,27,37,39,40,41,48,54,56,59,61,70,74,82,99,114,115,117,121,122,128,133,135,138,140,142,144,152,159,161,162,164,168,169,170,174,178,181,183,189,191,192,197,201,207,214,215,220,225,226,227,232,234,236,243,244,255,257,259,265,266,273,275,277,284,287,290,291,293,299],[2,3,4,6,7,19,22,26,31,34,42,45,53,55,58,63,66,67,68,69,71,77,81,83,86,87,88,90,91,97,98,100,102,104,107,110,111,116,119,127,129,130,134,139,143,146,147,151,154,156,163,172,173,175,177,184,193,196,200,209,212,216,218,224,228,229,233,237,239,240,245,267,269,278,286,297,300]].
[[1,5,15,20,21,23,29,30,33,36,38,43,44,46,47,50,51,52,57,60,62,64,65,73,75,76,79,80,84,89,94,96,101,103,105,108,109,112,113,118,124,125,126,131,132,136,137,148,149,153,157,158,165,166,167,171,179,182,185,187,190,194,195,199,202,208,210,213,217,221,223,231,235,238,241,242,246,247,248,249,251,252,253,258,260,261,263,264,268,270,271,274,280,281,282,285,288,289,292,294,295,296,298],[2,3,4,6,7,19,22,26,31,34,42,45,53,55,58,63,66,67,68,69,71,77,81,83,86,87,88,90,91,97,98,100,102,104,107,110,111,116,119,127,129,130,134,139,143,146,147,151,154,156,163,172,173,175,177,184,193,196,200,209,212,216,218,224,228,229,233,237,239,240,245,267,269,278,286,297,300],[8,9,10,11,12,17,18,25,27,37,39,40,41,48,54,56,59,61,70,74,82,99,114,115,117,121,122,128,133,135,138,140,142,144,152,159,161,162,164,168,169,170,174,178,181,183,189,191,192,197,201,207,214,215,220,225,226,227,232,234,236,243,244,255,257,259,265,266,273,275,277,284,287,290,291,293,299]].
[[2,3,4,6,7,19,22,26,31,34,42,45,53,55,58,63,66,67,68,69,71,77,81,83,86,87,88,90,91,97,98,100,102,104,107,110,111,116,119,127,129,130,134,139,143,146,147,151,154,156,163,172,173,175,177,184,193,196,200,209,212,216,218,224,228,229,233,237,239,240,245,267,269,278,286,297,300],[1,5,15,20,21,23,29,30,33,36,38,43,44,46,47,50,51,52,57,60,62,64,65,73,75,76,79,80,84,89,94,96,101,103,105,108,109,112,113,118,124,125,126,131,132,136,137,148,149,153,157,158,165,166,167,171,179,182,185,187,190,194,195,199,202,208,210,213,217,221,223,231,235,238,241,242,246,247,248,249,251,252,253,258,260,261,263,264,268,270,271,274,280,281,282,285,288,289,292,294,295,296,298],[13,14,16,24,28,32,35,49,72,78,85,92,93,95,106,120,123,141,145,150,155,160,176,180,186,188,198,203,204,205,206,211,219,222,230,250,254,256,262,272,276,279,283]].
[[13,14,16,24,28,32,35,49,72,78,85,92,93,95,106,120,123,141,145,150,155,160,176,180,186,188,198,203,204,205,206,211,219,222,230,250,254,256,262,272,276,279,283],[8,9,10,11,12,17,18,25,27,37,39,40,41,48,54,56,59,61,70,74,82,99,114,115,117,121,122,128,133,135,138,140,142,144,152,159,161,162,164,168,169,170,174,178,181,183,189,191,192,197,201,207,214,215,220,225,226,227,232,234,236,243,244,255,257,259,265,266,273,275,277,284,287,290,291,293,299],[2,3,4,6,7,19,22,26,31,34,42,45,53,55,58,63,66,67,68,69,71,77,81,83,86,87,88,90,91,97,98,100,102,104,107,110,111,116,119,127,129,130,134,139,143,146,147,151,154,156,163,172,173,175,177,184,193,196,200,209,212,216,218,224,228,229,233,237,239,240,245,267,269,278,286,297,300]].
[[8,9,10,11,12,17,18,25,27,37,39,40,41,48,54,56,59,61,70,74,82,99,114,115,117,121,122,128,133,135,138,140,142,144,152,159,161,162,164,168,169,170,174,178,181,183,189,191,192,197,201,207,214,215,220,225,226,227,232,234,236,243,244,255,257,259,265,266,273,275,277,284,287,290,291,293,299],[13,14,16,24,28,32,35,49,72,78,85,92,93,95,106,120,123,141,145,150,155,160,176,180,186,188,198,203,204,205,206,211,219,222,230,250,254,256,262,272,276,279,283],[1,5,15,20,21,23,29,30,33,36,38,43,44,46,47,50,51,52,57,60,62,64,65,73,75,76,79,80,84,89,94,96,101,103,105,108,109,112,113,118,124,125,126,131,132,136,137,148,149,153,157,158,165,166,167,171,179,182,185,187,190,194,195,199,202,208,210,213,217,221,223,231,235,238,241,242,246,247,248,249,251,252,253,258,260,261,263,264,268,270,271,274,280,281,282,285,288,289,292,294,295,296,298]].
[[2,3,4,6,7,19,22,26,31,34,42,45,53,55,58,63,66,67,68,69,71,77,81,83,86,87,88,90,91,97,98,100,102,104,107,110,111,116,119,127,129,130,134,139,143,146,147,151,154,156,163,172,173,175,177,184,193,196,200,209,212,216,218,224,228,229,233,237,239,240,245,267,269,278,286,297,300],[1,5,15,20,21,23,29,30,33,36,38,43,44,46,47,50,51,52,57,60,62,64,65,73,75,76,79,80,84,89,94,96,101,103,105,108,109,112,113,118,124,125,126,131,132,136,137,148,149,153,157,158,165,166,167,171,179,182,185,187,190,194,195,199,202,208,210,213,217,221,223,231,235,238,241,242,246,247,248,249,251,252,253,258,260,261,263,264,268,270,271,274,280,281,282,285,288,289,292,294,295,296,298],[13,14,16,24,28,32,35,49,72,78,85,92,93,95,106,120,123,141,145,150,155,160,176,180,186,188,198,203,204,205,206,211,219,222,230,250,254,256,262,272,276,279,283]].
[[8,9,10,11,12,17,18,25,27,37,39,40,41,48,54,56,59,61,70,74,82,99,114,115,117,121,122,128,133,135,138,140,142,144,152,159,161,162,164,168,169,170,174,178,181,183,189,191,192,197,201,207,214,215,220,225,226,227,232,234,236,243,244,255,257,259,265,266,273,275,277,284,287,290,291,293,299],[13,14,16,24,28,32,35,49,72,78,85,92,93,95,106,120,123,141,145,150,155,160,176,180,186,188,198,203,204,205,206,211,219,222,230,250,254,256,262,272,276,279,283],[1,5,15,20,21,23,29,30,33,36,38,43,44,46,47,50,51,52,57,60,62,64,65,73,75,76,79,80,84,89,94,96,101,103,105,108,109,112,113,118,124,125,126,131,132,136,137,148,149,153,157,158,165,166,167,171,179,182,185,187,190,194,195,199,202,208,210,213,217,221,223,231,235,238,241,242,246,247,248,249,251,252,253,258,260,261,263,264,268,270,271,274,280,281,282,285,288,289,292,294,295,296,298]].
[[8,9,10,11,12,17,18,25,27,37,39,40,41,48,54,56,59,61,70,74,82,99,114,115,117,121,122,128,133,135,138,140,142,144,152,159,161,162,164,168,169,170,174,178,181,183,189,191,192,197,201,207,214,215,220,225,226,227,232,234,236,243,244,255,257,259,265,266,273,275,277,284,287,290,291,293,299],[13,14,16,24,28,32,35,49,72,78,85,92,93,95,106,120,123,141,145,150,155,160,176,180,186,188,198,203,204,205,206,211,219,222,230,250,254,256,262,272,276,279,283],[1,5,15,20,21,23,29,30,33,36,38,43,44,46,47,50,51,52,57,60,62,64,65,73,75,76,79,80,84,89,94,96,101,103,105,108,109,112,113,118,124,125,126,131,132,136,137,148,149,153,157,158,165,166,167,171,179,182,185,187,190,194,195,199,202,208,210,213,217,221,223,231,235,238,241,242,246,247,248,249,251,252,253,258,260,261,263,264,268,270,271,274,280,281,282,285,288,289,292,294,295,296,298]].
[[2,3,4,6,7,19,22,26,31,34,42,45,53,55,58,63,66,67,68,69,71,77,81,83,86,87,88,90,91,97,98,100,102,104,107,110,111,116,119,127,129,130,134,139,143,146,147,151,154,156,163,172,173,175,177,184,193,196,200,209,212,216,218,224,228,229,233,237,239,240,245,267,269,278,286,297,300],[1,5,15,20,21,23,29,30,33,36,38,43,44,46,47,50,51,52,57,60,62,64,65,73,75,76,79,80,84,89,94,96,101,103,105,108,109,112,113,118,124,125,126,131,132,136,137,148,149,153,157,158,165,166,167,171,179,182,185,187,190,194,195,199,202,208,210,213,217,221,223,231,235,238,241,242,246,247,248,249,251,252,253,258,260,261,263,264,268,270,271,274,280,281,282,285,288,289,292,294,295,296,298],[13,14,16,24,28,32,35,49,72,78,85,92,93,95,106,120,123,141,145,150,155,160,176,180,186,188,198,203,204,205,206,211,219,222,230,250,254,256,262,272,276,279,283]].
[[8,9,10,11,12,17,18,25,27,37,39,40,41,48,54,56,59,61,70,74,82,99,114,115,117,121,122,128,133,135,138,140,142,144,152,159,161,162,164,168,169,170,174,178,181,183,189,191,192,197,201,207,214,215,220,225,226,227,232,234,236,243,244,255,257,259,265,266,273,275,277,284,287,290,291,293,299],[13,14,16,24,28,32,35,49,72,78,85,92,93,95,106,120,123,141,145,150,155,160,176,180,186,188,198,203,204,205,206,211,219,222,230,250,254,256,262,272,276,279,283],[1,5,15,20,21,23,29,30,33,36,38,43,44,46,47,50,51,52,57,60,62,64,65,73,75,76,79,80,84,89,94,96,101,103,105,108,109,112,113,118,124,125,126,131,132,136,137,148,149,153,157,158,165,166,167,171,179,182,185,187,190,194,195,199,202,208,210,213,217,221,223,231,235,238,241,242,246,247,248,249,251,252,253,258,260,261,263,264,268,270,271,274,280,281,282,285,288,289,292,294,295,296,298]].
[[8,9,10,11,12,17,18,25,27,37,39,40,41,48,54,56,59,61,70,74,82,99,114,115,117,121,122,128,133,135,138,140,142,144,152,159,161,162,164,168,169,170,174,178,181,183,189,191,192,197,201,207,214,215,220,225,226,227,232,234,236,243,244,255,257,259,265,266,273,275,277,284,287,290,291,293,299],[13,14,16,24,28,32,35,49,72,78,85,92,93,95,106,120,123,141,145,150,155,160,176,180,186,188,198,203,204,205,206,211,219,222,230,250,254,256,262,272,276,279,283],[1,5,15,20,21,23,29,30,33,36,38,43,44,46,47,50,51,52,57,60,62,64,65,73,75,76,79,80,84,89,94,96,101,103,105,108,109,112,113,118,124,125,126,131,132,136,137,148,149,153,157,158,165,166,167,171,179,182,185,187,190,194,195,199,202,208,210,213,217,221,223,231,235,238,241,242,246,247,248,249,251,252,253,258,260,261,263,264,268,270,271,274,280,281,282,285,288,289,292,294,295,296,298]].
[[1,5,15,20,21,23,29,30,33,36,38,43,44,46,47,50,51,52,57,60,62,64,65,73,75,76,79,80,84,89,94,96,101,103,105,108,109,112,113,118,124,125,126,131,132,136,137,148,149,153,157,158,165,166,167,171,179,182,185,187,190,194,195,199,202,208,210,213,217,221,223,231,235,238,241,242,246,247,248,249,251,252,253,258,260,261,263,264,268,270,271,274,280,281,282,285,288,289,292,294,295,296,298],[2,3,4,6,7,19,22,26,31,34,42,45,53,55,58,63,66,67,68,69,71,77,81,83,86,87,88,90,91,97,98,100,102,104,107,110,111,116,119,127,129,130,134,139,143,146,147,151,154,156,163,172,173,175,177,184,193,196,200,209,212,216,218,224,228,229,233,237,239,240,245,267,269,278,286,297,300],[8,9,10,11,12,17,18,25,27,37,39,40,41,48,54,56,59,61,70,74,82,99,114,115,117,121,122,128,133,135,138,140,142,144,152,159,161,162,164,168,169,170,174,178,181,183,189,191,192,197,201,207,214,215,220,225,226,227,232,234,236,243,244,255,257,259,265,266,273,275,277,284,287,290,291,293,299]].
[[8,9,10,11,12,17,18,25,27,37,39,40,41,48,54,56,59,61,70,74,82,99,114,115,117,121,122,128,133,135,138,140,142,144,152,159,161,162,164,168,169,170,174,178,181,183,189,191,192,197,201,207,214,215,220,225,226,227,232,234,236,243,244,255,257,259,265,266,273,275,277,284,287,290,291,293,299],[13,14,16,24,28,32,35,49,72,78,85,92,93,95,106,120,123,141,145,150,155,160,176,180,186,188,198,203,204,205,206,211,219,222,230,250,254,256,262,272,276,279,283],[1,5,15,20,21,23,29,30,33,36,38,43,44,46,47,50,51,52,57,60,62,64,65,73,75,76,79,80,84,89,94,96,101,103,105,108,109,112,113,118,124,125,126,131,132,136,137,148,149,153,157,158,165,166,167,171,179,182,185,187,190,194,195,199,202,208,210,213,217,221,223,231,235,238,241,242,246,247,248,249,251,252,253,258,260,261,263,264,268,270,271,274,280,281,282,285,288,289,292,294,295,296,298]].
