[[19,28,57,66,70,76,78,84,85,90,91,96,97,100,102,106,110,111,112,113,115,117,123,129,167,175,178,179,185,187,203,229,244,250,254,261,264,267,269,283,296],[10,11,13,15,29,30,35,40,42,45,49,50,51,52,54,56,60,61,64,65,74,75,82,108,109,116,122,126,131,132,135,136,137,140,142,143,145,146,155,156,158,159,161,163,170,171,173,176,181,186,191,192,197,198,199,207,208,211,215,218,220,223,226,231,233,234,235,237,240,247,249,252,259,266,270,271,274,280,291],[3,5,6,8,9,21,24,26,31,33,34,41,43,47,53,55,58,63,67,68,71,73,80,81,86,87,89,93,98,105,121,127,130,133,134,138,139,141,149,152,153,166,174,177,180,189,190,193,204,205,209,210,212,213,214,216,219,221,222,225,230,241,242,246,248,253,255,257,272,276,279,285,286,288,293,294,295,297,300]].
[[19,28,57,66,70,76,78,84,85,90,91,96,97,100,102,106,110,111,112,113,115,117,123,129,167,175,178,179,185,187,203,229,244,250,254,261,264,267,269,283,296],[10,11,13,15,29,30,35,40,42,45,49,50,51,52,54,56,60,61,64,65,74,75,82,108,109,116,122,126,131,132,135,136,137,140,142,143,145,146,155,156,158,159,161,163,170,171,173,176,181,186,191,192,197,198,199,207,208,211,215,218,220,223,226,231,233,234,235,237,240,247,249,252,259,266,270,271,274,280,291],[3,5,6,8,9,21,24,26,31,33,34,41,43,47,53,55,58,63,67,68,71,73,80,81,86,87,89,93,98,105,121,127,130,133,134,138,139,141,149,152,153,166,174,177,180,189,190,193,204,205,209,210,212,213,214,216,219,221,222,225,230,241,242,246,248,253,255,257,272,276,279,285,286,288,293,294,295,297,300]].
[[19,28,57,66,70,76,78,84,85,90,91,96,97,100,102,106,110,111,112,113,115,117,123,129,167,175,178,179,185,187,203,229,244,250,254,261,264,267,269,283,296],[10,11,13,15,29,30,35,40,42,45,49,50,51,52,54,56,60,61,64,65,74,75,82,108,109,116,122,126,131,132,135,136,137,140,142,143,145,146,155,156,158,159,161,163,170,171,173,176,181,186,191,192,197,198,199,207,208,211,215,218,220,223,226,231,233,234,235,237,240,247,249,252,259,266,270,271,274,280,291],[3,5,6,8,9,21,24,26,31,33,34,41,43,47,53,55,58,63,67,68,71,73,80,81,86,87,89,93,98,105,121,127,130,133,134,138,139,141,149,152,153,166,174,177,180,189,190,193,204,205,209,210,212,213,214,216,219,221,222,225,230,241,242,246,248,253,255,257,272,276,279,285,286,288,293,294,295,297,300]].
[[1,2,4,7,12,14,16,17,18,20,22,23,25,27,32,36,37,38,39,44,46,48,59,62,69,72,77,79,83,88,92,94,95,99,101,103,104,107,114,118,119,120,124,125,128,144,147,148,150,151,154,157,160,162,164,165,168,169,172,182,183,184,188,194,195,196,200,201,202,206,217,224,227,228,232,236,238,239,243,245,251,256,258,260,262,263,265,268,273,275,277,278,281,282,284,287,289,290,292,298,299],[3,5,6,8,9,21,24,26,31,33,34,41,43,47,53,55,58,63,67,68,71,73,80,81,86,87,89,93,98,105,121,127,130,133,134,138,139,141,149,152,153,166,174,177,180,189,190,193,204,205,209,210,212,213,214,216,219,221,222,225,230,241,242,246,248,253,255,257,272,276,279,285,286,288,293,294,295,297,300],[10,11,13,15,29,30,35,40,42,45,49,50,51,52,54,56,60,61,64,65,74,75,82,108,109,116,122,126,131,132,135,136,137,140,142,143,145,146,155,156,158,159,161,163,170,171,173,176,181,186,191,192,197,198,199,207,208,211,215,218,220,223,226,231,233,234,235,237,240,247,249,252,259,266,270,271,274,280,291]].
[[1,2,4,7,12,14,16,17,18,20,22,23,25,27,32,36,37,38,39,44,46,48,59,62,69,72,77,79,83,88,92,94,95,99,101,103,104,107,114,118,119,120,124,125,128,144,147,148,150,151,154,157,160,162,164,165,168,169,172,182,183,184,188,194,195,196,200,201,202,206,217,224,227,228,232,236,238,239,243,245,251,256,258,260,262,263,265,268,273,275,277,278,281,282,284,287,289,290,292,298,299],[3,5,6,8,9,21,24,26,31,33,34,41,43,47,53,55,58,63,67,68,71,73,80,81,86,87,89,93,98,105,121,127,130,133,134,138,139,141,149,152,153,166,174,177,180,189,190,193,204,205,209,210,212,213,214,216,219,221,222,225,230,241,242,246,248,253,255,257,272,276,279,285,286,288,293,294,295,297,300],[10,11,13,15,29,30,35,40,42,45,49,50,51,52,54,56,60,61,64,65,74,75,82,108,109,116,122,126,131,132,135,136,137,140,142,143,145,146,155,156,158,159,161,163,170,171,173,176,181,186,191,192,197,198,199,207,208,211,215,218,220,223,226,231,233,234,235,237,240,247,249,252,259,266,270,271,274,280,291]].
[[19,28,57,66,70,76,78,84,85,90,91,96,97,100,102,106,110,111,112,113,115,117,123,129,167,175,178,179,185,187,203,229,244,250,254,261,264,267,269,283,296],[10,11,13,15,29,30,35,40,42,45,49,50,51,52,54,56,60,61,64,65,74,75,82,108,109,116,122,126,131,132,135,136,137,140,142,143,145,146,155,156,158,159,161,163,170,171,173,176,181,186,191,192,197,198,199,207,208,211,215,218,220,223,226,231,233,234,235,237,240,247,249,252,259,266,270,271,274,280,291],[3,5,6,8,9,21,24,26,31,33,34,41,43,47,53,55,58,63,67,68,71,73,80,81,86,87,89,93,98,105,121,127,130,133,134,138,139,141,149,152,153,166,174,177,180,189,190,193,204,205,209,210,212,213,214,216,219,221,222,225,230,241,242,246,248,253,255,257,272,276,279,285,286,288,293,294,295,297,300]].
[[1,2,4,7,12,14,16,17,18,20,22,23,25,27,32,36,37,38,39,44,46,48,59,62,69,72,77,79,83,88,92,94,95,99,101,103,104,107,114,118,119,120,124,125,128,144,147,148,150,151,154,157,160,162,164,165,168,169,172,182,183,184,188,194,195,196,200,201,202,206,217,224,227,228,232,236,238,239,243,245,251,256,258,260,262,263,265,268,273,275,277,278,281,282,284,287,289,290,292,298,299],[3,5,6,8,9,21,24,26,31,33,34,41,43,47,53,55,58,63,67,68,71,73,80,81,86,87,89,93,98,105,121,127,130,133,134,138,139,141,149,152,153,166,174,177,180,189,190,193,204,205,209,210,212,213,214,216,219,221,222,225,230,241,242,246,248,253,255,257,272,276,279,285,286,288,293,294,295,297,300],[10,11,13,15,29,30,35,40,42,45,49,50,51,52,54,56,60,61,64,65,74,75,82,108,109,116,122,126,131,132,135,136,137,140,142,143,145,146,155,156,158,159,161,163,170,171,173,176,181,186,191,192,197,198,199,207,208,211,215,218,220,223,226,231,233,234,235,237,240,247,249,252,259,266,270,271,274,280,291]].
[[19,28,57,66,70,76,78,84,85,90,91,96,97,100,102,106,110,111,112,113,115,117,123,129,167,175,178,179,185,187,203,229,244,250,254,261,264,267,269,283,296],[10,11,13,15,29,30,35,40,42,45,49,50,51,52,54,56,60,61,64,65,74,75,82,108,109,116,122,126,131,132,135,136,137,140,142,143,145,146,155,156,158,159,161,163,170,171,173,176,181,186,191,192,197,198,199,207,208,211,215,218,220,223,226,231,233,234,235,237,240,247,249,252,259,266,270,271,274,280,291],[3,5,6,8,9,21,24,26,31,33,34,41,43,47,53,55,58,63,67,68,71,73,80,81,86,87,89,93,98,105,121,127,130,133,134,138,139,141,149,152,153,166,174,177,180,189,190,193,204,205,209,210,212,213,214,216,219,221,222,225,230,241,242,246,248,253,255,257,272,276,279,285,286,288,293,294,295,297,300]].
[[1,2,4,7,12,14,16,17,18,20,22,23,25,27,32,36,37,38,39,44,46,48,59,62,69,72,77,79,83,88,92,94,95,99,101,103,104,107,114,118,119,120,124,125,128,144,147,148,150,151,154,157,160,162,164,165,168,169,172,182,183,184,188,194,195,196,200,201,202,206,217,224,227,228,232,236,238,239,243,245,251,256,258,260,262,263,265,268,273,275,277,278,281,282,284,287,289,290,292,298,299],[3,5,6,8,9,21,24,26,31,33,34,41,43,47,53,55,58,63,67,68,71,73,80,81,86,87,89,93,98,105,121,127,130,133,134,138,139,141,149,152,153,166,174,177,180,189,190,193,204,205,209,210,212,213,214,216,219,221,222,225,230,241,242,246,248,253,255,257,272,276,279,285,286,288,293,294,295,297,300],[10,11,13,15,29,30,35,40,42,45,49,50,51,52,54,56,60,61,64,65,74,75,82,108,109,116,122,126,131,132,135,136,137,140,142,143,145,146,155,156,158,159,161,163,170,171,173,176,181,186,191,192,197,198,199,207,208,211,215,218,220,223,226,231,233,234,235,237,240,247,249,252,259,266,270,271,274,280,291]].
[[19,28,57,66,70,76,78,84,85,90,91,96,97,100,102,106,110,111,112,113,115,117,123,129,167,175,178,179,185,187,203,229,244,250,254,261,264,267,269,283,296],[10,11,13,15,29,30,35,40,42,45,49,50,51,52,54,56,60,61,64,65,74,75,82,108,109,116,122,126,131,132,135,136,137,140,142,143,145,146,155,156,158,159,161,163,170,171,173,176,181,186,191,192,197,198,199,207,208,211,215,218,220,223,226,231,233,234,235,237,240,247,249,252,259,266,270,271,274,280,291],[3,5,6,8,9,21,24,26,31,33,34,41,43,47,53,55,58,63,67,68,71,73,80,81,86,87,89,93,98,105,121,127,130,133,134,138,139,141,149,152,153,166,174,177,180,189,190,193,204,205,209,210,212,213,214,216,219,221,222,225,230,241,242,246,248,253,255,257,272,276,279,285,286,288,293,294,295,297,300]].
[[10,11,13,15,29,30,35,40,42,45,49,50,51,52,54,56,60,61,64,65,74,75,82,108,109,116,122,126,131,132,135,136,137,140,142,143,145,146,155,156,158,159,161,163,170,171,173,176,181,186,191,192,197,198,199,207,208,211,215,218,220,223,226,231,233,234,235,237,240,247,249,252,259,266,270,271,274,280,291],[19,28,57,66,70,76,78,84,85,90,91,96,97,100,102,106,110,111,112,113,115,117,123,129,167,175,178,179,185,187,203,229,244,250,254,261,264,267,269,283,296],[1,2,4,7,12,14,16,17,18,20,22,23,25,27,32,36,37,38,39,44,46,48,59,62,69,72,77,79,83,88,92,94,95,99,101,103,104,107,114,118,119,120,124,125,128,144,147,148,150,151,154,157,160,162,164,165,168,169,172,182,183,184,188,194,195,196,200,201,202,206,217,224,227,228,232,236,238,239,243,245,251,256,258,260,262,263,265,268,273,275,277,278,281,282,284,287,289,290,292,298,299]].
[[1,2,4,7,12,14,16,17,18,20,22,23,25,27,32,36,37,38,39,44,46,48,59,62,69,72,77,79,83,88,92,94,95,99,101,103,104,107,114,118,119,120,124,125,128,144,147,148,150,151,154,157,160,162,164,165,168,169,172,182,183,184,188,194,195,196,200,201,202,206,217,224,227,228,232,236,238,239,243,245,251,256,258,260,262,263,265,268,273,275,277,278,281,282,284,287,289,290,292,298,299],[3,5,6,8,9,21,24,26,31,33,34,41,43,47,53,55,58,63,67,68,71,73,80,81,86,87,89,93,98,105,121,127,130,133,134,138,139,141,149,152,153,166,174,177,180,189,190,193,204,205,209,210,212,213,214,216,219,221,222,225,230,241,242,246,248,253,255,257,272,276,279,285,286,288,293,294,295,297,300],[10,11,13,15,29,30,35,40,42,45,49,50,51,52,54,56,60,61,64,65,74,75,82,108,109,116,122,126,131,132,135,136,137,140,142,143,145,146,155,156,158,159,161,163,170,171,173,176,181,186,191,192,197,198,199,207,208,211,215,218,220,223,226,231,233,234,235,237,240,247,249,252,259,266,270,271,274,280,291]].
[[10,11,13,15,29,30,35,40,42,45,49,50,51,52,54,56,60,61,64,65,74,75,82,108,109,116,122,126,131,132,135,136,137,140,142,143,145,146,155,156,158,159,161,163,170,171,173,176,181,186,191,192,197,198,199,207,208,211,215,218,220,223,226,231,233,234,235,237,240,247,249,252,259,266,270,271,274,280,291],[19,28,57,66,70,76,78,84,85,90,91,96,97,100,102,106,110,111,112,113,115,117,123,129,167,175,178,179,185,187,203,229,244,250,254,261,264,267,269,283,296],[1,2,4,7,12,14,16,17,18,20,22,23,25,27,32,36,37,38,39,44,46,48,59,62,69,72,77,79,83,88,92,94,95,99,101,103,104,107,114,118,119,120,124,125,128,144,147,148,150,151,154,157,160,162,164,165,168,169,172,182,183,184,188,194,195,196,200,201,202,206,217,224,227,228,232,236,238,239,243,245,251,256,258,260,262,263,265,268,273,275,277,278,281,282,284,287,289,290,292,298,299]].
[[1,2,4,7,12,14,16,17,18,20,22,23,25,27,32,36,37,38,39,44,46,48,59,62,69,72,77,79,83,88,92,94,95,99,101,103,104,107,114,118,119,120,124,125,128,144,147,148,150,151,154,157,160,162,164,165,168,169,172,182,183,184,188,194,195,196,200,201,202,206,217,224,227,228,232,236,238,239,243,245,251,256,258,260,262,263,265,268,273,275,277,278,281,282,284,287,289,290,292,298,299],[3,5,6,8,9,21,24,26,31,33,34,41,43,47,53,55,58,63,67,68,71,73,80,81,86,87,89,93,98,105,121,127,130,133,134,138,139,141,149,152,153,166,174,177,180,189,190,193,204,205,209,210,212,213,214,216,219,221,222,225,230,241,242,246,248,253,255,257,272,276,279,285,286,288,293,294,295,297,300],[10,11,13,15,29,30,35,40,42,45,49,50,51,52,54,56,60,61,64,65,74,75,82,108,109,116,122,126,131,132,135,136,137,140,142,143,145,146,155,156,158,159,161,163,170,171,173,176,181,186,191,192,197,198,199,207,208,211,215,218,220,223,226,231,233,234,235,237,240,247,249,252,259,266,270,271,274,280,291]].
[[1,2,4,7,12,14,16,17,18,20,22,23,25,27,32,36,37,38,39,44,46,48,59,62,69,72,77,79,83,88,92,94,95,99,101,103,104,107,114,118,119,120,124,125,128,144,147,148,150,151,154,157,160,162,164,165,168,169,172,182,183,184,188,194,195,196,200,201,202,206,217,224,227,228,232,236,238,239,243,245,251,256,258,260,262,263,265,268,273,275,277,278,281,282,284,287,289,290,292,298,299],[3,5,6,8,9,21,24,26,31,33,34,41,43,47,53,55,58,63,67,68,71,73,80,81,86,87,89,93,98,105,121,127,130,133,134,138,139,141,149,152,153,166,174,177,180,189,190,193,204,205,209,210,212,213,214,216,219,221,222,225,230,241,242,246,248,253,255,257,272,276,279,285,286,288,293,294,295,297,300],[10,11,13,15,29,30,35,40,42,45,49,50,51,52,54,56,60,61,64,65,74,75,82,108,109,116,122,126,131,132,135,136,137,140,142,143,145,146,155,156,158,159,161,163,170,171,173,176,181,186,191,192,197,198,199,207,208,211,215,218,220,223,226,231,233,234,235,237,240,247,249,252,259,266,270,271,274,280,291]].
[[19,28,57,66,70,76,78,84,85,90,91,96,97,100,102,106,110,111,112,113,115,117,123,129,167,175,178,179,185,187,203,229,244,250,254,261,264,267,269,283,296],[10,11,13,15,29,30,35,40,42,45,49,50,51,52,54,56,60,61,64,65,74,75,82,108,109,116,122,126,131,132,135,136,137,140,142,143,145,146,155,156,158,159,161,163,170,171,173,176,181,186,191,192,197,198,199,207,208,211,215,218,220,223,226,231,233,234,235,237,240,247,249,252,259,266,270,271,274,280,291],[3,5,6,8,9,21,24,26,31,33,34,41,43,47,53,55,58,63,67,68,71,73,80,81,86,87,89,93,98,105,121,127,130,133,134,138,139,141,149,152,153,166,174,177,180,189,190,193,204,205,209,210,212,213,214,216,219,221,222,225,230,241,242,246,248,253,255,257,272,276,279,285,286,288,293,294,295,297,300]].
[[1,2,4,7,12,14,16,17,18,20,22,23,25,27,32,36,37,38,39,44,46,48,59,62,69,72,77,79,83,88,92,94,95,99,101,103,104,107,114,118,119,120,124,125,128,144,147,148,150,151,154,157,160,162,164,165,168,169,172,182,183,184,188,194,195,196,200,201,202,206,217,224,227,228,232,236,238,239,243,245,251,256,258,260,262,263,265,268,273,275,277,278,281,282,284,287,289,290,292,298,299],[3,5,6,8,9,21,24,26,31,33,34,41,43,47,53,55,58,63,67,68,71,73,80,81,86,87,89,93,98,105,121,127,130,133,134,138,139,141,149,152,153,166,174,177,180,189,190,193,204,205,209,210,212,213,214,216,219,221,222,225,230,241,242,246,248,253,255,257,272,276,279,285,286,288,293,294,295,297,300],[10,11,13,15,29,30,35,40,42,45,49,50,51,52,54,56,60,61,64,65,74,75,82,108,109,116,122,126,131,132,135,136,137,140,142,143,145,146,155,156,158,159,161,163,170,171,173,176,181,186,191,192,197,198,199,207,208,211,215,218,220,223,226,231,233,234,235,237,240,247,249,252,259,266,270,271,274,280,291]].
[[3,5,6,8,9,21,24,26,31,33,34,41,43,47,53,55,58,63,67,68,71,73,80,81,86,87,89,93,98,105,121,127,130,133,134,138,139,141,149,152,153,166,174,177,180,189,190,193,204,205,209,210,212,213,214,216,219,221,222,225,230,241,242,246,248,253,255,257,272,276,279,285,286,288,293,294,295,297,300],[1,2,4,7,12,14,16,17,18,20,22,23,25,27,32,36,37,38,39,44,46,48,59,62,69,72,77,79,83,88,92,94,95,99,101,103,104,107,114,118,119,120,124,125,128,144,147,148,150,151,154,157,160,162,164,165,168,169,172,182,183,184,188,194,195,196,200,201,202,206,217,224,227,228,232,236,238,239,243,245,251,256,258,260,262,263,265,268,273,275,277,278,281,282,284,287,289,290,292,298,299],[19,28,57,66,70,76,78,84,85,90,91,96,97,100,102,106,110,111,112,113,115,117,123,129,167,175,178,179,185,187,203,229,244,250,254,261,264,267,269,283,296]].
[[1,2,4,7,12,14,16,17,18,20,22,23,25,27,32,36,37,38,39,44,46,48,59,62,69,72,77,79,83,88,92,94,95,99,101,103,104,107,114,118,119,120,124,125,128,144,147,148,150,151,154,157,160,162,164,165,168,169,172,182,183,184,188,194,195,196,200,201,202,206,217,224,227,228,232,236,238,239,243,245,251,256,258,260,262,263,265,268,273,275,277,278,281,282,284,287,289,290,292,298,299],[3,5,6,8,9,21,24,26,31,33,34,41,43,47,53,55,58,63,67,68,71,73,80,81,86,87,89,93,98,105,121,127,130,133,134,138,139,141,149,152,153,166,174,177,180,189,190,193,204,205,209,210,212,213,214,216,219,221,222,225,230,241,242,246,248,253,255,257,272,276,279,285,286,288,293,294,295,297,300],[10,11,13,15,29,30,35,40,42,45,49,50,51,52,54,56,60,61,64,65,74,75,82,108,109,116,122,126,131,132,135,136,137,140,142,143,145,146,155,156,158,159,161,163,170,171,173,176,181,186,191,192,197,198,199,207,208,211,215,218,220,223,226,231,233,234,235,237,240,247,249,252,259,266,270,271,274,280,291]].
[[3,5,6,8,9,21,24,26,31,33,34,41,43,47,53,55,58,63,67,68,71,73,80,81,86,87,89,93,98,105,121,127,130,133,134,138,139,141,149,152,153,166,174,177,180,189,190,193,204,205,209,210,212,213,214,216,219,221,222,225,230,241,242,246,248,253,255,257,272,276,279,285,286,288,293,294,295,297,300],[1,2,4,7,12,14,16,17,18,20,22,23,25,27,32,36,37,38,39,44,46,48,59,62,69,72,77,79,83,88,92,94,95,99,101,103,104,107,114,118,119,120,124,125,128,144,147,148,150,151,154,157,160,162,164,165,168,169,172,182,183,184,188,194,195,196,200,201,202,206,217,224,227,228,232,236,238,239,243,245,251,256,258,260,262,263,265,268,273,275,277,278,281,282,284,287,289,290,292,298,299],[19,28,57,66,70,76,78,84,85,90,91,96,97,100,102,106,110,111,112,113,115,117,123,129,167,175,178,179,185,187,203,229,244,250,254,261,264,267,269,283,296]].
[[19,28,57,66,70,76,78,84,85,90,91,96,97,100,102,106,110,111,112,113,115,117,123,129,167,175,178,179,185,187,203,229,244,250,254,261,264,267,269,283,296],[10,11,13,15,29,30,35,40,42,45,49,50,51,52,54,56,60,61,64,65,74,75,82,108,109,116,122,126,131,132,135,136,137,140,142,143,145,146,155,156,158,159,161,163,170,171,173,176,181,186,191,192,197,198,199,207,208,211,215,218,220,223,226,231,233,234,235,237,240,247,249,252,259,266,270,271,274,280,291],[3,5,6,8,9,21,24,26,31,33,34,41,43,47,53,55,58,63,67,68,71,73,80,81,86,87,89,93,98,105,121,127,130,133,134,138,139,141,149,152,153,166,174,177,180,189,190,193,204,205,209,210,212,213,214,216,219,221,222,225,230,241,242,246,248,253,255,257,272,276,279,285,286,288,293,294,295,297,300]].
[[1,2,4,7,12,14,16,17,18,20,22,23,25,27,32,36,37,38,39,44,46,48,59,62,69,72,77,79,83,88,92,94,95,99,101,103,104,107,114,118,119,120,124,125,128,144,147,148,150,151,154,157,160,162,164,165,168,169,172,182,183,184,188,194,195,196,200,201,202,206,217,224,227,228,232,236,238,239,243,245,251,256,258,260,262,263,265,268,273,275,277,278,281,282,284,287,289,290,292,298,299],[3,5,6,8,9,21,24,26,31,33,34,41,43,47,53,55,58,63,67,68,71,73,80,81,86,87,89,93,98,105,121,127,130,133,134,138,139,141,149,152,153,166,174,177,180,189,190,193,204,205,209,210,212,213,214,216,219,221,222,225,230,241,242,246,248,253,255,257,272,276,279,285,286,288,293,294,295,297,300],[10,11,13,15,29,30,35,40,42,45,49,50,51,52,54,56,60,61,64,65,74,75,82,108,109,116,122,126,131,132,135,136,137,140,142,143,145,146,155,156,158,159,161,163,170,171,173,176,181,186,191,192,197,198,199,207,208,211,215,218,220,223,226,231,233,234,235,237,240,247,249,252,259,266,270,271,274,280,291]].
[[10,11,13,15,29,30,35,40,42,45,49,50,51,52,54,56,60,61,64,65,74,75,82,108,109,116,122,126,131,132,135,136,137,140,142,143,145,146,155,156,158,159,161,163,170,171,173,176,181,186,191,192,197,198,199,207,208,211,215,218,220,223,226,231,233,234,235,237,240,247,249,252,259,266,270,271,274,280,291],[19,28,57,66,70,76,78,84,85,90,91,96,97,100,102,106,110,111,112,113,115,117,123,129,167,175,178,179,185,187,203,229,244,250,254,261,264,267,269,283,296],[1,2,4,7,12,14,16,17,18,20,22,23,25,27,32,36,37,38,39,44,46,48,59,62,69,72,77,79,83,88,92,94,95,99,101,103,104,107,114,118,119,120,124,125,128,144,147,148,150,151,154,157,160,162,164,165,168,169,172,182,183,184,188,194,195,196,200,201,202,206,217,224,227,228,232,236,238,239,243,245,251,256,258,260,262,263,265,268,273,275,277,278,281,282,284,287,289,290,292,298,299]].
[[19,28,57,66,70,76,78,84,85,90,91,96,97,100,102,106,110,111,112,113,115,117,123,129,167,175,178,179,185,187,203,229,244,250,254,261,264,267,269,283,296],[10,11,13,15,29,30,35,40,42,45,49,50,51,52,54,56,60,61,64,65,74,75,82,108,109,116,122,126,131,132,135,136,137,140,142,143,145,146,155,156,158,159,161,163,170,171,173,176,181,186,191,192,197,198,199,207,208,211,215,218,220,223,226,231,233,234,235,237,240,247,249,252,259,266,270,271,274,280,291],[3,5,6,8,9,21,24,26,31,33,34,41,43,47,53,55,58,63,67,68,71,73,80,81,86,87,89,93,98,105,121,127,130,133,134,138,139,141,149,152,153,166,174,177,180,189,190,193,204,205,209,210,212,213,214,216,219,221,222,225,230,241,242,246,248,253,255,257,272,276,279,285,286,288,293,294,295,297,300]].
[[3,5,6,8,9,21,24,26,31,33,34,41,43,47,53,55,58,63,67,68,71,73,80,81,86,87,89,93,98,105,121,127,130,133,134,138,139,141,149,152,153,166,174,177,180,189,190,193,204,205,209,210,212,213,214,216,219,221,222,225,230,241,242,246,248,253,255,257,272,276,279,285,286,288,293,294,295,297,300],[1,2,4,7,12,14,16,17,18,20,22,23,25,27,32,36,37,38,39,44,46,48,59,62,69,72,77,79,83,88,92,94,95,99,101,103,104,107,114,118,119,120,124,125,128,144,147,148,150,151,154,157,160,162,164,165,168,169,172,182,183,184,188,194,195,196,200,201,202,206,217,224,227,228,232,236,238,239,243,245,251,256,258,260,262,263,265,268,273,275,277,278,281,282,284,287,289,290,292,298,299],[19,28,57,66,70,76,78,84,85,90,91,96,97,100,102,106,110,111,112,113,115,117,123,129,167,175,178,179,185,187,203,229,244,250,254,261,264,267,269,283,296]].
[[10,11,13,15,29,30,35,40,42,45,49,50,51,52,54,56,60,61,64,65,74,75,82,108,109,116,122,126,131,132,135,136,137,140,142,143,145,146,155,156,158,159,161,163,170,171,173,176,181,186,191,192,197,198,199,207,208,211,215,218,220,223,226,231,233,234,235,237,240,247,249,252,259,266,270,271,274,280,291],[19,28,57,66,70,76,78,84,85,90,91,96,97,100,102,106,110,111,112,113,115,117,123,129,167,175,178,179,185,187,203,229,244,250,254,261,264,267,269,283,296],[1,2,4,7,12,14,16,17,18,20,22,23,25,27,32,36,37,38,39,44,46,48,59,62,69,72,77,79,83,88,92,94,95,99,101,103,104,107,114,118,119,120,124,125,128,144,147,148,150,151,154,157,160,162,164,165,168,169,172,182,183,184,188,194,195,196,200,201,202,206,217,224,227,228,232,236,238,239,243,245,251,256,258,260,262,263,265,268,273,275,277,278,281,282,284,287,289,290,292,298,299]].
[[19,28,57,66,70,76,78,84,85,90,91,96,97,100,102,106,110,111,112,113,115,117,123,129,167,175,178,179,185,187,203,229,244,250,254,261,264,267,269,283,296],[10,11,13,15,29,30,35,40,42,45,49,50,51,52,54,56,60,61,64,65,74,75,82,108,109,116,122,126,131,132,135,136,137,140,142,143,145,146,155,156,158,159,161,163,170,171,173,176,181,186,191,192,197,198,199,207,208,211,215,218,220,223,226,231,233,234,235,237,240,247,249,252,259,266,270,271,274,280,291],[3,5,6,8,9,21,24,26,31,33,34,41,43,47,53,55,58,63,67,68,71,73,80,81,86,87,89,93,98,105,121,127,130,133,134,138,139,141,149,152,153,166,174,177,180,189,190,193,204,205,209,210,212,213,214,216,219,221,222,225,230,241,242,246,248,253,255,257,272,276,279,285,286,288,293,294,295,297,300]].
[[3,5,6,8,9,21,24,26,31,33,34,41,43,47,53,55,58,63,67,68,71,73,80,81,86,87,89,93,98,105,121,127,130,133,134,138,139,141,149,152,153,166,174,177,180,189,190,193,204,205,209,210,212,213,214,216,219,221,222,225,230,241,242,246,248,253,255,257,272,276,279,285,286,288,293,294,295,297,300],[1,2,4,7,12,14,16,17,18,20,22,23,25,27,32,36,37,38,39,44,46,48,59,62,69,72,77,79,83,88,92,94,95,99,101,103,104,107,114,118,119,120,124,125,128,144,147,148,150,151,154,157,160,162,164,165,168,169,172,182,183,184,188,194,195,196,200,201,202,206,217,224,227,228,232,236,238,239,243,245,251,256,258,260,262,263,265,268,273,275,277,278,281,282,284,287,289,290,292,298,299],[19,28,57,66,70,76,78,84,85,90,91,96,97,100,102,106,110,111,112,113,115,117,123,129,167,175,178,179,185,187,203,229,244,250,254,261,264,267,269,283,296]].
[[10,11,13,15,29,30,35,40,42,45,49,50,51,52,54,56,60,61,64,65,74,75,82,108,109,116,122,126,131,132,135,136,137,140,142,143,145,146,155,156,158,159,161,163,170,171,173,176,181,186,191,192,197,198,199,207,208,211,215,218,220,223,226,231,233,234,235,237,240,247,249,252,259,266,270,271,274,280,291],[19,28,57,66,70,76,78,84,85,90,91,96,97,100,102,106,110,111,112,113,115,117,123,129,167,175,178,179,185,187,203,229,244,250,254,261,264,267,269,283,296],[1,2,4,7,12,14,16,17,18,20,22,23,25,27,32,36,37,38,39,44,46,48,59,62,69,72,77,79,83,88,92,94,95,99,101,103,104,107,114,118,119,120,124,125,128,144,147,148,150,151,154,157,160,162,164,165,168,169,172,182,183,184,188,194,195,196,200,201,202,206,217,224,227,228,232,236,238,239,243,245,251,256,258,260,262,263,265,268,273,275,277,278,281,282,284,287,289,290,292,298,299]].
[[19,28,57,66,70,76,78,84,85,90,91,96,97,100,102,106,110,111,112,113,115,117,123,129,167,175,178,179,185,187,203,229,244,250,254,261,264,267,269,283,296],[10,11,13,15,29,30,35,40,42,45,49,50,51,52,54,56,60,61,64,65,74,75,82,108,109,116,122,126,131,132,135,136,137,140,142,143,145,146,155,156,158,159,161,163,170,171,173,176,181,186,191,192,197,198,199,207,208,211,215,218,220,223,226,231,233,234,235,237,240,247,249,252,259,266,270,271,274,280,291],[3,5,6,8,9,21,24,26,31,33,34,41,43,47,53,55,58,63,67,68,71,73,80,81,86,87,89,93,98,105,121,127,130,133,134,138,139,141,149,152,153,166,174,177,180,189,190,193,204,205,209,210,212,213,214,216,219,221,222,225,230,241,242,246,248,253,255,257,272,276,279,285,286,288,293,294,295,297,300]].
[[1,2,4,7,12,14,16,17,18,20,22,23,25,27,32,36,37,38,39,44,46,48,59,62,69,72,77,79,83,88,92,94,95,99,101,103,104,107,114,118,119,120,124,125,128,144,147,148,150,151,154,157,160,162,164,165,168,169,172,182,183,184,188,194,195,196,200,201,202,206,217,224,227,228,232,236,238,239,243,245,251,256,258,260,262,263,265,268,273,275,277,278,281,282,284,287,289,290,292,298,299],[3,5,6,8,9,21,24,26,31,33,34,41,43,47,53,55,58,63,67,68,71,73,80,81,86,87,89,93,98,105,121,127,130,133,134,138,139,141,149,152,153,166,174,177,180,189,190,193,204,205,209,210,212,213,214,216,219,221,222,225,230,241,242,246,248,253,255,257,272,276,279,285,286,288,293,294,295,297,300],[10,11,13,15,29,30,35,40,42,45,49,50,51,52,54,56,60,61,64,65,74,75,82,108,109,116,122,126,131,132,135,136,137,140,142,143,145,146,155,156,158,159,161,163,170,171,173,176,181,186,191,192,197,198,199,207,208,211,215,218,220,223,226,231,233,234,235,237,240,247,249,252,259,266,270,271,274,280,291]].
[[1,2,4,7,12,14,16,17,18,20,22,23,25,27,32,36,37,38,39,44,46,48,59,62,69,72,77,79,83,88,92,94,95,99,101,103,104,107,114,118,119,120,124,125,128,144,147,148,150,151,154,157,160,162,164,165,168,169,172,182,183,184,188,194,195,196,200,201,202,206,217,224,227,228,232,236,238,239,243,245,251,256,258,260,262,263,265,268,273,275,277,278,281,282,284,287,289,290,292,298,299],[3,5,6,8,9,21,24,26,31,33,34,41,43,47,53,55,58,63,67,68,71,73,80,81,86,87,89,93,98,105,121,127,130,133,134,138,139,141,149,152,153,166,174,177,180,189,190,193,204,205,209,210,212,213,214,216,219,221,222,225,230,241,242,246,248,253,255,257,272,276,279,285,286,288,293,294,295,297,300],[10,11,13,15,29,30,35,40,42,45,49,50,51,52,54,56,60,61,64,65,74,75,82,108,109,116,122,126,131,132,135,136,137,140,142,143,145,146,155,156,158,159,161,163,170,171,173,176,181,186,191,192,197,198,199,207,208,211,215,218,220,223,226,231,233,234,235,237,240,247,249,252,259,266,270,271,274,280,291]].
[[19,28,57,66,70,76,78,84,85,90,91,96,97,100,102,106,110,111,112,113,115,117,123,129,167,175,178,179,185,187,203,229,244,250,254,261,264,267,269,283,296],[10,11,13,15,29,30,35,40,42,45,49,50,51,52,54,56,60,61,64,65,74,75,82,108,109,116,122,126,131,132,135,136,137,140,142,143,145,146,155,156,158,159,161,163,170,171,173,176,181,186,191,192,197,198,199,207,208,211,215,218,220,223,226,231,233,234,235,237,240,247,249,252,259,266,270,271,274,280,291],[3,5,6,8,9,21,24,26,31,33,34,41,43,47,53,55,58,63,67,68,71,73,80,81,86,87,89,93,98,105,121,127,130,133,134,138,139,141,149,152,153,166,174,177,180,189,190,193,204,205,209,210,212,213,214,216,219,221,222,225,230,241,242,246,248,253,255,257,272,276,279,285,286,288,293,294,295,297,300]].
[[3,5,6,8,9,21,24,26,31,33,34,41,43,47,53,55,58,63,67,68,71,73,80,81,86,87,89,93,98,105,121,127,130,133,134,138,139,141,149,152,153,166,174,177,180,189,190,193,204,205,209,210,212,213,214,216,219,221,222,225,230,241,242,246,248,253,255,257,272,276,279,285,286,288,293,294,295,297,300],[1,2,4,7,12,14,16,17,18,20,22,23,25,27,32,36,37,38,39,44,46,48,59,62,69,72,77,79,83,88,92,94,95,99,101,103,104,107,114,118,119,120,124,125,128,144,147,148,150,151,154,157,160,162,164,165,168,169,172,182,183,184,188,194,195,196,200,201,202,206,217,224,227,228,232,236,238,239,243,245,251,256,258,260,262,263,265,268,273,275,277,278,281,282,284,287,289,290,292,298,299],[19,28,57,66,70,76,78,84,85,90,91,96,97,100,102,106,110,111,112,113,115,117,123,129,167,175,178,179,185,187,203,229,244,250,254,261,264,267,269,283,296]].
[[1,2,4,7,12,14,16,17,18,20,22,23,25,27,32,36,37,38,39,44,46,48,59,62,69,72,77,79,83,88,92,94,95,99,101,103,104,107,114,118,119,120,124,125,128,144,147,148,150,151,154,157,160,162,164,165,168,169,172,182,183,184,188,194,195,196,200,201,202,206,217,224,227,228,232,236,238,239,243,245,251,256,258,260,262,263,265,268,273,275,277,278,281,282,284,287,289,290,292,298,299],[3,5,6,8,9,21,24,26,31,33,34,41,43,47,53,55,58,63,67,68,71,73,80,81,86,87,89,93,98,105,121,127,130,133,134,138,139,141,149,152,153,166,174,177,180,189,190,193,204,205,209,210,212,213,214,216,219,221,222,225,230,241,242,246,248,253,255,257,272,276,279,285,286,288,293,294,295,297,300],[10,11,13,15,29,30,35,40,42,45,49,50,51,52,54,56,60,61,64,65,74,75,82,108,109,116,122,126,131,132,135,136,137,140,142,143,145,146,155,156,158,159,161,163,170,171,173,176,181,186,191,192,197,198,199,207,208,211,215,218,220,223,226,231,233,234,235,237,240,247,249,252,259,266,270,271,274,280,291]].
[[10,11,13,15,29,30,35,40,42,45,49,50,51,52,54,56,60,61,64,65,74,75,82,108,109,116,122,126,131,132,135,136,137,140,142,143,145,146,155,156,158,159,161,163,170,171,173,176,181,186,191,192,197,198,199,207,208,211,215,218,220,223,226,231,233,234,235,237,240,247,249,252,259,266,270,271,274,280,291],[19,28,57,66,70,76,78,84,85,90,91,96,97,100,102,106,110,111,112,113,115,117,123,129,167,175,178,179,185,187,203,229,244,250,254,261,264,267,269,283,296],[1,2,4,7,12,14,16,17,18,20,22,23,25,27,32,36,37,38,39,44,46,48,59,62,69,72,77,79,83,88,92,94,95,99,101,103,104,107,114,118,119,120,124,125,128,144,147,148,150,151,154,157,160,162,164,165,168,169,172,182,183,184,188,194,195,196,200,201,202,206,217,224,227,228,232,236,238,239,243,245,251,256,258,260,262,263,265,268,273,275,277,278,281,282,284,287,289,290,292,298,299]].
[[19,28,57,66,70,76,78,84,85,90,91,96,97,100,102,106,110,111,112,113,115,117,123,129,167,175,178,179,185,187,203,229,244,250,254,261,264,267,269,283,296],[10,11,13,15,29,30,35,40,42,45,49,50,51,52,54,56,60,61,64,65,74,75,82,108,109,116,122,126,131,132,135,136,137,140,142,143,145,146,155,156,158,159,161,163,170,171,173,176,181,186,191,192,197,198,199,207,208,211,215,218,220,223,226,231,233,234,235,237,240,247,249,252,259,266,270,271,274,280,291],[3,5,6,8,9,21,24,26,31,33,34,41,43,47,53,55,58,63,67,68,71,73,80,81,86,87,89,93,98,105,121,127,130,133,134,138,139,141,149,152,153,166,174,177,180,189,190,193,204,205,209,210,212,213,214,216,219,221,222,225,230,241,242,246,248,253,255,257,272,276,279,285,286,288,293,294,295,297,300]].
[[19,28,57,66,70,76,78,84,85,90,91,96,97,100,102,106,110,111,112,113,115,117,123,129,167,175,178,179,185,187,203,229,244,250,254,261,264,267,269,283,296],[10,11,13,15,29,30,35,40,42,45,49,50,51,52,54,56,60,61,64,65,74,75,82,108,109,116,122,126,131,132,135,136,137,140,142,143,145,146,155,156,158,159,161,163,170,171,173,176,181,186,191,192,197,198,199,207,208,211,215,218,220,223,226,231,233,234,235,237,240,247,249,252,259,266,270,271,274,280,291],[3,5,6,8,9,21,24,26,31,33,34,41,43,47,53,55,58,63,67,68,71,73,80,81,86,87,89,93,98,105,121,127,130,133,134,138,139,141,149,152,153,166,174,177,180,189,190,193,204,205,209,210,212,213,214,216,219,221,222,225,230,241,242,246,248,253,255,257,272,276,279,285,286,288,293,294,295,297,300]].
[[3,5,6,8,9,21,24,26,31,33,34,41,43,47,53,55,58,63,67,68,71,73,80,81,86,87,89,93,98,105,121,127,130,133,134,138,139,141,149,152,153,166,174,177,180,189,190,193,204,205,209,210,212,213,214,216,219,221,222,225,230,241,242,246,248,253,255,257,272,276,279,285,286,288,293,294,295,297,300],[1,2,4,7,12,14,16,17,18,20,22,23,25,27,32,36,37,38,39,44,46,48,59,62,69,72,77,79,83,88,92,94,95,99,101,103,104,107,114,118,119,120,124,125,128,144,147,148,150,151,154,157,160,162,164,165,168,169,172,182,183,184,188,194,195,196,200,201,202,206,217,224,227,228,232,236,238,239,243,245,251,256,258,260,262,263,265,268,273,275,277,278,281,282,284,287,289,290,292,298,299],[19,28,57,66,70,76,78,84,85,90,91,96,97,100,102,106,110,111,112,113,115,117,123,129,167,175,178,179,185,187,203,229,244,250,254,261,264,267,269,283,296]].
[[19,28,57,66,70,76,78,84,85,90,91,96,97,100,102,106,110,111,112,113,115,117,123,129,167,175,178,179,185,187,203,229,244,250,254,261,264,267,269,283,296],[10,11,13,15,29,30,35,40,42,45,49,50,51,52,54,56,60,61,64,65,74,75,82,108,109,116,122,126,131,132,135,136,137,140,142,143,145,146,155,156,158,159,161,163,170,171,173,176,181,186,191,192,197,198,199,207,208,211,215,218,220,223,226,231,233,234,235,237,240,247,249,252,259,266,270,271,274,280,291],[3,5,6,8,9,21,24,26,31,33,34,41,43,47,53,55,58,63,67,68,71,73,80,81,86,87,89,93,98,105,121,127,130,133,134,138,139,141,149,152,153,166,174,177,180,189,190,193,204,205,209,210,212,213,214,216,219,221,222,225,230,241,242,246,248,253,255,257,272,276,279,285,286,288,293,294,295,297,300]].
[[1,2,4,7,12,14,16,17,18,20,22,23,25,27,32,36,37,38,39,44,46,48,59,62,69,72,77,79,83,88,92,94,95,99,101,103,104,107,114,118,119,120,124,125,128,144,147,148,150,151,154,157,160,162,164,165,168,169,172,182,183,184,188,194,195,196,200,201,202,206,217,224,227,228,232,236,238,239,243,245,251,256,258,260,262,263,265,268,273,275,277,278,281,282,284,287,289,290,292,298,299],[3,5,6,8,9,21,24,26,31,33,34,41,43,47,53,55,58,63,67,68,71,73,80,81,86,87,89,93,98,105,121,127,130,133,134,138,139,141,149,152,153,166,174,177,180,189,190,193,204,205,209,210,212,213,214,216,219,221,222,225,230,241,242,246,248,253,255,257,272,276,279,285,286,288,293,294,295,297,300],[10,11,13,15,29,30,35,40,42,45,49,50,51,52,54,56,60,61,64,65,74,75,82,108,109,116,122,126,131,132,135,136,137,140,142,143,145,146,155,156,158,159,161,163,170,171,173,176,181,186,191,192,197,198,199,207,208,211,215,218,220,223,226,231,233,234,235,237,240,247,249,252,259,266,270,271,274,280,291]].
[[3,5,6,8,9,21,24,26,31,33,34,41,43,47,53,55,58,63,67,68,71,73,80,81,86,87,89,93,98,105,121,127,130,133,134,138,139,141,149,152,153,166,174,177,180,189,190,193,204,205,209,210,212,213,214,216,219,221,222,225,230,241,242,246,248,253,255,257,272,276,279,285,286,288,293,294,295,297,300],[1,2,4,7,12,14,16,17,18,20,22,23,25,27,32,36,37,38,39,44,46,48,59,62,69,72,77,79,83,88,92,94,95,99,101,103,104,107,114,118,119,120,124,125,128,144,147,148,150,151,154,157,160,162,164,165,168,169,172,182,183,184,188,194,195,196,200,201,202,206,217,224,227,228,232,236,238,239,243,245,251,256,258,260,262,263,265,268,273,275,277,278,281,282,284,287,289,290,292,298,299],[19,28,57,66,70,76,78,84,85,90,91,96,97,100,102,106,110,111,112,113,115,117,123,129,167,175,178,179,185,187,203,229,244,250,254,261,264,267,269,283,296]].
[[1,2,4,7,12,14,16,17,18,20,22,23,25,27,32,36,37,38,39,44,46,48,59,62,69,72,77,79,83,88,92,94,95,99,101,103,104,107,114,118,119,120,124,125,128,144,147,148,150,151,154,157,160,162,164,165,168,169,172,182,183,184,188,194,195,196,200,201,202,206,217,224,227,228,232,236,238,239,243,245,251,256,258,260,262,263,265,268,273,275,277,278,281,282,284,287,289,290,292,298,299],[3,5,6,8,9,21,24,26,31,33,34,41,43,47,53,55,58,63,67,68,71,73,80,81,86,87,89,93,98,105,121,127,130,133,134,138,139,141,149,152,153,166,174,177,180,189,190,193,204,205,209,210,212,213,214,216,219,221,222,225,230,241,242,246,248,253,255,257,272,276,279,285,286,288,293,294,295,297,300],[10,11,13,15,29,30,35,40,42,45,49,50,51,52,54,56,60,61,64,65,74,75,82,108,109,116,122,126,131,132,135,136,137,140,142,143,145,146,155,156,158,159,161,163,170,171,173,176,181,186,191,192,197,198,199,207,208,211,215,218,220,223,226,231,233,234,235,237,240,247,249,252,259,266,270,271,274,280,291]].
[[1,2,4,7,12,14,16,17,18,20,22,23,25,27,32,36,37,38,39,44,46,48,59,62,69,72,77,79,83,88,92,94,95,99,101,103,104,107,114,118,119,120,124,125,128,144,147,148,150,151,154,157,160,162,164,165,168,169,172,182,183,184,188,194,195,196,200,201,202,206,217,224,227,228,232,236,238,239,243,245,251,256,258,260,262,263,265,268,273,275,277,278,281,282,284,287,289,290,292,298,299],[3,5,6,8,9,21,24,26,31,33,34,41,43,47,53,55,58,63,67,68,71,73,80,81,86,87,89,93,98,105,121,127,130,133,134,138,139,141,149,152,153,166,174,177,180,189,190,193,204,205,209,210,212,213,214,216,219,221,222,225,230,241,242,246,248,253,255,257,272,276,279,285,286,288,293,294,295,297,300],[10,11,13,15,29,30,35,40,42,45,49,50,51,52,54,56,60,61,64,65,74,75,82,108,109,116,122,126,131,132,135,136,137,140,142,143,145,146,155,156,158,159,161,163,170,171,173,176,181,186,191,192,197,198,199,207,208,211,215,218,220,223,226,231,233,234,235,237,240,247,249,252,259,266,270,271,274,280,291]].
[[19,28,57,66,70,76,78,84,85,90,91,96,97,100,102,106,110,111,112,113,115,117,123,129,167,175,178,179,185,187,203,229,244,250,254,261,264,267,269,283,296],[10,11,13,15,29,30,35,40,42,45,49,50,51,52,54,56,60,61,64,65,74,75,82,108,109,116,122,126,131,132,135,136,137,140,142,143,145,146,155,156,158,159,161,163,170,171,173,176,181,186,191,192,197,198,199,207,208,211,215,218,220,223,226,231,233,234,235,237,240,247,249,252,259,266,270,271,274,280,291],[3,5,6,8,9,21,24,26,31,33,34,41,43,47,53,55,58,63,67,68,71,73,80,81,86,87,89,93,98,105,121,127,130,133,134,138,139,141,149,152,153,166,174,177,180,189,190,193,204,205,209,210,212,213,214,216,219,221,222,225,230,241,242,246,248,253,255,257,272,276,279,285,286,288,293,294,295,297,300]].
[[3,5,6,8,9,21,24,26,31,33,34,41,43,47,53,55,58,63,67,68,71,73,80,81,86,87,89,93,98,105,121,127,130,133,134,138,139,141,149,152,153,166,174,177,180,189,190,193,204,205,209,210,212,213,214,216,219,221,222,225,230,241,242,246,248,253,255,257,272,276,279,285,286,288,293,294,295,297,300],[1,2,4,7,12,14,16,17,18,20,22,23,25,27,32,36,37,38,39,44,46,48,59,62,69,72,77,79,83,88,92,94,95,99,101,103,104,107,114,118,119,120,124,125,128,144,147,148,150,151,154,157,160,162,164,165,168,169,172,182,183,184,188,194,195,196,200,201,202,206,217,224,227,228,232,236,238,239,243,245,251,256,258,260,262,263,265,268,273,275,277,278,281,282,284,287,289,290,292,298,299],[19,28,57,66,70,76,78,84,85,90,91,96,97,100,102,106,110,111,112,113,115,117,123,129,167,175,178,179,185,187,203,229,244,250,254,261,264,267,269,283,296]].
[[19,28,57,66,70,76,78,84,85,90,91,96,97,100,102,106,110,111,112,113,115,117,123,129,167,175,178,179,185,187,203,229,244,250,254,261,264,267,269,283,296],[10,11,13,15,29,30,35,40,42,45,49,50,51,52,54,56,60,61,64,65,74,75,82,108,109,116,122,126,131,132,135,136,137,140,142,143,145,146,155,156,158,159,161,163,170,171,173,176,181,186,191,192,197,198,199,207,208,211,215,218,220,223,226,231,233,234,235,237,240,247,249,252,259,266,270,271,274,280,291],[3,5,6,8,9,21,24,26,31,33,34,41,43,47,53,55,58,63,67,68,71,73,80,81,86,87,89,93,98,105,121,127,130,133,134,138,139,141,149,152,153,166,174,177,180,189,190,193,204,205,209,210,212,213,214,216,219,221,222,225,230,241,242,246,248,253,255,257,272,276,279,285,286,288,293,294,295,297,300]].
[[10,11,13,15,29,30,35,40,42,45,49,50,51,52,54,56,60,61,64,65,74,75,82,108,109,116,122,126,131,132,135,136,137,140,142,143,145,146,155,156,158,159,161,163,170,171,173,176,181,186,191,192,197,198,199,207,208,211,215,218,220,223,226,231,233,234,235,237,240,247,249,252,259,266,270,271,274,280,291],[19,28,57,66,70,76,78,84,85,90,91,96,97,100,102,106,110,111,112,113,115,117,123,129,167,175,178,179,185,187,203,229,244,250,254,261,264,267,269,283,296],[1,2,4,7,12,14,16,17,18,20,22,23,25,27,32,36,37,38,39,44,46,48,59,62,69,72,77,79,83,88,92,94,95,99,101,103,104,107,114,118,119,120,124,125,128,144,147,148,150,151,154,157,160,162,164,165,168,169,172,182,183,184,188,194,195,196,200,201,202,206,217,224,227,228,232,236,238,239,243,245,251,256,258,260,262,263,265,268,273,275,277,278,281,282,284,287,289,290,292,298,299]].
