[[5,9,21,25,30,34,35,46,47,49,53,59,61,65,68,70,71,72,74,79,85,86,87,88,91,95,
  101,112,113,121,127,129,132,145,146,148,150,152,155,157,158,162,164,165,180,
  182,203,209,211,214,216,218,227,228,236,238,239,245,246,252,253,263,269,271,
  277,282,288,290,291,294,297,298,300],
 [2,6,8,12,14,17,18,20,23,24,32,37,38,51,56,57,62,66,69,75,80,84,90,97,99,104,
  106,107,108,115,117,128,133,134,137,140,144,153,154,161,168,173,174,179,184,
  189,191,194,196,197,198,200,205,215,217,219,220,222,225,231,233,241,242,244,
  249,255,258,260,261,264,272,275,278,284,289,295,299],
 [3,7,10,11,13,16,27,36,41,44,54,55,58,60,64,67,76,81,82,83,89,93,96,100,103,
  105,109,110,122,124,126,130,131,135,136,138,139,141,142,147,149,151,156,159,
  166,167,169,170,171,175,178,185,186,187,188,199,202,206,207,210,212,213,223,
  224,232,235,237,250,259,267,273,276,280,283,286,292,293]].
[[1,4,15,19,22,26,28,29,31,33,39,40,42,43,45,48,50,52,63,73,77,78,92,94,98,
  102,111,114,116,118,119,120,123,125,143,160,163,172,176,177,181,183,190,192,
  193,195,201,204,208,221,226,229,230,234,240,243,247,248,251,254,256,257,262,
  265,266,268,270,274,279,281,285,287,296],
 [3,7,10,11,13,16,27,36,41,44,54,55,58,60,64,67,76,81,82,83,89,93,96,100,103,
  105,109,110,122,124,126,130,131,135,136,138,139,141,142,147,149,151,156,159,
  166,167,169,170,171,175,178,185,186,187,188,199,202,206,207,210,212,213,223,
  224,232,235,237,250,259,267,273,276,280,283,286,292,293],
 [2,6,8,12,14,17,18,20,23,24,32,37,38,51,56,57,62,66,69,75,80,84,90,97,99,104,
  106,107,108,115,117,128,133,134,137,140,144,153,154,161,168,173,174,179,184,
  189,191,194,196,197,198,200,205,215,217,219,220,222,225,231,233,241,242,244,
  249,255,258,260,261,264,272,275,278,284,289,295,299]].
[[2,6,8,12,14,17,18,20,23,24,32,37,38,51,56,57,62,66,69,75,80,84,90,97,99,104,
  106,107,108,115,117,128,133,134,137,140,144,153,154,161,168,173,174,179,184,
  189,191,194,196,197,198,200,205,215,217,219,220,222,225,231,233,241,242,244,
  249,255,258,260,261,264,272,275,278,284,289,295,299],
 [5,9,21,25,30,34,35,46,47,49,53,59,61,65,68,70,71,72,74,79,85,86,87,88,91,95,
  101,112,113,121,127,129,132,145,146,148,150,152,155,157,158,162,164,165,180,
  182,203,209,211,214,216,218,227,228,236,238,239,245,246,252,253,263,269,271,
  277,282,288,290,291,294,297,298,300],
 [1,4,15,19,22,26,28,29,31,33,39,40,42,43,45,48,50,52,63,73,77,78,92,94,98,
  102,111,114,116,118,119,120,123,125,143,160,163,172,176,177,181,183,190,192,
  193,195,201,204,208,221,226,229,230,234,240,243,247,248,251,254,256,257,262,
  265,266,268,270,274,279,281,285,287,296]].
[[2,6,8,12,14,17,18,20,23,24,32,37,38,51,56,57,62,66,69,75,80,84,90,97,99,104,
  106,107,108,115,117,128,133,134,137,140,144,153,154,161,168,173,174,179,184,
  189,191,194,196,197,198,200,205,215,217,219,220,222,225,231,233,241,242,244,
  249,255,258,260,261,264,272,275,278,284,289,295,299],
 [5,9,21,25,30,34,35,46,47,49,53,59,61,65,68,70,71,72,74,79,85,86,87,88,91,95,
  101,112,113,121,127,129,132,145,146,148,150,152,155,157,158,162,164,165,180,
  182,203,209,211,214,216,218,227,228,236,238,239,245,246,252,253,263,269,271,
  277,282,288,290,291,294,297,298,300],
 [1,4,15,19,22,26,28,29,31,33,39,40,42,43,45,48,50,52,63,73,77,78,92,94,98,
  102,111,114,116,118,119,120,123,125,143,160,163,172,176,177,181,183,190,192,
  193,195,201,204,208,221,226,229,230,234,240,243,247,248,251,254,256,257,262,
  265,266,268,270,274,279,281,285,287,296]].
[[2,6,8,12,14,17,18,20,23,24,32,37,38,51,56,57,62,66,69,75,80,84,90,97,99,104,
  106,107,108,115,117,128,133,134,137,140,144,153,154,161,168,173,174,179,184,
  189,191,194,196,197,198,200,205,215,217,219,220,222,225,231,233,241,242,244,
  249,255,258,260,261,264,272,275,278,284,289,295,299],
 [5,9,21,25,30,34,35,46,47,49,53,59,61,65,68,70,71,72,74,79,85,86,87,88,91,95,
  101,112,113,121,127,129,132,145,146,148,150,152,155,157,158,162,164,165,180,
  182,203,209,211,214,216,218,227,228,236,238,239,245,246,252,253,263,269,271,
  277,282,288,290,291,294,297,298,300],
 [1,4,15,19,22,26,28,29,31,33,39,40,42,43,45,48,50,52,63,73,77,78,92,94,98,
  102,111,114,116,118,119,120,123,125,143,160,163,172,176,177,181,183,190,192,
  193,195,201,204,208,221,226,229,230,234,240,243,247,248,251,254,256,257,262,
  265,266,268,270,274,279,281,285,287,296]].
[[2,6,8,12,14,17,18,20,23,24,32,37,38,51,56,57,62,66,69,75,80,84,90,97,99,104,
  106,107,108,115,117,128,133,134,137,140,144,153,154,161,168,173,174,179,184,
  189,191,194,196,197,198,200,205,215,217,219,220,222,225,231,233,241,242,244,
  249,255,258,260,261,264,272,275,278,284,289,295,299],
 [5,9,21,25,30,34,35,46,47,49,53,59,61,65,68,70,71,72,74,79,85,86,87,88,91,95,
  101,112,113,121,127,129,132,145,146,148,150,152,155,157,158,162,164,165,180,
  182,203,209,211,214,216,218,227,228,236,238,239,245,246,252,253,263,269,271,
  277,282,288,290,291,294,297,298,300],
 [1,4,15,19,22,26,28,29,31,33,39,40,42,43,45,48,50,52,63,73,77,78,92,94,98,
  102,111,114,116,118,119,120,123,125,143,160,163,172,176,177,181,183,190,192,
  193,195,201,204,208,221,226,229,230,234,240,243,247,248,251,254,256,257,262,
  265,266,268,270,274,279,281,285,287,296]].
[[2,6,8,12,14,17,18,20,23,24,32,37,38,51,56,57,62,66,69,75,80,84,90,97,99,104,
  106,107,108,115,117,128,133,134,137,140,144,153,154,161,168,173,174,179,184,
  189,191,194,196,197,198,200,205,215,217,219,220,222,225,231,233,241,242,244,
  249,255,258,260,261,264,272,275,278,284,289,295,299],
 [5,9,21,25,30,34,35,46,47,49,53,59,61,65,68,70,71,72,74,79,85,86,87,88,91,95,
  101,112,113,121,127,129,132,145,146,148,150,152,155,157,158,162,164,165,180,
  182,203,209,211,214,216,218,227,228,236,238,239,245,246,252,253,263,269,271,
  277,282,288,290,291,294,297,298,300],
 [1,4,15,19,22,26,28,29,31,33,39,40,42,43,45,48,50,52,63,73,77,78,92,94,98,
  102,111,114,116,118,119,120,123,125,143,160,163,172,176,177,181,183,190,192,
  193,195,201,204,208,221,226,229,230,234,240,243,247,248,251,254,256,257,262,
  265,266,268,270,274,279,281,285,287,296]].
[[2,6,8,12,14,17,18,20,23,24,32,37,38,51,56,57,62,66,69,75,80,84,90,97,99,104,
  106,107,108,115,117,128,133,134,137,140,144,153,154,161,168,173,174,179,184,
  189,191,194,196,197,198,200,205,215,217,219,220,222,225,231,233,241,242,244,
  249,255,258,260,261,264,272,275,278,284,289,295,299],
 [5,9,21,25,30,34,35,46,47,49,53,59,61,65,68,70,71,72,74,79,85,86,87,88,91,95,
  101,112,113,121,127,129,132,145,146,148,150,152,155,157,158,162,164,165,180,
  182,203,209,211,214,216,218,227,228,236,238,239,245,246,252,253,263,269,271,
  277,282,288,290,291,294,297,298,300],
 [1,4,15,19,22,26,28,29,31,33,39,40,42,43,45,48,50,52,63,73,77,78,92,94,98,
  102,111,114,116,118,119,120,123,125,143,160,163,172,176,177,181,183,190,192,
  193,195,201,204,208,221,226,229,230,234,240,243,247,248,251,254,256,257,262,
  265,266,268,270,274,279,281,285,287,296]].
[[2,6,8,12,14,17,18,20,23,24,32,37,38,51,56,57,62,66,69,75,80,84,90,97,99,104,
  106,107,108,115,117,128,133,134,137,140,144,153,154,161,168,173,174,179,184,
  189,191,194,196,197,198,200,205,215,217,219,220,222,225,231,233,241,242,244,
  249,255,258,260,261,264,272,275,278,284,289,295,299],
 [5,9,21,25,30,34,35,46,47,49,53,59,61,65,68,70,71,72,74,79,85,86,87,88,91,95,
  101,112,113,121,127,129,132,145,146,148,150,152,155,157,158,162,164,165,180,
  182,203,209,211,214,216,218,227,228,236,238,239,245,246,252,253,263,269,271,
  277,282,288,290,291,294,297,298,300],
 [1,4,15,19,22,26,28,29,31,33,39,40,42,43,45,48,50,52,63,73,77,78,92,94,98,
  102,111,114,116,118,119,120,123,125,143,160,163,172,176,177,181,183,190,192,
  193,195,201,204,208,221,226,229,230,234,240,243,247,248,251,254,256,257,262,
  265,266,268,270,274,279,281,285,287,296]].
[[2,6,8,12,14,17,18,20,23,24,32,37,38,51,56,57,62,66,69,75,80,84,90,97,99,104,
  106,107,108,115,117,128,133,134,137,140,144,153,154,161,168,173,174,179,184,
  189,191,194,196,197,198,200,205,215,217,219,220,222,225,231,233,241,242,244,
  249,255,258,260,261,264,272,275,278,284,289,295,299],
 [5,9,21,25,30,34,35,46,47,49,53,59,61,65,68,70,71,72,74,79,85,86,87,88,91,95,
  101,112,113,121,127,129,132,145,146,148,150,152,155,157,158,162,164,165,180,
  182,203,209,211,214,216,218,227,228,236,238,239,245,246,252,253,263,269,271,
  277,282,288,290,291,294,297,298,300],
 [1,4,15,19,22,26,28,29,31,33,39,40,42,43,45,48,50,52,63,73,77,78,92,94,98,
  102,111,114,116,118,119,120,123,125,143,160,163,172,176,177,181,183,190,192,
  193,195,201,204,208,221,226,229,230,234,240,243,247,248,251,254,256,257,262,
  265,266,268,270,274,279,281,285,287,296]].
[[2,6,8,12,14,17,18,20,23,24,32,37,38,51,56,57,62,66,69,75,80,84,90,97,99,104,
  106,107,108,115,117,128,133,134,137,140,144,153,154,161,168,173,174,179,184,
  189,191,194,196,197,198,200,205,215,217,219,220,222,225,231,233,241,242,244,
  249,255,258,260,261,264,272,275,278,284,289,295,299],
 [5,9,21,25,30,34,35,46,47,49,53,59,61,65,68,70,71,72,74,79,85,86,87,88,91,95,
  101,112,113,121,127,129,132,145,146,148,150,152,155,157,158,162,164,165,180,
  182,203,209,211,214,216,218,227,228,236,238,239,245,246,252,253,263,269,271,
  277,282,288,290,291,294,297,298,300],
 [1,4,15,19,22,26,28,29,31,33,39,40,42,43,45,48,50,52,63,73,77,78,92,94,98,
  102,111,114,116,118,119,120,123,125,143,160,163,172,176,177,181,183,190,192,
  193,195,201,204,208,221,226,229,230,234,240,243,247,248,251,254,256,257,262,
  265,266,268,270,274,279,281,285,287,296]].
[[2,6,8,12,14,17,18,20,23,24,32,37,38,51,56,57,62,66,69,75,80,84,90,97,99,104,
  106,107,108,115,117,128,133,134,137,140,144,153,154,161,168,173,174,179,184,
  189,191,194,196,197,198,200,205,215,217,219,220,222,225,231,233,241,242,244,
  249,255,258,260,261,264,272,275,278,284,289,295,299],
 [5,9,21,25,30,34,35,46,47,49,53,59,61,65,68,70,71,72,74,79,85,86,87,88,91,95,
  101,112,113,121,127,129,132,145,146,148,150,152,155,157,158,162,164,165,180,
  182,203,209,211,214,216,218,227,228,236,238,239,245,246,252,253,263,269,271,
  277,282,288,290,291,294,297,298,300],
 [1,4,15,19,22,26,28,29,31,33,39,40,42,43,45,48,50,52,63,73,77,78,92,94,98,
  102,111,114,116,118,119,120,123,125,143,160,163,172,176,177,181,183,190,192,
  193,195,201,204,208,221,226,229,230,234,240,243,247,248,251,254,256,257,262,
  265,266,268,270,274,279,281,285,287,296]].
[[2,6,8,12,14,17,18,20,23,24,32,37,38,51,56,57,62,66,69,75,80,84,90,97,99,104,
  106,107,108,115,117,128,133,134,137,140,144,153,154,161,168,173,174,179,184,
  189,191,194,196,197,198,200,205,215,217,219,220,222,225,231,233,241,242,244,
  249,255,258,260,261,264,272,275,278,284,289,295,299],
 [5,9,21,25,30,34,35,46,47,49,53,59,61,65,68,70,71,72,74,79,85,86,87,88,91,95,
  101,112,113,121,127,129,132,145,146,148,150,152,155,157,158,162,164,165,180,
  182,203,209,211,214,216,218,227,228,236,238,239,245,246,252,253,263,269,271,
  277,282,288,290,291,294,297,298,300],
 [1,4,15,19,22,26,28,29,31,33,39,40,42,43,45,48,50,52,63,73,77,78,92,94,98,
  102,111,114,116,118,119,120,123,125,143,160,163,172,176,177,181,183,190,192,
  193,195,201,204,208,221,226,229,230,234,240,243,247,248,251,254,256,257,262,
  265,266,268,270,274,279,281,285,287,296]].
[[1,4,15,19,22,26,28,29,31,33,39,40,42,43,45,48,50,52,63,73,77,78,92,94,98,
  102,111,114,116,118,119,120,123,125,143,160,163,172,176,177,181,183,190,192,
  193,195,201,204,208,221,226,229,230,234,240,243,247,248,251,254,256,257,262,
  265,266,268,270,274,279,281,285,287,296],
 [3,7,10,11,13,16,27,36,41,44,54,55,58,60,64,67,76,81,82,83,89,93,96,100,103,
  105,109,110,122,124,126,130,131,135,136,138,139,141,142,147,149,151,156,159,
  166,167,169,170,171,175,178,185,186,187,188,199,202,206,207,210,212,213,223,
  224,232,235,237,250,259,267,273,276,280,283,286,292,293],
 [2,6,8,12,14,17,18,20,23,24,32,37,38,51,56,57,62,66,69,75,80,84,90,97,99,104,
  106,107,108,115,117,128,133,134,137,140,144,153,154,161,168,173,174,179,184,
  189,191,194,196,197,198,200,205,215,217,219,220,222,225,231,233,241,242,244,
  249,255,258,260,261,264,272,275,278,284,289,295,299]].
[[5,9,21,25,30,34,35,46,47,49,53,59,61,65,68,70,71,72,74,79,85,86,87,88,91,95,
  101,112,113,121,127,129,132,145,146,148,150,152,155,157,158,162,164,165,180,
  182,203,209,211,214,216,218,227,228,236,238,239,245,246,252,253,263,269,271,
  277,282,288,290,291,294,297,298,300],
 [2,6,8,12,14,17,18,20,23,24,32,37,38,51,56,57,62,66,69,75,80,84,90,97,99,104,
  106,107,108,115,117,128,133,134,137,140,144,153,154,161,168,173,174,179,184,
  189,191,194,196,197,198,200,205,215,217,219,220,222,225,231,233,241,242,244,
  249,255,258,260,261,264,272,275,278,284,289,295,299],
 [3,7,10,11,13,16,27,36,41,44,54,55,58,60,64,67,76,81,82,83,89,93,96,100,103,
  105,109,110,122,124,126,130,131,135,136,138,139,141,142,147,149,151,156,159,
  166,167,169,170,171,175,178,185,186,187,188,199,202,206,207,210,212,213,223,
  224,232,235,237,250,259,267,273,276,280,283,286,292,293]].
[[2,6,8,12,14,17,18,20,23,24,32,37,38,51,56,57,62,66,69,75,80,84,90,97,99,104,
  106,107,108,115,117,128,133,134,137,140,144,153,154,161,168,173,174,179,184,
  189,191,194,196,197,198,200,205,215,217,219,220,222,225,231,233,241,242,244,
  249,255,258,260,261,264,272,275,278,284,289,295,299],
 [5,9,21,25,30,34,35,46,47,49,53,59,61,65,68,70,71,72,74,79,85,86,87,88,91,95,
  101,112,113,121,127,129,132,145,146,148,150,152,155,157,158,162,164,165,180,
  182,203,209,211,214,216,218,227,228,236,238,239,245,246,252,253,263,269,271,
  277,282,288,290,291,294,297,298,300],
 [1,4,15,19,22,26,28,29,31,33,39,40,42,43,45,48,50,52,63,73,77,78,92,94,98,
  102,111,114,116,118,119,120,123,125,143,160,163,172,176,177,181,183,190,192,
  193,195,201,204,208,221,226,229,230,234,240,243,247,248,251,254,256,257,262,
  265,266,268,270,274,279,281,285,287,296]].
[[2,6,8,12,14,17,18,20,23,24,32,37,38,51,56,57,62,66,69,75,80,84,90,97,99,104,
  106,107,108,115,117,128,133,134,137,140,144,153,154,161,168,173,174,179,184,
  189,191,194,196,197,198,200,205,215,217,219,220,222,225,231,233,241,242,244,
  249,255,258,260,261,264,272,275,278,284,289,295,299],
 [5,9,21,25,30,34,35,46,47,49,53,59,61,65,68,70,71,72,74,79,85,86,87,88,91,95,
  101,112,113,121,127,129,132,145,146,148,150,152,155,157,158,162,164,165,180,
  182,203,209,211,214,216,218,227,228,236,238,239,245,246,252,253,263,269,271,
  277,282,288,290,291,294,297,298,300],
 [1,4,15,19,22,26,28,29,31,33,39,40,42,43,45,48,50,52,63,73,77,78,92,94,98,
  102,111,114,116,118,119,120,123,125,143,160,163,172,176,177,181,183,190,192,
  193,195,201,204,208,221,226,229,230,234,240,243,247,248,251,254,256,257,262,
  265,266,268,270,274,279,281,285,287,296]].
[[5,9,21,25,30,34,35,46,47,49,53,59,61,65,68,70,71,72,74,79,85,86,87,88,91,95,
  101,112,113,121,127,129,132,145,146,148,150,152,155,157,158,162,164,165,180,
  182,203,209,211,214,216,218,227,228,236,238,239,245,246,252,253,263,269,271,
  277,282,288,290,291,294,297,298,300],
 [2,6,8,12,14,17,18,20,23,24,32,37,38,51,56,57,62,66,69,75,80,84,90,97,99,104,
  106,107,108,115,117,128,133,134,137,140,144,153,154,161,168,173,174,179,184,
  189,191,194,196,197,198,200,205,215,217,219,220,222,225,231,233,241,242,244,
  249,255,258,260,261,264,272,275,278,284,289,295,299],
 [3,7,10,11,13,16,27,36,41,44,54,55,58,60,64,67,76,81,82,83,89,93,96,100,103,
  105,109,110,122,124,126,130,131,135,136,138,139,141,142,147,149,151,156,159,
  166,167,169,170,171,175,178,185,186,187,188,199,202,206,207,210,212,213,223,
  224,232,235,237,250,259,267,273,276,280,283,286,292,293]].
[[2,6,8,12,14,17,18,20,23,24,32,37,38,51,56,57,62,66,69,75,80,84,90,97,99,104,
  106,107,108,115,117,128,133,134,137,140,144,153,154,161,168,173,174,179,184,
  189,191,194,196,197,198,200,205,215,217,219,220,222,225,231,233,241,242,244,
  249,255,258,260,261,264,272,275,278,284,289,295,299],
 [5,9,21,25,30,34,35,46,47,49,53,59,61,65,68,70,71,72,74,79,85,86,87,88,91,95,
  101,112,113,121,127,129,132,145,146,148,150,152,155,157,158,162,164,165,180,
  182,203,209,211,214,216,218,227,228,236,238,239,245,246,252,253,263,269,271,
  277,282,288,290,291,294,297,298,300],
 [1,4,15,19,22,26,28,29,31,33,39,40,42,43,45,48,50,52,63,73,77,78,92,94,98,
  102,111,114,116,118,119,120,123,125,143,160,163,172,176,177,181,183,190,192,
  193,195,201,204,208,221,226,229,230,234,240,243,247,248,251,254,256,257,262,
  265,266,268,270,274,279,281,285,287,296]].
[[2,6,8,12,14,17,18,20,23,24,32,37,38,51,56,57,62,66,69,75,80,84,90,97,99,104,
  106,107,108,115,117,128,133,134,137,140,144,153,154,161,168,173,174,179,184,
  189,191,194,196,197,198,200,205,215,217,219,220,222,225,231,233,241,242,244,
  249,255,258,260,261,264,272,275,278,284,289,295,299],
 [5,9,21,25,30,34,35,46,47,49,53,59,61,65,68,70,71,72,74,79,85,86,87,88,91,95,
  101,112,113,121,127,129,132,145,146,148,150,152,155,157,158,162,164,165,180,
  182,203,209,211,214,216,218,227,228,236,238,239,245,246,252,253,263,269,271,
  277,282,288,290,291,294,297,298,300],
 [1,4,15,19,22,26,28,29,31,33,39,40,42,43,45,48,50,52,63,73,77,78,92,94,98,
  102,111,114,116,118,119,120,123,125,143,160,163,172,176,177,181,183,190,192,
  193,195,201,204,208,221,226,229,230,234,240,243,247,248,251,254,256,257,262,
  265,266,268,270,274,279,281,285,287,296]].
[[2,6,8,12,14,17,18,20,23,24,32,37,38,51,56,57,62,66,69,75,80,84,90,97,99,104,
  106,107,108,115,117,128,133,134,137,140,144,153,154,161,168,173,174,179,184,
  189,191,194,196,197,198,200,205,215,217,219,220,222,225,231,233,241,242,244,
  249,255,258,260,261,264,272,275,278,284,289,295,299],
 [5,9,21,25,30,34,35,46,47,49,53,59,61,65,68,70,71,72,74,79,85,86,87,88,91,95,
  101,112,113,121,127,129,132,145,146,148,150,152,155,157,158,162,164,165,180,
  182,203,209,211,214,216,218,227,228,236,238,239,245,246,252,253,263,269,271,
  277,282,288,290,291,294,297,298,300],
 [1,4,15,19,22,26,28,29,31,33,39,40,42,43,45,48,50,52,63,73,77,78,92,94,98,
  102,111,114,116,118,119,120,123,125,143,160,163,172,176,177,181,183,190,192,
  193,195,201,204,208,221,226,229,230,234,240,243,247,248,251,254,256,257,262,
  265,266,268,270,274,279,281,285,287,296]].
[[2,6,8,12,14,17,18,20,23,24,32,37,38,51,56,57,62,66,69,75,80,84,90,97,99,104,
  106,107,108,115,117,128,133,134,137,140,144,153,154,161,168,173,174,179,184,
  189,191,194,196,197,198,200,205,215,217,219,220,222,225,231,233,241,242,244,
  249,255,258,260,261,264,272,275,278,284,289,295,299],
 [5,9,21,25,30,34,35,46,47,49,53,59,61,65,68,70,71,72,74,79,85,86,87,88,91,95,
  101,112,113,121,127,129,132,145,146,148,150,152,155,157,158,162,164,165,180,
  182,203,209,211,214,216,218,227,228,236,238,239,245,246,252,253,263,269,271,
  277,282,288,290,291,294,297,298,300],
 [1,4,15,19,22,26,28,29,31,33,39,40,42,43,45,48,50,52,63,73,77,78,92,94,98,
  102,111,114,116,118,119,120,123,125,143,160,163,172,176,177,181,183,190,192,
  193,195,201,204,208,221,226,229,230,234,240,243,247,248,251,254,256,257,262,
  265,266,268,270,274,279,281,285,287,296]].
[[2,6,8,12,14,17,18,20,23,24,32,37,38,51,56,57,62,66,69,75,80,84,90,97,99,104,
  106,107,108,115,117,128,133,134,137,140,144,153,154,161,168,173,174,179,184,
  189,191,194,196,197,198,200,205,215,217,219,220,222,225,231,233,241,242,244,
  249,255,258,260,261,264,272,275,278,284,289,295,299],
 [5,9,21,25,30,34,35,46,47,49,53,59,61,65,68,70,71,72,74,79,85,86,87,88,91,95,
  101,112,113,121,127,129,132,145,146,148,150,152,155,157,158,162,164,165,180,
  182,203,209,211,214,216,218,227,228,236,238,239,245,246,252,253,263,269,271,
  277,282,288,290,291,294,297,298,300],
 [1,4,15,19,22,26,28,29,31,33,39,40,42,43,45,48,50,52,63,73,77,78,92,94,98,
  102,111,114,116,118,119,120,123,125,143,160,163,172,176,177,181,183,190,192,
  193,195,201,204,208,221,226,229,230,234,240,243,247,248,251,254,256,257,262,
  265,266,268,270,274,279,281,285,287,296]].
[[5,9,21,25,30,34,35,46,47,49,53,59,61,65,68,70,71,72,74,79,85,86,87,88,91,95,
  101,112,113,121,127,129,132,145,146,148,150,152,155,157,158,162,164,165,180,
  182,203,209,211,214,216,218,227,228,236,238,239,245,246,252,253,263,269,271,
  277,282,288,290,291,294,297,298,300],
 [2,6,8,12,14,17,18,20,23,24,32,37,38,51,56,57,62,66,69,75,80,84,90,97,99,104,
  106,107,108,115,117,128,133,134,137,140,144,153,154,161,168,173,174,179,184,
  189,191,194,196,197,198,200,205,215,217,219,220,222,225,231,233,241,242,244,
  249,255,258,260,261,264,272,275,278,284,289,295,299],
 [3,7,10,11,13,16,27,36,41,44,54,55,58,60,64,67,76,81,82,83,89,93,96,100,103,
  105,109,110,122,124,126,130,131,135,136,138,139,141,142,147,149,151,156,159,
  166,167,169,170,171,175,178,185,186,187,188,199,202,206,207,210,212,213,223,
  224,232,235,237,250,259,267,273,276,280,283,286,292,293]].
[[2,6,8,12,14,17,18,20,23,24,32,37,38,51,56,57,62,66,69,75,80,84,90,97,99,104,
  106,107,108,115,117,128,133,134,137,140,144,153,154,161,168,173,174,179,184,
  189,191,194,196,197,198,200,205,215,217,219,220,222,225,231,233,241,242,244,
  249,255,258,260,261,264,272,275,278,284,289,295,299],
 [5,9,21,25,30,34,35,46,47,49,53,59,61,65,68,70,71,72,74,79,85,86,87,88,91,95,
  101,112,113,121,127,129,132,145,146,148,150,152,155,157,158,162,164,165,180,
  182,203,209,211,214,216,218,227,228,236,238,239,245,246,252,253,263,269,271,
  277,282,288,290,291,294,297,298,300],
 [1,4,15,19,22,26,28,29,31,33,39,40,42,43,45,48,50,52,63,73,77,78,92,94,98,
  102,111,114,116,118,119,120,123,125,143,160,163,172,176,177,181,183,190,192,
  193,195,201,204,208,221,226,229,230,234,240,243,247,248,251,254,256,257,262,
  265,266,268,270,274,279,281,285,287,296]].
[[2,6,8,12,14,17,18,20,23,24,32,37,38,51,56,57,62,66,69,75,80,84,90,97,99,104,
  106,107,108,115,117,128,133,134,137,140,144,153,154,161,168,173,174,179,184,
  189,191,194,196,197,198,200,205,215,217,219,220,222,225,231,233,241,242,244,
  249,255,258,260,261,264,272,275,278,284,289,295,299],
 [5,9,21,25,30,34,35,46,47,49,53,59,61,65,68,70,71,72,74,79,85,86,87,88,91,95,
  101,112,113,121,127,129,132,145,146,148,150,152,155,157,158,162,164,165,180,
  182,203,209,211,214,216,218,227,228,236,238,239,245,246,252,253,263,269,271,
  277,282,288,290,291,294,297,298,300],
 [1,4,15,19,22,26,28,29,31,33,39,40,42,43,45,48,50,52,63,73,77,78,92,94,98,
  102,111,114,116,118,119,120,123,125,143,160,163,172,176,177,181,183,190,192,
  193,195,201,204,208,221,226,229,230,234,240,243,247,248,251,254,256,257,262,
  265,266,268,270,274,279,281,285,287,296]].
[[2,6,8,12,14,17,18,20,23,24,32,37,38,51,56,57,62,66,69,75,80,84,90,97,99,104,
  106,107,108,115,117,128,133,134,137,140,144,153,154,161,168,173,174,179,184,
  189,191,194,196,197,198,200,205,215,217,219,220,222,225,231,233,241,242,244,
  249,255,258,260,261,264,272,275,278,284,289,295,299],
 [5,9,21,25,30,34,35,46,47,49,53,59,61,65,68,70,71,72,74,79,85,86,87,88,91,95,
  101,112,113,121,127,129,132,145,146,148,150,152,155,157,158,162,164,165,180,
  182,203,209,211,214,216,218,227,228,236,238,239,245,246,252,253,263,269,271,
  277,282,288,290,291,294,297,298,300],
 [1,4,15,19,22,26,28,29,31,33,39,40,42,43,45,48,50,52,63,73,77,78,92,94,98,
  102,111,114,116,118,119,120,123,125,143,160,163,172,176,177,181,183,190,192,
  193,195,201,204,208,221,226,229,230,234,240,243,247,248,251,254,256,257,262,
  265,266,268,270,274,279,281,285,287,296]].
[[5,9,21,25,30,34,35,46,47,49,53,59,61,65,68,70,71,72,74,79,85,86,87,88,91,95,
  101,112,113,121,127,129,132,145,146,148,150,152,155,157,158,162,164,165,180,
  182,203,209,211,214,216,218,227,228,236,238,239,245,246,252,253,263,269,271,
  277,282,288,290,291,294,297,298,300],
 [2,6,8,12,14,17,18,20,23,24,32,37,38,51,56,57,62,66,69,75,80,84,90,97,99,104,
  106,107,108,115,117,128,133,134,137,140,144,153,154,161,168,173,174,179,184,
  189,191,194,196,197,198,200,205,215,217,219,220,222,225,231,233,241,242,244,
  249,255,258,260,261,264,272,275,278,284,289,295,299],
 [3,7,10,11,13,16,27,36,41,44,54,55,58,60,64,67,76,81,82,83,89,93,96,100,103,
  105,109,110,122,124,126,130,131,135,136,138,139,141,142,147,149,151,156,159,
  166,167,169,170,171,175,178,185,186,187,188,199,202,206,207,210,212,213,223,
  224,232,235,237,250,259,267,273,276,280,283,286,292,293]].
[[2,6,8,12,14,17,18,20,23,24,32,37,38,51,56,57,62,66,69,75,80,84,90,97,99,104,
  106,107,108,115,117,128,133,134,137,140,144,153,154,161,168,173,174,179,184,
  189,191,194,196,197,198,200,205,215,217,219,220,222,225,231,233,241,242,244,
  249,255,258,260,261,264,272,275,278,284,289,295,299],
 [5,9,21,25,30,34,35,46,47,49,53,59,61,65,68,70,71,72,74,79,85,86,87,88,91,95,
  101,112,113,121,127,129,132,145,146,148,150,152,155,157,158,162,164,165,180,
  182,203,209,211,214,216,218,227,228,236,238,239,245,246,252,253,263,269,271,
  277,282,288,290,291,294,297,298,300],
 [1,4,15,19,22,26,28,29,31,33,39,40,42,43,45,48,50,52,63,73,77,78,92,94,98,
  102,111,114,116,118,119,120,123,125,143,160,163,172,176,177,181,183,190,192,
  193,195,201,204,208,221,226,229,230,234,240,243,247,248,251,254,256,257,262,
  265,266,268,270,274,279,281,285,287,296]].
[[2,6,8,12,14,17,18,20,23,24,32,37,38,51,56,57,62,66,69,75,80,84,90,97,99,104,
  106,107,108,115,117,128,133,134,137,140,144,153,154,161,168,173,174,179,184,
  189,191,194,196,197,198,200,205,215,217,219,220,222,225,231,233,241,242,244,
  249,255,258,260,261,264,272,275,278,284,289,295,299],
 [5,9,21,25,30,34,35,46,47,49,53,59,61,65,68,70,71,72,74,79,85,86,87,88,91,95,
  101,112,113,121,127,129,132,145,146,148,150,152,155,157,158,162,164,165,180,
  182,203,209,211,214,216,218,227,228,236,238,239,245,246,252,253,263,269,271,
  277,282,288,290,291,294,297,298,300],
 [1,4,15,19,22,26,28,29,31,33,39,40,42,43,45,48,50,52,63,73,77,78,92,94,98,
  102,111,114,116,118,119,120,123,125,143,160,163,172,176,177,181,183,190,192,
  193,195,201,204,208,221,226,229,230,234,240,243,247,248,251,254,256,257,262,
  265,266,268,270,274,279,281,285,287,296]].
[[2,6,8,12,14,17,18,20,23,24,32,37,38,51,56,57,62,66,69,75,80,84,90,97,99,104,
  106,107,108,115,117,128,133,134,137,140,144,153,154,161,168,173,174,179,184,
  189,191,194,196,197,198,200,205,215,217,219,220,222,225,231,233,241,242,244,
  249,255,258,260,261,264,272,275,278,284,289,295,299],
 [5,9,21,25,30,34,35,46,47,49,53,59,61,65,68,70,71,72,74,79,85,86,87,88,91,95,
  101,112,113,121,127,129,132,145,146,148,150,152,155,157,158,162,164,165,180,
  182,203,209,211,214,216,218,227,228,236,238,239,245,246,252,253,263,269,271,
  277,282,288,290,291,294,297,298,300],
 [1,4,15,19,22,26,28,29,31,33,39,40,42,43,45,48,50,52,63,73,77,78,92,94,98,
  102,111,114,116,118,119,120,123,125,143,160,163,172,176,177,181,183,190,192,
  193,195,201,204,208,221,226,229,230,234,240,243,247,248,251,254,256,257,262,
  265,266,268,270,274,279,281,285,287,296]].
[[2,6,8,12,14,17,18,20,23,24,32,37,38,51,56,57,62,66,69,75,80,84,90,97,99,104,
  106,107,108,115,117,128,133,134,137,140,144,153,154,161,168,173,174,179,184,
  189,191,194,196,197,198,200,205,215,217,219,220,222,225,231,233,241,242,244,
  249,255,258,260,261,264,272,275,278,284,289,295,299],
 [5,9,21,25,30,34,35,46,47,49,53,59,61,65,68,70,71,72,74,79,85,86,87,88,91,95,
  101,112,113,121,127,129,132,145,146,148,150,152,155,157,158,162,164,165,180,
  182,203,209,211,214,216,218,227,228,236,238,239,245,246,252,253,263,269,271,
  277,282,288,290,291,294,297,298,300],
 [1,4,15,19,22,26,28,29,31,33,39,40,42,43,45,48,50,52,63,73,77,78,92,94,98,
  102,111,114,116,118,119,120,123,125,143,160,163,172,176,177,181,183,190,192,
  193,195,201,204,208,221,226,229,230,234,240,243,247,248,251,254,256,257,262,
  265,266,268,270,274,279,281,285,287,296]].
[[3,7,10,11,13,16,27,36,41,44,54,55,58,60,64,67,76,81,82,83,89,93,96,100,103,
  105,109,110,122,124,126,130,131,135,136,138,139,141,142,147,149,151,156,159,
  166,167,169,170,171,175,178,185,186,187,188,199,202,206,207,210,212,213,223,
  224,232,235,237,250,259,267,273,276,280,283,286,292,293],
 [1,4,15,19,22,26,28,29,31,33,39,40,42,43,45,48,50,52,63,73,77,78,92,94,98,
  102,111,114,116,118,119,120,123,125,143,160,163,172,176,177,181,183,190,192,
  193,195,201,204,208,221,226,229,230,234,240,243,247,248,251,254,256,257,262,
  265,266,268,270,274,279,281,285,287,296],
 [5,9,21,25,30,34,35,46,47,49,53,59,61,65,68,70,71,72,74,79,85,86,87,88,91,95,
  101,112,113,121,127,129,132,145,146,148,150,152,155,157,158,162,164,165,180,
  182,203,209,211,214,216,218,227,228,236,238,239,245,246,252,253,263,269,271,
  277,282,288,290,291,294,297,298,300]].
[[2,6,8,12,14,17,18,20,23,24,32,37,38,51,56,57,62,66,69,75,80,84,90,97,99,104,
  106,107,108,115,117,128,133,134,137,140,144,153,154,161,168,173,174,179,184,
  189,191,194,196,197,198,200,205,215,217,219,220,222,225,231,233,241,242,244,
  249,255,258,260,261,264,272,275,278,284,289,295,299],
 [5,9,21,25,30,34,35,46,47,49,53,59,61,65,68,70,71,72,74,79,85,86,87,88,91,95,
  101,112,113,121,127,129,132,145,146,148,150,152,155,157,158,162,164,165,180,
  182,203,209,211,214,216,218,227,228,236,238,239,245,246,252,253,263,269,271,
  277,282,288,290,291,294,297,298,300],
 [1,4,15,19,22,26,28,29,31,33,39,40,42,43,45,48,50,52,63,73,77,78,92,94,98,
  102,111,114,116,118,119,120,123,125,143,160,163,172,176,177,181,183,190,192,
  193,195,201,204,208,221,226,229,230,234,240,243,247,248,251,254,256,257,262,
  265,266,268,270,274,279,281,285,287,296]].
[[2,6,8,12,14,17,18,20,23,24,32,37,38,51,56,57,62,66,69,75,80,84,90,97,99,104,
  106,107,108,115,117,128,133,134,137,140,144,153,154,161,168,173,174,179,184,
  189,191,194,196,197,198,200,205,215,217,219,220,222,225,231,233,241,242,244,
  249,255,258,260,261,264,272,275,278,284,289,295,299],
 [5,9,21,25,30,34,35,46,47,49,53,59,61,65,68,70,71,72,74,79,85,86,87,88,91,95,
  101,112,113,121,127,129,132,145,146,148,150,152,155,157,158,162,164,165,180,
  182,203,209,211,214,216,218,227,228,236,238,239,245,246,252,253,263,269,271,
  277,282,288,290,291,294,297,298,300],
 [1,4,15,19,22,26,28,29,31,33,39,40,42,43,45,48,50,52,63,73,77,78,92,94,98,
  102,111,114,116,118,119,120,123,125,143,160,163,172,176,177,181,183,190,192,
  193,195,201,204,208,221,226,229,230,234,240,243,247,248,251,254,256,257,262,
  265,266,268,270,274,279,281,285,287,296]].
[[2,6,8,12,14,17,18,20,23,24,32,37,38,51,56,57,62,66,69,75,80,84,90,97,99,104,
  106,107,108,115,117,128,133,134,137,140,144,153,154,161,168,173,174,179,184,
  189,191,194,196,197,198,200,205,215,217,219,220,222,225,231,233,241,242,244,
  249,255,258,260,261,264,272,275,278,284,289,295,299],
 [5,9,21,25,30,34,35,46,47,49,53,59,61,65,68,70,71,72,74,79,85,86,87,88,91,95,
  101,112,113,121,127,129,132,145,146,148,150,152,155,157,158,162,164,165,180,
  182,203,209,211,214,216,218,227,228,236,238,239,245,246,252,253,263,269,271,
  277,282,288,290,291,294,297,298,300],
 [1,4,15,19,22,26,28,29,31,33,39,40,42,43,45,48,50,52,63,73,77,78,92,94,98,
  102,111,114,116,118,119,120,123,125,143,160,163,172,176,177,181,183,190,192,
  193,195,201,204,208,221,226,229,230,234,240,243,247,248,251,254,256,257,262,
  265,266,268,270,274,279,281,285,287,296]].
[[1,4,15,19,22,26,28,29,31,33,39,40,42,43,45,48,50,52,63,73,77,78,92,94,98,
  102,111,114,116,118,119,120,123,125,143,160,163,172,176,177,181,183,190,192,
  193,195,201,204,208,221,226,229,230,234,240,243,247,248,251,254,256,257,262,
  265,266,268,270,274,279,281,285,287,296],
 [3,7,10,11,13,16,27,36,41,44,54,55,58,60,64,67,76,81,82,83,89,93,96,100,103,
  105,109,110,122,124,126,130,131,135,136,138,139,141,142,147,149,151,156,159,
  166,167,169,170,171,175,178,185,186,187,188,199,202,206,207,210,212,213,223,
  224,232,235,237,250,259,267,273,276,280,283,286,292,293],
 [2,6,8,12,14,17,18,20,23,24,32,37,38,51,56,57,62,66,69,75,80,84,90,97,99,104,
  106,107,108,115,117,128,133,134,137,140,144,153,154,161,168,173,174,179,184,
  189,191,194,196,197,198,200,205,215,217,219,220,222,225,231,233,241,242,244,
  249,255,258,260,261,264,272,275,278,284,289,295,299]].
[[2,6,8,12,14,17,18,20,23,24,32,37,38,51,56,57,62,66,69,75,80,84,90,97,99,104,
  106,107,108,115,117,128,133,134,137,140,144,153,154,161,168,173,174,179,184,
  189,191,194,196,197,198,200,205,215,217,219,220,222,225,231,233,241,242,244,
  249,255,258,260,261,264,272,275,278,284,289,295,299],
 [5,9,21,25,30,34,35,46,47,49,53,59,61,65,68,70,71,72,74,79,85,86,87,88,91,95,
  101,112,113,121,127,129,132,145,146,148,150,152,155,157,158,162,164,165,180,
  182,203,209,211,214,216,218,227,228,236,238,239,245,246,252,253,263,269,271,
  277,282,288,290,291,294,297,298,300],
 [1,4,15,19,22,26,28,29,31,33,39,40,42,43,45,48,50,52,63,73,77,78,92,94,98,
  102,111,114,116,118,119,120,123,125,143,160,163,172,176,177,181,183,190,192,
  193,195,201,204,208,221,226,229,230,234,240,243,247,248,251,254,256,257,262,
  265,266,268,270,274,279,281,285,287,296]].
[[2,6,8,12,14,17,18,20,23,24,32,37,38,51,56,57,62,66,69,75,80,84,90,97,99,104,
  106,107,108,115,117,128,133,134,137,140,144,153,154,161,168,173,174,179,184,
  189,191,194,196,197,198,200,205,215,217,219,220,222,225,231,233,241,242,244,
  249,255,258,260,261,264,272,275,278,284,289,295,299],
 [5,9,21,25,30,34,35,46,47,49,53,59,61,65,68,70,71,72,74,79,85,86,87,88,91,95,
  101,112,113,121,127,129,132,145,146,148,150,152,155,157,158,162,164,165,180,
  182,203,209,211,214,216,218,227,228,236,238,239,245,246,252,253,263,269,271,
  277,282,288,290,291,294,297,298,300],
 [1,4,15,19,22,26,28,29,31,33,39,40,42,43,45,48,50,52,63,73,77,78,92,94,98,
  102,111,114,116,118,119,120,123,125,143,160,163,172,176,177,181,183,190,192,
  193,195,201,204,208,221,226,229,230,234,240,243,247,248,251,254,256,257,262,
  265,266,268,270,274,279,281,285,287,296]].
[[2,6,8,12,14,17,18,20,23,24,32,37,38,51,56,57,62,66,69,75,80,84,90,97,99,104,
  106,107,108,115,117,128,133,134,137,140,144,153,154,161,168,173,174,179,184,
  189,191,194,196,197,198,200,205,215,217,219,220,222,225,231,233,241,242,244,
  249,255,258,260,261,264,272,275,278,284,289,295,299],
 [5,9,21,25,30,34,35,46,47,49,53,59,61,65,68,70,71,72,74,79,85,86,87,88,91,95,
  101,112,113,121,127,129,132,145,146,148,150,152,155,157,158,162,164,165,180,
  182,203,209,211,214,216,218,227,228,236,238,239,245,246,252,253,263,269,271,
  277,282,288,290,291,294,297,298,300],
 [1,4,15,19,22,26,28,29,31,33,39,40,42,43,45,48,50,52,63,73,77,78,92,94,98,
  102,111,114,116,118,119,120,123,125,143,160,163,172,176,177,181,183,190,192,
  193,195,201,204,208,221,226,229,230,234,240,243,247,248,251,254,256,257,262,
  265,266,268,270,274,279,281,285,287,296]].
[[1,4,15,19,22,26,28,29,31,33,39,40,42,43,45,48,50,52,63,73,77,78,92,94,98,
  102,111,114,116,118,119,120,123,125,143,160,163,172,176,177,181,183,190,192,
  193,195,201,204,208,221,226,229,230,234,240,243,247,248,251,254,256,257,262,
  265,266,268,270,274,279,281,285,287,296],
 [3,7,10,11,13,16,27,36,41,44,54,55,58,60,64,67,76,81,82,83,89,93,96,100,103,
  105,109,110,122,124,126,130,131,135,136,138,139,141,142,147,149,151,156,159,
  166,167,169,170,171,175,178,185,186,187,188,199,202,206,207,210,212,213,223,
  224,232,235,237,250,259,267,273,276,280,283,286,292,293],
 [2,6,8,12,14,17,18,20,23,24,32,37,38,51,56,57,62,66,69,75,80,84,90,97,99,104,
  106,107,108,115,117,128,133,134,137,140,144,153,154,161,168,173,174,179,184,
  189,191,194,196,197,198,200,205,215,217,219,220,222,225,231,233,241,242,244,
  249,255,258,260,261,264,272,275,278,284,289,295,299]].
[[2,6,8,12,14,17,18,20,23,24,32,37,38,51,56,57,62,66,69,75,80,84,90,97,99,104,
  106,107,108,115,117,128,133,134,137,140,144,153,154,161,168,173,174,179,184,
  189,191,194,196,197,198,200,205,215,217,219,220,222,225,231,233,241,242,244,
  249,255,258,260,261,264,272,275,278,284,289,295,299],
 [5,9,21,25,30,34,35,46,47,49,53,59,61,65,68,70,71,72,74,79,85,86,87,88,91,95,
  101,112,113,121,127,129,132,145,146,148,150,152,155,157,158,162,164,165,180,
  182,203,209,211,214,216,218,227,228,236,238,239,245,246,252,253,263,269,271,
  277,282,288,290,291,294,297,298,300],
 [1,4,15,19,22,26,28,29,31,33,39,40,42,43,45,48,50,52,63,73,77,78,92,94,98,
  102,111,114,116,118,119,120,123,125,143,160,163,172,176,177,181,183,190,192,
  193,195,201,204,208,221,226,229,230,234,240,243,247,248,251,254,256,257,262,
  265,266,268,270,274,279,281,285,287,296]].
[[2,6,8,12,14,17,18,20,23,24,32,37,38,51,56,57,62,66,69,75,80,84,90,97,99,104,
  106,107,108,115,117,128,133,134,137,140,144,153,154,161,168,173,174,179,184,
  189,191,194,196,197,198,200,205,215,217,219,220,222,225,231,233,241,242,244,
  249,255,258,260,261,264,272,275,278,284,289,295,299],
 [5,9,21,25,30,34,35,46,47,49,53,59,61,65,68,70,71,72,74,79,85,86,87,88,91,95,
  101,112,113,121,127,129,132,145,146,148,150,152,155,157,158,162,164,165,180,
  182,203,209,211,214,216,218,227,228,236,238,239,245,246,252,253,263,269,271,
  277,282,288,290,291,294,297,298,300],
 [1,4,15,19,22,26,28,29,31,33,39,40,42,43,45,48,50,52,63,73,77,78,92,94,98,
  102,111,114,116,118,119,120,123,125,143,160,163,172,176,177,181,183,190,192,
  193,195,201,204,208,221,226,229,230,234,240,243,247,248,251,254,256,257,262,
  265,266,268,270,274,279,281,285,287,296]].
[[2,6,8,12,14,17,18,20,23,24,32,37,38,51,56,57,62,66,69,75,80,84,90,97,99,104,
  106,107,108,115,117,128,133,134,137,140,144,153,154,161,168,173,174,179,184,
  189,191,194,196,197,198,200,205,215,217,219,220,222,225,231,233,241,242,244,
  249,255,258,260,261,264,272,275,278,284,289,295,299],
 [5,9,21,25,30,34,35,46,47,49,53,59,61,65,68,70,71,72,74,79,85,86,87,88,91,95,
  101,112,113,121,127,129,132,145,146,148,150,152,155,157,158,162,164,165,180,
  182,203,209,211,214,216,218,227,228,236,238,239,245,246,252,253,263,269,271,
  277,282,288,290,291,294,297,298,300],
 [1,4,15,19,22,26,28,29,31,33,39,40,42,43,45,48,50,52,63,73,77,78,92,94,98,
  102,111,114,116,118,119,120,123,125,143,160,163,172,176,177,181,183,190,192,
  193,195,201,204,208,221,226,229,230,234,240,243,247,248,251,254,256,257,262,
  265,266,268,270,274,279,281,285,287,296]].
[[2,6,8,12,14,17,18,20,23,24,32,37,38,51,56,57,62,66,69,75,80,84,90,97,99,104,
  106,107,108,115,117,128,133,134,137,140,144,153,154,161,168,173,174,179,184,
  189,191,194,196,197,198,200,205,215,217,219,220,222,225,231,233,241,242,244,
  249,255,258,260,261,264,272,275,278,284,289,295,299],
 [5,9,21,25,30,34,35,46,47,49,53,59,61,65,68,70,71,72,74,79,85,86,87,88,91,95,
  101,112,113,121,127,129,132,145,146,148,150,152,155,157,158,162,164,165,180,
  182,203,209,211,214,216,218,227,228,236,238,239,245,246,252,253,263,269,271,
  277,282,288,290,291,294,297,298,300],
 [1,4,15,19,22,26,28,29,31,33,39,40,42,43,45,48,50,52,63,73,77,78,92,94,98,
  102,111,114,116,118,119,120,123,125,143,160,163,172,176,177,181,183,190,192,
  193,195,201,204,208,221,226,229,230,234,240,243,247,248,251,254,256,257,262,
  265,266,268,270,274,279,281,285,287,296]].
[[2,6,8,12,14,17,18,20,23,24,32,37,38,51,56,57,62,66,69,75,80,84,90,97,99,104,
  106,107,108,115,117,128,133,134,137,140,144,153,154,161,168,173,174,179,184,
  189,191,194,196,197,198,200,205,215,217,219,220,222,225,231,233,241,242,244,
  249,255,258,260,261,264,272,275,278,284,289,295,299],
 [5,9,21,25,30,34,35,46,47,49,53,59,61,65,68,70,71,72,74,79,85,86,87,88,91,95,
  101,112,113,121,127,129,132,145,146,148,150,152,155,157,158,162,164,165,180,
  182,203,209,211,214,216,218,227,228,236,238,239,245,246,252,253,263,269,271,
  277,282,288,290,291,294,297,298,300],
 [1,4,15,19,22,26,28,29,31,33,39,40,42,43,45,48,50,52,63,73,77,78,92,94,98,
  102,111,114,116,118,119,120,123,125,143,160,163,172,176,177,181,183,190,192,
  193,195,201,204,208,221,226,229,230,234,240,243,247,248,251,254,256,257,262,
  265,266,268,270,274,279,281,285,287,296]].
[[2,6,8,12,14,17,18,20,23,24,32,37,38,51,56,57,62,66,69,75,80,84,90,97,99,104,
  106,107,108,115,117,128,133,134,137,140,144,153,154,161,168,173,174,179,184,
  189,191,194,196,197,198,200,205,215,217,219,220,222,225,231,233,241,242,244,
  249,255,258,260,261,264,272,275,278,284,289,295,299],
 [5,9,21,25,30,34,35,46,47,49,53,59,61,65,68,70,71,72,74,79,85,86,87,88,91,95,
  101,112,113,121,127,129,132,145,146,148,150,152,155,157,158,162,164,165,180,
  182,203,209,211,214,216,218,227,228,236,238,239,245,246,252,253,263,269,271,
  277,282,288,290,291,294,297,298,300],
 [1,4,15,19,22,26,28,29,31,33,39,40,42,43,45,48,50,52,63,73,77,78,92,94,98,
  102,111,114,116,118,119,120,123,125,143,160,163,172,176,177,181,183,190,192,
