[[1,3,13,14,16,17,19,24,31,32,35,37,41,43,44,47,51,53,64,65,70,80,81,83,85,86,87,88,89,95,97,101,107,110,111,114,118,119,120,124,125,128,131,135,139,141,144,146,147,148,149,150,152,153,156,157,161,162,165,166,168,169,171,175,179,187,188,195,197,198,203,204,206,209,212,215,218,222,223,226,227,229,232,234,238,240,241,244,245,250,254,257,261,262,264,265,267,271,272,279,281,282,283,284,287,289,292,297,299],[4,6,7,8,10,12,18,21,23,25,26,29,30,38,39,49,54,57,59,60,61,63,67,68,74,75,78,79,91,92,102,104,113,122,132,140,154,155,167,173,180,182,184,185,186,196,201,210,213,214,217,239,246,247,249,251,255,259,260,263,266,270,273,277,278,285,286,288,291,293,294],[5,9,15,20,27,28,33,36,40,42,45,46,48,50,52,58,72,77,82,84,90,96,98,99,100,105,106,108,112,116,121,127,129,130,133,137,142,145,160,170,174,176,177,178,181,183,189,191,200,202,208,211,216,220,221,224,230,233,236,242,243,253,258,269,275,276,290,295,296,298,300]].
[[1,3,13,14,16,17,19,24,31,32,35,37,41,43,44,47,51,53,64,65,70,80,81,83,85,86,87,88,89,95,97,101,107,110,111,114,118,119,120,124,125,128,131,135,139,141,144,146,147,148,149,150,152,153,156,157,161,162,165,166,168,169,171,175,179,187,188,195,197,198,203,204,206,209,212,215,218,222,223,226,227,229,232,234,238,240,241,244,245,250,254,257,261,262,264,265,267,271,272,279,281,282,283,284,287,289,292,297,299],[4,6,7,8,10,12,18,21,23,25,26,29,30,38,39,49,54,57,59,60,61,63,67,68,74,75,78,79,91,92,102,104,113,122,132,140,154,155,167,173,180,182,184,185,186,196,201,210,213,214,217,239,246,247,249,251,255,259,260,263,266,270,273,277,278,285,286,288,291,293,294],[5,9,15,20,27,28,33,36,40,42,45,46,48,50,52,58,72,77,82,84,90,96,98,99,100,105,106,108,112,116,121,127,129,130,133,137,142,145,160,170,174,176,177,178,181,183,189,191,200,202,208,211,216,220,221,224,230,233,236,242,243,253,258,269,275,276,290,295,296,298,300]].
[[4,6,7,8,10,12,18,21,23,25,26,29,30,38,39,49,54,57,59,60,61,63,67,68,74,75,78,79,91,92,102,104,113,122,132,140,154,155,167,173,180,182,184,185,186,196,201,210,213,214,217,239,246,247,249,251,255,259,260,263,266,270,273,277,278,285,286,288,291,293,294],[1,3,13,14,16,17,19,24,31,32,35,37,41,43,44,47,51,53,64,65,70,80,81,83,85,86,87,88,89,95,97,101,107,110,111,114,118,119,120,124,125,128,131,135,139,141,144,146,147,148,149,150,152,153,156,157,161,162,165,166,168,169,171,175,179,187,188,195,197,198,203,204,206,209,212,215,218,222,223,226,227,229,232,234,238,240,241,244,245,250,254,257,261,262,264,265,267,271,272,279,281,282,283,284,287,289,292,297,299],[2,11,22,34,55,56,62,66,69,71,73,76,93,94,103,109,115,117,123,126,134,136,138,143,151,158,159,163,164,172,190,192,193,194,199,205,207,219,225,228,231,235,237,248,252,256,268,274,280]].
[[5,9,15,20,27,28,33,36,40,42,45,46,48,50,52,58,72,77,82,84,90,96,98,99,100,105,106,108,112,116,121,127,129,130,133,137,142,145,160,170,174,176,177,178,181,183,189,191,200,202,208,211,216,220,221,224,230,233,236,242,243,253,258,269,275,276,290,295,296,298,300],[2,11,22,34,55,56,62,66,69,71,73,76,93,94,103,109,115,117,123,126,134,136,138,143,151,158,159,163,164,172,190,192,193,194,199,205,207,219,225,228,231,235,237,248,252,256,268,274,280],[1,3,13,14,16,17,19,24,31,32,35,37,41,43,44,47,51,53,64,65,70,80,81,83,85,86,87,88,89,95,97,101,107,110,111,114,118,119,120,124,125,128,131,135,139,141,144,146,147,148,149,150,152,153,156,157,161,162,165,166,168,169,171,175,179,187,188,195,197,198,203,204,206,209,212,215,218,222,223,226,227,229,232,234,238,240,241,244,245,250,254,257,261,262,264,265,267,271,272,279,281,282,283,284,287,289,292,297,299]].
[[1,3,13,14,16,17,19,24,31,32,35,37,41,43,44,47,51,53,64,65,70,80,81,83,85,86,87,88,89,95,97,101,107,110,111,114,118,119,120,124,125,128,131,135,139,141,144,146,147,148,149,150,152,153,156,157,161,162,165,166,168,169,171,175,179,187,188,195,197,198,203,204,206,209,212,215,218,222,223,226,227,229,232,234,238,240,241,244,245,250,254,257,261,262,264,265,267,271,272,279,281,282,283,284,287,289,292,297,299],[4,6,7,8,10,12,18,21,23,25,26,29,30,38,39,49,54,57,59,60,61,63,67,68,74,75,78,79,91,92,102,104,113,122,132,140,154,155,167,173,180,182,184,185,186,196,201,210,213,214,217,239,246,247,249,251,255,259,260,263,266,270,273,277,278,285,286,288,291,293,294],[5,9,15,20,27,28,33,36,40,42,45,46,48,50,52,58,72,77,82,84,90,96,98,99,100,105,106,108,112,116,121,127,129,130,133,137,142,145,160,170,174,176,177,178,181,183,189,191,200,202,208,211,216,220,221,224,230,233,236,242,243,253,258,269,275,276,290,295,296,298,300]].
[[5,9,15,20,27,28,33,36,40,42,45,46,48,50,52,58,72,77,82,84,90,96,98,99,100,105,106,108,112,116,121,127,129,130,133,137,142,145,160,170,174,176,177,178,181,183,189,191,200,202,208,211,216,220,221,224,230,233,236,242,243,253,258,269,275,276,290,295,296,298,300],[2,11,22,34,55,56,62,66,69,71,73,76,93,94,103,109,115,117,123,126,134,136,138,143,151,158,159,163,164,172,190,192,193,194,199,205,207,219,225,228,231,235,237,248,252,256,268,274,280],[1,3,13,14,16,17,19,24,31,32,35,37,41,43,44,47,51,53,64,65,70,80,81,83,85,86,87,88,89,95,97,101,107,110,111,114,118,119,120,124,125,128,131,135,139,141,144,146,147,148,149,150,152,153,156,157,161,162,165,166,168,169,171,175,179,187,188,195,197,198,203,204,206,209,212,215,218,222,223,226,227,229,232,234,238,240,241,244,245,250,254,257,261,262,264,265,267,271,272,279,281,282,283,284,287,289,292,297,299]].
[[2,11,22,34,55,56,62,66,69,71,73,76,93,94,103,109,115,117,123,126,134,136,138,143,151,158,159,163,164,172,190,192,193,194,199,205,207,219,225,228,231,235,237,248,252,256,268,274,280],[5,9,15,20,27,28,33,36,40,42,45,46,48,50,52,58,72,77,82,84,90,96,98,99,100,105,106,108,112,116,121,127,129,130,133,137,142,145,160,170,174,176,177,178,181,183,189,191,200,202,208,211,216,220,221,224,230,233,236,242,243,253,258,269,275,276,290,295,296,298,300],[4,6,7,8,10,12,18,21,23,25,26,29,30,38,39,49,54,57,59,60,61,63,67,68,74,75,78,79,91,92,102,104,113,122,132,140,154,155,167,173,180,182,184,185,186,196,201,210,213,214,217,239,246,247,249,251,255,259,260,263,266,270,273,277,278,285,286,288,291,293,294]].
[[1,3,13,14,16,17,19,24,31,32,35,37,41,43,44,47,51,53,64,65,70,80,81,83,85,86,87,88,89,95,97,101,107,110,111,114,118,119,120,124,125,128,131,135,139,141,144,146,147,148,149,150,152,153,156,157,161,162,165,166,168,169,171,175,179,187,188,195,197,198,203,204,206,209,212,215,218,222,223,226,227,229,232,234,238,240,241,244,245,250,254,257,261,262,264,265,267,271,272,279,281,282,283,284,287,289,292,297,299],[4,6,7,8,10,12,18,21,23,25,26,29,30,38,39,49,54,57,59,60,61,63,67,68,74,75,78,79,91,92,102,104,113,122,132,140,154,155,167,173,180,182,184,185,186,196,201,210,213,214,217,239,246,247,249,251,255,259,260,263,266,270,273,277,278,285,286,288,291,293,294],[5,9,15,20,27,28,33,36,40,42,45,46,48,50,52,58,72,77,82,84,90,96,98,99,100,105,106,108,112,116,121,127,129,130,133,137,142,145,160,170,174,176,177,178,181,183,189,191,200,202,208,211,216,220,221,224,230,233,236,242,243,253,258,269,275,276,290,295,296,298,300]].
[[1,3,13,14,16,17,19,24,31,32,35,37,41,43,44,47,51,53,64,65,70,80,81,83,85,86,87,88,89,95,97,101,107,110,111,114,118,119,120,124,125,128,131,135,139,141,144,146,147,148,149,150,152,153,156,157,161,162,165,166,168,169,171,175,179,187,188,195,197,198,203,204,206,209,212,215,218,222,223,226,227,229,232,234,238,240,241,244,245,250,254,257,261,262,264,265,267,271,272,279,281,282,283,284,287,289,292,297,299],[4,6,7,8,10,12,18,21,23,25,26,29,30,38,39,49,54,57,59,60,61,63,67,68,74,75,78,79,91,92,102,104,113,122,132,140,154,155,167,173,180,182,184,185,186,196,201,210,213,214,217,239,246,247,249,251,255,259,260,263,266,270,273,277,278,285,286,288,291,293,294],[5,9,15,20,27,28,33,36,40,42,45,46,48,50,52,58,72,77,82,84,90,96,98,99,100,105,106,108,112,116,121,127,129,130,133,137,142,145,160,170,174,176,177,178,181,183,189,191,200,202,208,211,216,220,221,224,230,233,236,242,243,253,258,269,275,276,290,295,296,298,300]].
[[2,11,22,34,55,56,62,66,69,71,73,76,93,94,103,109,115,117,123,126,134,136,138,143,151,158,159,163,164,172,190,192,193,194,199,205,207,219,225,228,231,235,237,248,252,256,268,274,280],[5,9,15,20,27,28,33,36,40,42,45,46,48,50,52,58,72,77,82,84,90,96,98,99,100,105,106,108,112,116,121,127,129,130,133,137,142,145,160,170,174,176,177,178,181,183,189,191,200,202,208,211,216,220,221,224,230,233,236,242,243,253,258,269,275,276,290,295,296,298,300],[4,6,7,8,10,12,18,21,23,25,26,29,30,38,39,49,54,57,59,60,61,63,67,68,74,75,78,79,91,92,102,104,113,122,132,140,154,155,167,173,180,182,184,185,186,196,201,210,213,214,217,239,246,247,249,251,255,259,260,263,266,270,273,277,278,285,286,288,291,293,294]].
[[5,9,15,20,27,28,33,36,40,42,45,46,48,50,52,58,72,77,82,84,90,96,98,99,100,105,106,108,112,116,121,127,129,130,133,137,142,145,160,170,174,176,177,178,181,183,189,191,200,202,208,211,216,220,221,224,230,233,236,242,243,253,258,269,275,276,290,295,296,298,300],[2,11,22,34,55,56,62,66,69,71,73,76,93,94,103,109,115,117,123,126,134,136,138,143,151,158,159,163,164,172,190,192,193,194,199,205,207,219,225,228,231,235,237,248,252,256,268,274,280],[1,3,13,14,16,17,19,24,31,32,35,37,41,43,44,47,51,53,64,65,70,80,81,83,85,86,87,88,89,95,97,101,107,110,111,114,118,119,120,124,125,128,131,135,139,141,144,146,147,148,149,150,152,153,156,157,161,162,165,166,168,169,171,175,179,187,188,195,197,198,203,204,206,209,212,215,218,222,223,226,227,229,232,234,238,240,241,244,245,250,254,257,261,262,264,265,267,271,272,279,281,282,283,284,287,289,292,297,299]].
[[2,11,22,34,55,56,62,66,69,71,73,76,93,94,103,109,115,117,123,126,134,136,138,143,151,158,159,163,164,172,190,192,193,194,199,205,207,219,225,228,231,235,237,248,252,256,268,274,280],[5,9,15,20,27,28,33,36,40,42,45,46,48,50,52,58,72,77,82,84,90,96,98,99,100,105,106,108,112,116,121,127,129,130,133,137,142,145,160,170,174,176,177,178,181,183,189,191,200,202,208,211,216,220,221,224,230,233,236,242,243,253,258,269,275,276,290,295,296,298,300],[4,6,7,8,10,12,18,21,23,25,26,29,30,38,39,49,54,57,59,60,61,63,67,68,74,75,78,79,91,92,102,104,113,122,132,140,154,155,167,173,180,182,184,185,186,196,201,210,213,214,217,239,246,247,249,251,255,259,260,263,266,270,273,277,278,285,286,288,291,293,294]].
[[1,3,13,14,16,17,19,24,31,32,35,37,41,43,44,47,51,53,64,65,70,80,81,83,85,86,87,88,89,95,97,101,107,110,111,114,118,119,120,124,125,128,131,135,139,141,144,146,147,148,149,150,152,153,156,157,161,162,165,166,168,169,171,175,179,187,188,195,197,198,203,204,206,209,212,215,218,222,223,226,227,229,232,234,238,240,241,244,245,250,254,257,261,262,264,265,267,271,272,279,281,282,283,284,287,289,292,297,299],[4,6,7,8,10,12,18,21,23,25,26,29,30,38,39,49,54,57,59,60,61,63,67,68,74,75,78,79,91,92,102,104,113,122,132,140,154,155,167,173,180,182,184,185,186,196,201,210,213,214,217,239,246,247,249,251,255,259,260,263,266,270,273,277,278,285,286,288,291,293,294],[5,9,15,20,27,28,33,36,40,42,45,46,48,50,52,58,72,77,82,84,90,96,98,99,100,105,106,108,112,116,121,127,129,130,133,137,142,145,160,170,174,176,177,178,181,183,189,191,200,202,208,211,216,220,221,224,230,233,236,242,243,253,258,269,275,276,290,295,296,298,300]].
[[4,6,7,8,10,12,18,21,23,25,26,29,30,38,39,49,54,57,59,60,61,63,67,68,74,75,78,79,91,92,102,104,113,122,132,140,154,155,167,173,180,182,184,185,186,196,201,210,213,214,217,239,246,247,249,251,255,259,260,263,266,270,273,277,278,285,286,288,291,293,294],[1,3,13,14,16,17,19,24,31,32,35,37,41,43,44,47,51,53,64,65,70,80,81,83,85,86,87,88,89,95,97,101,107,110,111,114,118,119,120,124,125,128,131,135,139,141,144,146,147,148,149,150,152,153,156,157,161,162,165,166,168,169,171,175,179,187,188,195,197,198,203,204,206,209,212,215,218,222,223,226,227,229,232,234,238,240,241,244,245,250,254,257,261,262,264,265,267,271,272,279,281,282,283,284,287,289,292,297,299],[2,11,22,34,55,56,62,66,69,71,73,76,93,94,103,109,115,117,123,126,134,136,138,143,151,158,159,163,164,172,190,192,193,194,199,205,207,219,225,228,231,235,237,248,252,256,268,274,280]].
[[1,3,13,14,16,17,19,24,31,32,35,37,41,43,44,47,51,53,64,65,70,80,81,83,85,86,87,88,89,95,97,101,107,110,111,114,118,119,120,124,125,128,131,135,139,141,144,146,147,148,149,150,152,153,156,157,161,162,165,166,168,169,171,175,179,187,188,195,197,198,203,204,206,209,212,215,218,222,223,226,227,229,232,234,238,240,241,244,245,250,254,257,261,262,264,265,267,271,272,279,281,282,283,284,287,289,292,297,299],[4,6,7,8,10,12,18,21,23,25,26,29,30,38,39,49,54,57,59,60,61,63,67,68,74,75,78,79,91,92,102,104,113,122,132,140,154,155,167,173,180,182,184,185,186,196,201,210,213,214,217,239,246,247,249,251,255,259,260,263,266,270,273,277,278,285,286,288,291,293,294],[5,9,15,20,27,28,33,36,40,42,45,46,48,50,52,58,72,77,82,84,90,96,98,99,100,105,106,108,112,116,121,127,129,130,133,137,142,145,160,170,174,176,177,178,181,183,189,191,200,202,208,211,216,220,221,224,230,233,236,242,243,253,258,269,275,276,290,295,296,298,300]].
[[1,3,13,14,16,17,19,24,31,32,35,37,41,43,44,47,51,53,64,65,70,80,81,83,85,86,87,88,89,95,97,101,107,110,111,114,118,119,120,124,125,128,131,135,139,141,144,146,147,148,149,150,152,153,156,157,161,162,165,166,168,169,171,175,179,187,188,195,197,198,203,204,206,209,212,215,218,222,223,226,227,229,232,234,238,240,241,244,245,250,254,257,261,262,264,265,267,271,272,279,281,282,283,284,287,289,292,297,299],[4,6,7,8,10,12,18,21,23,25,26,29,30,38,39,49,54,57,59,60,61,63,67,68,74,75,78,79,91,92,102,104,113,122,132,140,154,155,167,173,180,182,184,185,186,196,201,210,213,214,217,239,246,247,249,251,255,259,260,263,266,270,273,277,278,285,286,288,291,293,294],[5,9,15,20,27,28,33,36,40,42,45,46,48,50,52,58,72,77,82,84,90,96,98,99,100,105,106,108,112,116,121,127,129,130,133,137,142,145,160,170,174,176,177,178,181,183,189,191,200,202,208,211,216,220,221,224,230,233,236,242,243,253,258,269,275,276,290,295,296,298,300]].
[[1,3,13,14,16,17,19,24,31,32,35,37,41,43,44,47,51,53,64,65,70,80,81,83,85,86,87,88,89,95,97,101,107,110,111,114,118,119,120,124,125,128,131,135,139,141,144,146,147,148,149,150,152,153,156,157,161,162,165,166,168,169,171,175,179,187,188,195,197,198,203,204,206,209,212,215,218,222,223,226,227,229,232,234,238,240,241,244,245,250,254,257,261,262,264,265,267,271,272,279,281,282,283,284,287,289,292,297,299],[4,6,7,8,10,12,18,21,23,25,26,29,30,38,39,49,54,57,59,60,61,63,67,68,74,75,78,79,91,92,102,104,113,122,132,140,154,155,167,173,180,182,184,185,186,196,201,210,213,214,217,239,246,247,249,251,255,259,260,263,266,270,273,277,278,285,286,288,291,293,294],[5,9,15,20,27,28,33,36,40,42,45,46,48,50,52,58,72,77,82,84,90,96,98,99,100,105,106,108,112,116,121,127,129,130,133,137,142,145,160,170,174,176,177,178,181,183,189,191,200,202,208,211,216,220,221,224,230,233,236,242,243,253,258,269,275,276,290,295,296,298,300]].
[[1,3,13,14,16,17,19,24,31,32,35,37,41,43,44,47,51,53,64,65,70,80,81,83,85,86,87,88,89,95,97,101,107,110,111,114,118,119,120,124,125,128,131,135,139,141,144,146,147,148,149,150,152,153,156,157,161,162,165,166,168,169,171,175,179,187,188,195,197,198,203,204,206,209,212,215,218,222,223,226,227,229,232,234,238,240,241,244,245,250,254,257,261,262,264,265,267,271,272,279,281,282,283,284,287,289,292,297,299],[4,6,7,8,10,12,18,21,23,25,26,29,30,38,39,49,54,57,59,60,61,63,67,68,74,75,78,79,91,92,102,104,113,122,132,140,154,155,167,173,180,182,184,185,186,196,201,210,213,214,217,239,246,247,249,251,255,259,260,263,266,270,273,277,278,285,286,288,291,293,294],[5,9,15,20,27,28,33,36,40,42,45,46,48,50,52,58,72,77,82,84,90,96,98,99,100,105,106,108,112,116,121,127,129,130,133,137,142,145,160,170,174,176,177,178,181,183,189,191,200,202,208,211,216,220,221,224,230,233,236,242,243,253,258,269,275,276,290,295,296,298,300]].
[[5,9,15,20,27,28,33,36,40,42,45,46,48,50,52,58,72,77,82,84,90,96,98,99,100,105,106,108,112,116,121,127,129,130,133,137,142,145,160,170,174,176,177,178,181,183,189,191,200,202,208,211,216,220,221,224,230,233,236,242,243,253,258,269,275,276,290,295,296,298,300],[2,11,22,34,55,56,62,66,69,71,73,76,93,94,103,109,115,117,123,126,134,136,138,143,151,158,159,163,164,172,190,192,193,194,199,205,207,219,225,228,231,235,237,248,252,256,268,274,280],[1,3,13,14,16,17,19,24,31,32,35,37,41,43,44,47,51,53,64,65,70,80,81,83,85,86,87,88,89,95,97,101,107,110,111,114,118,119,120,124,125,128,131,135,139,141,144,146,147,148,149,150,152,153,156,157,161,162,165,166,168,169,171,175,179,187,188,195,197,198,203,204,206,209,212,215,218,222,223,226,227,229,232,234,238,240,241,244,245,250,254,257,261,262,264,265,267,271,272,279,281,282,283,284,287,289,292,297,299]].
[[1,3,13,14,16,17,19,24,31,32,35,37,41,43,44,47,51,53,64,65,70,80,81,83,85,86,87,88,89,95,97,101,107,110,111,114,118,119,120,124,125,128,131,135,139,141,144,146,147,148,149,150,152,153,156,157,161,162,165,166,168,169,171,175,179,187,188,195,197,198,203,204,206,209,212,215,218,222,223,226,227,229,232,234,238,240,241,244,245,250,254,257,261,262,264,265,267,271,272,279,281,282,283,284,287,289,292,297,299],[4,6,7,8,10,12,18,21,23,25,26,29,30,38,39,49,54,57,59,60,61,63,67,68,74,75,78,79,91,92,102,104,113,122,132,140,154,155,167,173,180,182,184,185,186,196,201,210,213,214,217,239,246,247,249,251,255,259,260,263,266,270,273,277,278,285,286,288,291,293,294],[5,9,15,20,27,28,33,36,40,42,45,46,48,50,52,58,72,77,82,84,90,96,98,99,100,105,106,108,112,116,121,127,129,130,133,137,142,145,160,170,174,176,177,178,181,183,189,191,200,202,208,211,216,220,221,224,230,233,236,242,243,253,258,269,275,276,290,295,296,298,300]].
[[5,9,15,20,27,28,33,36,40,42,45,46,48,50,52,58,72,77,82,84,90,96,98,99,100,105,106,108,112,116,121,127,129,130,133,137,142,145,160,170,174,176,177,178,181,183,189,191,200,202,208,211,216,220,221,224,230,233,236,242,243,253,258,269,275,276,290,295,296,298,300],[2,11,22,34,55,56,62,66,69,71,73,76,93,94,103,109,115,117,123,126,134,136,138,143,151,158,159,163,164,172,190,192,193,194,199,205,207,219,225,228,231,235,237,248,252,256,268,274,280],[1,3,13,14,16,17,19,24,31,32,35,37,41,43,44,47,51,53,64,65,70,80,81,83,85,86,87,88,89,95,97,101,107,110,111,114,118,119,120,124,125,128,131,135,139,141,144,146,147,148,149,150,152,153,156,157,161,162,165,166,168,169,171,175,179,187,188,195,197,198,203,204,206,209,212,215,218,222,223,226,227,229,232,234,238,240,241,244,245,250,254,257,261,262,264,265,267,271,272,279,281,282,283,284,287,289,292,297,299]].
[[1,3,13,14,16,17,19,24,31,32,35,37,41,43,44,47,51,53,64,65,70,80,81,83,85,86,87,88,89,95,97,101,107,110,111,114,118,119,120,124,125,128,131,135,139,141,144,146,147,148,149,150,152,153,156,157,161,162,165,166,168,169,171,175,179,187,188,195,197,198,203,204,206,209,212,215,218,222,223,226,227,229,232,234,238,240,241,244,245,250,254,257,261,262,264,265,267,271,272,279,281,282,283,284,287,289,292,297,299],[4,6,7,8,10,12,18,21,23,25,26,29,30,38,39,49,54,57,59,60,61,63,67,68,74,75,78,79,91,92,102,104,113,122,132,140,154,155,167,173,180,182,184,185,186,196,201,210,213,214,217,239,246,247,249,251,255,259,260,263,266,270,273,277,278,285,286,288,291,293,294],[5,9,15,20,27,28,33,36,40,42,45,46,48,50,52,58,72,77,82,84,90,96,98,99,100,105,106,108,112,116,121,127,129,130,133,137,142,145,160,170,174,176,177,178,181,183,189,191,200,202,208,211,216,220,221,224,230,233,236,242,243,253,258,269,275,276,290,295,296,298,300]].
[[1,3,13,14,16,17,19,24,31,32,35,37,41,43,44,47,51,53,64,65,70,80,81,83,85,86,87,88,89,95,97,101,107,110,111,114,118,119,120,124,125,128,131,135,139,141,144,146,147,148,149,150,152,153,156,157,161,162,165,166,168,169,171,175,179,187,188,195,197,198,203,204,206,209,212,215,218,222,223,226,227,229,232,234,238,240,241,244,245,250,254,257,261,262,264,265,267,271,272,279,281,282,283,284,287,289,292,297,299],[4,6,7,8,10,12,18,21,23,25,26,29,30,38,39,49,54,57,59,60,61,63,67,68,74,75,78,79,91,92,102,104,113,122,132,140,154,155,167,173,180,182,184,185,186,196,201,210,213,214,217,239,246,247,249,251,255,259,260,263,266,270,273,277,278,285,286,288,291,293,294],[5,9,15,20,27,28,33,36,40,42,45,46,48,50,52,58,72,77,82,84,90,96,98,99,100,105,106,108,112,116,121,127,129,130,133,137,142,145,160,170,174,176,177,178,181,183,189,191,200,202,208,211,216,220,221,224,230,233,236,242,243,253,258,269,275,276,290,295,296,298,300]].
[[1,3,13,14,16,17,19,24,31,32,35,37,41,43,44,47,51,53,64,65,70,80,81,83,85,86,87,88,89,95,97,101,107,110,111,114,118,119,120,124,125,128,131,135,139,141,144,146,147,148,149,150,152,153,156,157,161,162,165,166,168,169,171,175,179,187,188,195,197,198,203,204,206,209,212,215,218,222,223,226,227,229,232,234,238,240,241,244,245,250,254,257,261,262,264,265,267,271,272,279,281,282,283,284,287,289,292,297,299],[4,6,7,8,10,12,18,21,23,25,26,29,30,38,39,49,54,57,59,60,61,63,67,68,74,75,78,79,91,92,102,104,113,122,132,140,154,155,167,173,180,182,184,185,186,196,201,210,213,214,217,239,246,247,249,251,255,259,260,263,266,270,273,277,278,285,286,288,291,293,294],[5,9,15,20,27,28,33,36,40,42,45,46,48,50,52,58,72,77,82,84,90,96,98,99,100,105,106,108,112,116,121,127,129,130,133,137,142,145,160,170,174,176,177,178,181,183,189,191,200,202,208,211,216,220,221,224,230,233,236,242,243,253,258,269,275,276,290,295,296,298,300]].
[[4,6,7,8,10,12,18,21,23,25,26,29,30,38,39,49,54,57,59,60,61,63,67,68,74,75,78,79,91,92,102,104,113,122,132,140,154,155,167,173,180,182,184,185,186,196,201,210,213,214,217,239,246,247,249,251,255,259,260,263,266,270,273,277,278,285,286,288,291,293,294],[1,3,13,14,16,17,19,24,31,32,35,37,41,43,44,47,51,53,64,65,70,80,81,83,85,86,87,88,89,95,97,101,107,110,111,114,118,119,120,124,125,128,131,135,139,141,144,146,147,148,149,150,152,153,156,157,161,162,165,166,168,169,171,175,179,187,188,195,197,198,203,204,206,209,212,215,218,222,223,226,227,229,232,234,238,240,241,244,245,250,254,257,261,262,264,265,267,271,272,279,281,282,283,284,287,289,292,297,299],[2,11,22,34,55,56,62,66,69,71,73,76,93,94,103,109,115,117,123,126,134,136,138,143,151,158,159,163,164,172,190,192,193,194,199,205,207,219,225,228,231,235,237,248,252,256,268,274,280]].
[[4,6,7,8,10,12,18,21,23,25,26,29,30,38,39,49,54,57,59,60,61,63,67,68,74,75,78,79,91,92,102,104,113,122,132,140,154,155,167,173,180,182,184,185,186,196,201,210,213,214,217,239,246,247,249,251,255,259,260,263,266,270,273,277,278,285,286,288,291,293,294],[1,3,13,14,16,17,19,24,31,32,35,37,41,43,44,47,51,53,64,65,70,80,81,83,85,86,87,88,89,95,97,101,107,110,111,114,118,119,120,124,125,128,131,135,139,141,144,146,147,148,149,150,152,153,156,157,161,162,165,166,168,169,171,175,179,187,188,195,197,198,203,204,206,209,212,215,218,222,223,226,227,229,232,234,238,240,241,244,245,250,254,257,261,262,264,265,267,271,272,279,281,282,283,284,287,289,292,297,299],[2,11,22,34,55,56,62,66,69,71,73,76,93,94,103,109,115,117,123,126,134,136,138,143,151,158,159,163,164,172,190,192,193,194,199,205,207,219,225,228,231,235,237,248,252,256,268,274,280]].
[[2,11,22,34,55,56,62,66,69,71,73,76,93,94,103,109,115,117,123,126,134,136,138,143,151,158,159,163,164,172,190,192,193,194,199,205,207,219,225,228,231,235,237,248,252,256,268,274,280],[5,9,15,20,27,28,33,36,40,42,45,46,48,50,52,58,72,77,82,84,90,96,98,99,100,105,106,108,112,116,121,127,129,130,133,137,142,145,160,170,174,176,177,178,181,183,189,191,200,202,208,211,216,220,221,224,230,233,236,242,243,253,258,269,275,276,290,295,296,298,300],[4,6,7,8,10,12,18,21,23,25,26,29,30,38,39,49,54,57,59,60,61,63,67,68,74,75,78,79,91,92,102,104,113,122,132,140,154,155,167,173,180,182,184,185,186,196,201,210,213,214,217,239,246,247,249,251,255,259,260,263,266,270,273,277,278,285,286,288,291,293,294]].
[[2,11,22,34,55,56,62,66,69,71,73,76,93,94,103,109,115,117,123,126,134,136,138,143,151,158,159,163,164,172,190,192,193,194,199,205,207,219,225,228,231,235,237,248,252,256,268,274,280],[5,9,15,20,27,28,33,36,40,42,45,46,48,50,52,58,72,77,82,84,90,96,98,99,100,105,106,108,112,116,121,127,129,130,133,137,142,145,160,170,174,176,177,178,181,183,189,191,200,202,208,211,216,220,221,224,230,233,236,242,243,253,258,269,275,276,290,295,296,298,300],[4,6,7,8,10,12,18,21,23,25,26,29,30,38,39,49,54,57,59,60,61,63,67,68,74,75,78,79,91,92,102,104,113,122,132,140,154,155,167,173,180,182,184,185,186,196,201,210,213,214,217,239,246,247,249,251,255,259,260,263,266,270,273,277,278,285,286,288,291,293,294]].
[[1,3,13,14,16,17,19,24,31,32,35,37,41,43,44,47,51,53,64,65,70,80,81,83,85,86,87,88,89,95,97,101,107,110,111,114,118,119,120,124,125,128,131,135,139,141,144,146,147,148,149,150,152,153,156,157,161,162,165,166,168,169,171,175,179,187,188,195,197,198,203,204,206,209,212,215,218,222,223,226,227,229,232,234,238,240,241,244,245,250,254,257,261,262,264,265,267,271,272,279,281,282,283,284,287,289,292,297,299],[4,6,7,8,10,12,18,21,23,25,26,29,30,38,39,49,54,57,59,60,61,63,67,68,74,75,78,79,91,92,102,104,113,122,132,140,154,155,167,173,180,182,184,185,186,196,201,210,213,214,217,239,246,247,249,251,255,259,260,263,266,270,273,277,278,285,286,288,291,293,294],[5,9,15,20,27,28,33,36,40,42,45,46,48,50,52,58,72,77,82,84,90,96,98,99,100,105,106,108,112,116,121,127,129,130,133,137,142,145,160,170,174,176,177,178,181,183,189,191,200,202,208,211,216,220,221,224,230,233,236,242,243,253,258,269,275,276,290,295,296,298,300]].
[[4,6,7,8,10,12,18,21,23,25,26,29,30,38,39,49,54,57,59,60,61,63,67,68,74,75,78,79,91,92,102,104,113,122,132,140,154,155,167,173,180,182,184,185,186,196,201,210,213,214,217,239,246,247,249,251,255,259,260,263,266,270,273,277,278,285,286,288,291,293,294],[1,3,13,14,16,17,19,24,31,32,35,37,41,43,44,47,51,53,64,65,70,80,81,83,85,86,87,88,89,95,97,101,107,110,111,114,118,119,120,124,125,128,131,135,139,141,144,146,147,148,149,150,152,153,156,157,161,162,165,166,168,169,171,175,179,187,188,195,197,198,203,204,206,209,212,215,218,222,223,226,227,229,232,234,238,240,241,244,245,250,254,257,261,262,264,265,267,271,272,279,281,282,283,284,287,289,292,297,299],[2,11,22,34,55,56,62,66,69,71,73,76,93,94,103,109,115,117,123,126,134,136,138,143,151,158,159,163,164,172,190,192,193,194,199,205,207,219,225,228,231,235,237,248,252,256,268,274,280]].
[[2,11,22,34,55,56,62,66,69,71,73,76,93,94,103,109,115,117,123,126,134,136,138,143,151,158,159,163,164,172,190,192,193,194,199,205,207,219,225,228,231,235,237,248,252,256,268,274,280],[5,9,15,20,27,28,33,36,40,42,45,46,48,50,52,58,72,77,82,84,90,96,98,99,100,105,106,108,112,116,121,127,129,130,133,137,142,145,160,170,174,176,177,178,181,183,189,191,200,202,208,211,216,220,221,224,230,233,236,242,243,253,258,269,275,276,290,295,296,298,300],[4,6,7,8,10,12,18,21,23,25,26,29,30,38,39,49,54,57,59,60,61,63,67,68,74,75,78,79,91,92,102,104,113,122,132,140,154,155,167,173,180,182,184,185,186,196,201,210,213,214,217,239,246,247,249,251,255,259,260,263,266,270,273,277,278,285,286,288,291,293,294]].
[[4,6,7,8,10,12,18,21,23,25,26,29,30,38,39,49,54,57,59,60,61,63,67,68,74,75,78,79,91,92,102,104,113,122,132,140,154,155,167,173,180,182,184,185,186,196,201,210,213,214,217,239,246,247,249,251,255,259,260,263,266,270,273,277,278,285,286,288,291,293,294],[1,3,13,14,16,17,19,24,31,32,35,37,41,43,44,47,51,53,64,65,70,80,81,83,85,86,87,88,89,95,97,101,107,110,111,114,118,119,120,124,125,128,131,135,139,141,144,146,147,148,149,150,152,153,156,157,161,162,165,166,168,169,171,175,179,187,188,195,197,198,203,204,206,209,212,215,218,222,223,226,227,229,232,234,238,240,241,244,245,250,254,257,261,262,264,265,267,271,272,279,281,282,283,284,287,289,292,297,299],[2,11,22,34,55,56,62,66,69,71,73,76,93,94,103,109,115,117,123,126,134,136,138,143,151,158,159,163,164,172,190,192,193,194,199,205,207,219,225,228,231,235,237,248,252,256,268,274,280]].
[[5,9,15,20,27,28,33,36,40,42,45,46,48,50,52,58,72,77,82,84,90,96,98,99,100,105,106,108,112,116,121,127,129,130,133,137,142,145,160,170,174,176,177,178,181,183,189,191,200,202,208,211,216,220,221,224,230,233,236,242,243,253,258,269,275,276,290,295,296,298,300],[2,11,22,34,55,56,62,66,69,71,73,76,93,94,103,109,115,117,123,126,134,136,138,143,151,158,159,163,164,172,190,192,193,194,199,205,207,219,225,228,231,235,237,248,252,256,268,274,280],[1,3,13,14,16,17,19,24,31,32,35,37,41,43,44,47,51,53,64,65,70,80,81,83,85,86,87,88,89,95,97,101,107,110,111,114,118,119,120,124,125,128,131,135,139,141,144,146,147,148,149,150,152,153,156,157,161,162,165,166,168,169,171,175,179,187,188,195,197,198,203,204,206,209,212,215,218,222,223,226,227,229,232,234,238,240,241,244,245,250,254,257,261,262,264,265,267,271,272,279,281,282,283,284,287,289,292,297,299]].
[[1,3,13,14,16,17,19,24,31,32,35,37,41,43,44,47,51,53,64,65,70,80,81,83,85,86,87,88,89,95,97,101,107,110,111,114,118,119,120,124,125,128,131,135,139,141,144,146,147,148,149,150,152,153,156,157,161,162,165,166,168,169,171,175,179,187,188,195,197,198,203,204,206,209,212,215,218,222,223,226,227,229,232,234,238,240,241,244,245,250,254,257,261,262,264,265,267,271,272,279,281,282,283,284,287,289,292,297,299],[4,6,7,8,10,12,18,21,23,25,26,29,30,38,39,49,54,57,59,60,61,63,67,68,74,75,78,79,91,92,102,104,113,122,132,140,154,155,167,173,180,182,184,185,186,196,201,210,213,214,217,239,246,247,249,251,255,259,260,263,266,270,273,277,278,285,286,288,291,293,294],[5,9,15,20,27,28,33,36,40,42,45,46,48,50,52,58,72,77,82,84,90,96,98,99,100,105,106,108,112,116,121,127,129,130,133,137,142,145,160,170,174,176,177,178,181,183,189,191,200,202,208,211,216,220,221,224,230,233,236,242,243,253,258,269,275,276,290,295,296,298,300]].
[[4,6,7,8,10,12,18,21,23,25,26,29,30,38,39,49,54,57,59,60,61,63,67,68,74,75,78,79,91,92,102,104,113,122,132,140,154,155,167,173,180,182,184,185,186,196,201,210,213,214,217,239,246,247,249,251,255,259,260,263,266,270,273,277,278,285,286,288,291,293,294],[1,3,13,14,16,17,19,24,31,32,35,37,41,43,44,47,51,53,64,65,70,80,81,83,85,86,87,88,89,95,97,101,107,110,111,114,118,119,120,124,125,128,131,135,139,141,144,146,147,148,149,150,152,153,156,157,161,162,165,166,168,169,171,175,179,187,188,195,197,198,203,204,206,209,212,215,218,222,223,226,227,229,232,234,238,240,241,244,245,250,254,257,261,262,264,265,267,271,272,279,281,282,283,284,287,289,292,297,299],[2,11,22,34,55,56,62,66,69,71,73,76,93,94,103,109,115,117,123,126,134,136,138,143,151,158,159,163,164,172,190,192,193,194,199,205,207,219,225,228,231,235,237,248,252,256,268,274,280]].
[[5,9,15,20,27,28,33,36,40,42,45,46,48,50,52,58,72,77,82,84,90,96,98,99,100,105,106,108,112,116,121,127,129,130,133,137,142,145,160,170,174,176,177,178,181,183,189,191,200,202,208,211,216,220,221,224,230,233,236,242,243,253,258,269,275,276,290,295,296,298,300],[2,11,22,34,55,56,62,66,69,71,73,76,93,94,103,109,115,117,123,126,134,136,138,143,151,158,159,163,164,172,190,192,193,194,199,205,207,219,225,228,231,235,237,248,252,256,268,274,280],[1,3,13,14,16,17,19,24,31,32,35,37,41,43,44,47,51,53,64,65,70,80,81,83,85,86,87,88,89,95,97,101,107,110,111,114,118,119,120,124,125,128,131,135,139,141,144,146,147,148,149,150,152,153,156,157,161,162,165,166,168,169,171,175,179,187,188,195,197,198,203,204,206,209,212,215,218,222,223,226,227,229,232,234,238,240,241,244,245,250,254,257,261,262,264,265,267,271,272,279,281,282,283,284,287,289,292,297,299]].
[[4,6,7,8,10,12,18,21,23,25,26,29,30,38,39,49,54,57,59,60,61,63,67,68,74,75,78,79,91,92,102,104,113,122,132,140,154,155,167,173,180,182,184,185,186,196,201,210,213,214,217,239,246,247,249,251,255,259,260,263,266,270,273,277,278,285,286,288,291,293,294],[1,3,13,14,16,17,19,24,31,32,35,37,41,43,44,47,51,53,64,65,70,80,81,83,85,86,87,88,89,95,97,101,107,110,111,114,118,119,120,124,125,128,131,135,139,141,144,146,147,148,149,150,152,153,156,157,161,162,165,166,168,169,171,175,179,187,188,195,197,198,203,204,206,209,212,215,218,222,223,226,227,229,232,234,238,240,241,244,245,250,254,257,261,262,264,265,267,271,272,279,281,282,283,284,287,289,292,297,299],[2,11,22,34,55,56,62,66,69,71,73,76,93,94,103,109,115,117,123,126,134,136,138,143,151,158,159,163,164,172,190,192,193,194,199,205,207,219,225,228,231,235,237,248,252,256,268,274,280]].
[[1,3,13,14,16,17,19,24,31,32,35,37,41,43,44,47,51,53,64,65,70,80,81,83,85,86,87,88,89,95,97,101,107,110,111,114,118,119,120,124,125,128,131,135,139,141,144,146,147,148,149,150,152,153,156,157,161,162,165,166,168,169,171,175,179,187,188,195,197,198,203,204,206,209,212,215,218,222,223,226,227,229,232,234,238,240,241,244,245,250,254,257,261,262,264,265,267,271,272,279,281,282,283,284,287,289,292,297,299],[4,6,7,8,10,12,18,21,23,25,26,29,30,38,39,49,54,57,59,60,61,63,67,68,74,75,78,79,91,92,102,104,113,122,132,140,154,155,167,173,180,182,184,185,186,196,201,210,213,214,217,239,246,247,249,251,255,259,260,263,266,270,273,277,278,285,286,288,291,293,294],[5,9,15,20,27,28,33,36,40,42,45,46,48,50,52,58,72,77,82,84,90,96,98,99,100,105,106,108,112,116,121,127,129,130,133,137,142,145,160,170,174,176,177,178,181,183,189,191,200,202,208,211,216,220,221,224,230,233,236,242,243,253,258,269,275,276,290,295,296,298,300]].
[[1,3,13,14,16,17,19,24,31,32,35,37,41,43,44,47,51,53,64,65,70,80,81,83,85,86,87,88,89,95,97,101,107,110,111,114,118,119,120,124,125,128,131,135,139,141,144,146,147,148,149,150,152,153,156,157,161,162,165,166,168,169,171,175,179,187,188,195,197,198,203,204,206,209,212,215,218,222,223,226,227,229,232,234,238,240,241,244,245,250,254,257,261,262,264,265,267,271,272,279,281,282,283,284,287,289,292,297,299],[4,6,7,8,10,12,18,21,23,25,26,29,30,38,39,49,54,57,59,60,61,63,67,68,74,75,78,79,91,92,102,104,113,122,132,140,154,155,167,173,180,182,184,185,186,196,201,210,213,214,217,239,246,247,249,251,255,259,260,263,266,270,273,277,278,285,286,288,291,293,294],[5,9,15,20,27,28,33,36,40,42,45,46,48,50,52,58,72,77,82,84,90,96,98,99,100,105,106,108,112,116,121,127,129,130,133,137,142,145,160,170,174,176,177,178,181,183,189,191,200,202,208,211,216,220,221,224,230,233,236,242,243,253,258,269,275,276,290,295,296,298,300]].
[[4,6,7,8,10,12,18,21,23,25,26,29,30,38,39,49,54,57,59,60,61,63,67,68,74,75,78,79,91,92,102,104,113,122,132,140,154,155,167,173,180,182,184,185,186,196,201,210,213,214,217,239,246,247,249,251,255,259,260,263,266,270,273,277,278,285,286,288,291,293,294],[1,3,13,14,16,17,19,24,31,32,35,37,41,43,44,47,51,53,64,65,70,80,81,83,85,86,87,88,89,95,97,101,107,110,111,114,118,119,120,124,125,128,131,135,139,141,144,146,147,148,149,150,152,153,156,157,161,162,165,166,168,169,171,175,179,187,188,195,197,198,203,204,206,209,212,215,218,222,223,226,227,229,232,234,238,240,241,244,245,250,254,257,261,262,264,265,267,271,272,279,281,282,283,284,287,289,292,297,299],[2,11,22,34,55,56,62,66,69,71,73,76,93,94,103,109,115,117,123,126,134,136,138,143,151,158,159,163,164,172,190,192,193,194,199,205,207,219,225,228,231,235,237,248,252,256,268,274,280]].
[[1,3,13,14,16,17,19,24,31,32,35,37,41,43,44,47,51,53,64,65,70,80,81,83,85,86,87,88,89,95,97,101,107,110,111,114,118,119,120,124,125,128,131,135,139,141,144,146,147,148,149,150,152,153,156,157,161,162,165,166,168,169,171,175,179,187,188,195,197,198,203,204,206,209,212,215,218,222,223,226,227,229,232,234,238,240,241,244,245,250,254,257,261,262,264,265,267,271,272,279,281,282,283,284,287,289,292,297,299],[4,6,7,8,10,12,18,21,23,25,26,29,30,38,39,49,54,57,59,60,61,63,67,68,74,75,78,79,91,92,102,104,113,122,132,140,154,155,167,173,180,182,184,185,186,196,201,210,213,214,217,239,246,247,249,251,255,259,260,263,266,270,273,277,278,285,286,288,291,293,294],[5,9,15,20,27,28,33,36,40,42,45,46,48,50,52,58,72,77,82,84,90,96,98,99,100,105,106,108,112,116,121,127,129,130,133,137,142,145,160,170,174,176,177,178,181,183,189,191,200,202,208,211,216,220,221,224,230,233,236,242,243,253,258,269,275,276,290,295,296,298,300]].
[[1,3,13,14,16,17,19,24,31,32,35,37,41,43,44,47,51,53,64,65,70,80,81,83,85,86,87,88,89,95,97,101,107,110,111,114,118,119,120,124,125,128,131,135,139,141,144,146,147,148,149,150,152,153,156,157,161,162,165,166,168,169,171,175,179,187,188,195,197,198,203,204,206,209,212,215,218,222,223,226,227,229,232,234,238,240,241,244,245,250,254,257,261,262,264,265,267,271,272,279,281,282,283,284,287,289,292,297,299],[4,6,7,8,10,12,18,21,23,25,26,29,30,38,39,49,54,57,59,60,61,63,67,68,74,75,78,79,91,92,102,104,113,122,132,140,154,155,167,173,180,182,184,185,186,196,201,210,213,214,217,239,246,247,249,251,255,259,260,263,266,270,273,277,278,285,286,288,291,293,294],[5,9,15,20,27,28,33,36,40,42,45,46,48,50,52,58,72,77,82,84,90,96,98,99,100,105,106,108,112,116,121,127,129,130,133,137,142,145,160,170,174,176,177,178,181,183,189,191,200,202,208,211,216,220,221,224,230,233,236,242,243,253,258,269,275,276,290,295,296,298,300]].
[[1,3,13,14,16,17,19,24,31,32,35,37,41,43,44,47,51,53,64,65,70,80,81,83,85,86,87,88,89,95,97,101,107,110,111,114,118,119,120,124,125,128,131,135,139,141,144,146,147,148,149,150,152,153,156,157,161,162,165,166,168,169,171,175,179,187,188,195,197,198,203,204,206,209,212,215,218,222,223,226,227,229,232,234,238,240,241,244,245,250,254,257,261,262,264,265,267,271,272,279,281,282,283,284,287,289,292,297,299],[4,6,7,8,10,12,18,21,23,25,26,29,30,38,39,49,54,57,59,60,61,63,67,68,74,75,78,79,91,92,102,104,113,122,132,140,154,155,167,173,180,182,184,185,186,196,201,210,213,214,217,239,246,247,249,251,255,259,260,263,266,270,273,277,278,285,286,288,291,293,294],[5,9,15,20,27,28,33,36,40,42,45,46,48,50,52,58,72,77,82,84,90,96,98,99,100,105,106,108,112,116,121,127,129,130,133,137,142,145,160,170,174,176,177,178,181,183,189,191,200,202,208,211,216,220,221,224,230,233,236,242,243,253,258,269,275,276,290,295,296,298,300]].
[[5,9,15,20,27,28,33,36,40,42,45,46,48,50,52,58,72,77,82,84,90,96,98,99,100,105,106,108,112,116,121,127,129,130,133,137,142,145,160,170,174,176,177,178,181,183,189,191,200,202,208,211,216,220,221,224,230,233,236,242,243,253,258,269,275,276,290,295,296,298,300],[2,11,22,34,55,56,62,66,69,71,73,76,93,94,103,109,115,117,123,126,134,136,138,143,151,158,159,163,164,172,190,192,193,194,199,205,207,219,225,228,231,235,237,248,252,256,268,274,280],[1,3,13,14,16,17,19,24,31,32,35,37,41,43,44,47,51,53,64,65,70,80,81,83,85,86,87,88,89,95,97,101,107,110,111,114,118,119,120,124,125,128,131,135,139,141,144,146,147,148,149,150,152,153,156,157,161,162,165,166,168,169,171,175,179,187,188,195,197,198,203,204,206,209,212,215,218,222,223,226,227,229,232,234,238,240,241,244,245,250,254,257,261,262,264,265,267,271,272,279,281,282,283,284,287,289,292,297,299]].
[[1,3,13,14,16,17,19,24,31,32,35,37,41,43,44,47,51,53,64,65,70,80,81,83,85,86,87,88,89,95,97,101,107,110,111,114,118,119,120,124,125,128,131,135,139,141,144,146,147,148,149,150,152,153,156,157,161,162,165,166,168,169,171,175,179,187,188,195,197,198,203,204,206,209,212,215,218,222,223,226,227,229,232,234,238,240,241,244,245,250,254,257,261,262,264,265,267,271,272,279,281,282,283,284,287,289,292,297,299],[4,6,7,8,10,12,18,21,23,25,26,29,30,38,39,49,54,57,59,60,61,63,67,68,74,75,78,79,91,92,102,104,113,122,132,140,154,155,167,173,180,182,184,185,186,196,201,210,213,214,217,239,246,247,249,251,255,259,260,263,266,270,273,277,278,285,286,288,291,293,294],[5,9,15,20,27,28,33,36,40,42,45,46,48,50,52,58,72,77,82,84,90,96,98,99,100,105,106,108,112,116,121,127,129,130,133,137,142,145,160,170,174,176,177,178,181,183,189,191,200,202,208,211,216,220,221,224,230,233,236,242,243,253,258,269,275,276,290,295,296,298,300]].
[[1,3,13,14,16,17,19,24,31,32,35,37,41,43,44,47,51,53,64,65,70,80,81,83,85,86,87,88,89,95,97,101,107,110,111,114,118,119,120,124,125,128,131,135,139,141,144,146,147,148,149,150,152,153,156,157,161,162,165,166,168,169,171,175,179,187,188,195,197,198,203,204,206,209,212,215,218,222,223,226,227,229,232,234,238,240,241,244,245,250,254,257,261,262,264,265,267,271,272,279,281,282,283,284,287,289,292,297,299],[4,6,7,8,10,12,18,21,23,25,26,29,30,38,39,49,54,57,59,60,61,63,67,68,74,75,78,79,91,92,102,104,113,122,132,140,154,155,167,173,180,182,184,185,186,196,201,210,213,214,217,239,246,247,249,251,255,259,260,263,266,270,273,277,278,285,286,288,291,293,294],[5,9,15,20,27,28,33,36,40,42,45,46,48,50,52,58,72,77,82,84,90,96,98,99,100,105,106,108,112,116,121,127,129,130,133,137,142,145,160,170,174,176,177,178,181,183,189,191,200,202,208,211,216,220,221,224,230,233,236,242,243,253,258,269,275,276,290,295,296,298,300]].
