[[3,5,16,20,25,27,30,35,38,39,44,47,50,58,61,64,66,68,69,70,71,72,73,74,75,80,82,83,84,88,97,98,99,101,103,104,108,110,113,120,123,128,129,130,135,139,140,144,148,159,161,162,165,171,174,178,183,185,186,189,190,192,193,194,196,197,198,200,204,205,207,209,211,212,216,219,225,226,227,229,230,231,236,239,241,244,246,250,251,252,255,256,260,265,269,270,276,277,281,283,284,285,289,292,296,297,299],[1,4,9,11,12,17,18,21,22,23,34,36,40,41,48,51,54,55,57,60,63,77,79,87,90,92,93,94,105,107,109,125,127,131,134,146,147,153,157,158,168,170,172,173,177,191,195,202,203,206,208,213,214,215,222,232,233,237,238,240,243,249,254,262,264,274,279,282,287,290,293,294,298],[7,10,13,15,19,26,28,29,31,32,42,43,49,52,59,62,65,67,76,78,81,85,86,91,102,111,114,115,118,119,122,124,132,136,141,142,143,152,154,156,160,163,164,167,175,176,180,181,182,187,201,217,220,223,228,235,242,248,257,258,261,263,266,267,268,272,273,278,286,288,291,295,300]].
[[7,10,13,15,19,26,28,29,31,32,42,43,49,52,59,62,65,67,76,78,81,85,86,91,102,111,114,115,118,119,122,124,132,136,141,142,143,152,154,156,160,163,164,167,175,176,180,181,182,187,201,217,220,223,228,235,242,248,257,258,261,263,266,267,268,272,273,278,286,288,291,295,300],[2,6,8,14,24,33,37,45,46,53,56,89,95,96,100,106,112,116,117,121,126,133,137,138,145,149,150,151,155,166,169,179,184,188,199,210,218,221,224,234,245,247,253,259,271,275,280],[3,5,16,20,25,27,30,35,38,39,44,47,50,58,61,64,66,68,69,70,71,72,73,74,75,80,82,83,84,88,97,98,99,101,103,104,108,110,113,120,123,128,129,130,135,139,140,144,148,159,161,162,165,171,174,178,183,185,186,189,190,192,193,194,196,197,198,200,204,205,207,209,211,212,216,219,225,226,227,229,230,231,236,239,241,244,246,250,251,252,255,256,260,265,269,270,276,277,281,283,284,285,289,292,296,297,299]].
[[7,10,13,15,19,26,28,29,31,32,42,43,49,52,59,62,65,67,76,78,81,85,86,91,102,111,114,115,118,119,122,124,132,136,141,142,143,152,154,156,160,163,164,167,175,176,180,181,182,187,201,217,220,223,228,235,242,248,257,258,261,263,266,267,268,272,273,278,286,288,291,295,300],[2,6,8,14,24,33,37,45,46,53,56,89,95,96,100,106,112,116,117,121,126,133,137,138,145,149,150,151,155,166,169,179,184,188,199,210,218,221,224,234,245,247,253,259,271,275,280],[3,5,16,20,25,27,30,35,38,39,44,47,50,58,61,64,66,68,69,70,71,72,73,74,75,80,82,83,84,88,97,98,99,101,103,104,108,110,113,120,123,128,129,130,135,139,140,144,148,159,161,162,165,171,174,178,183,185,186,189,190,192,193,194,196,197,198,200,204,205,207,209,211,212,216,219,225,226,227,229,230,231,236,239,241,244,246,250,251,252,255,256,260,265,269,270,276,277,281,283,284,285,289,292,296,297,299]].
[[1,4,9,11,12,17,18,21,22,23,34,36,40,41,48,51,54,55,57,60,63,77,79,87,90,92,93,94,105,107,109,125,127,131,134,146,147,153,157,158,168,170,172,173,177,191,195,202,203,206,208,213,214,215,222,232,233,237,238,240,243,249,254,262,264,274,279,282,287,290,293,294,298],[3,5,16,20,25,27,30,35,38,39,44,47,50,58,61,64,66,68,69,70,71,72,73,74,75,80,82,83,84,88,97,98,99,101,103,104,108,110,113,120,123,128,129,130,135,139,140,144,148,159,161,162,165,171,174,178,183,185,186,189,190,192,193,194,196,197,198,200,204,205,207,209,211,212,216,219,225,226,227,229,230,231,236,239,241,244,246,250,251,252,255,256,260,265,269,270,276,277,281,283,284,285,289,292,296,297,299],[2,6,8,14,24,33,37,45,46,53,56,89,95,96,100,106,112,116,117,121,126,133,137,138,145,149,150,151,155,166,169,179,184,188,199,210,218,221,224,234,245,247,253,259,271,275,280]].
[[3,5,16,20,25,27,30,35,38,39,44,47,50,58,61,64,66,68,69,70,71,72,73,74,75,80,82,83,84,88,97,98,99,101,103,104,108,110,113,120,123,128,129,130,135,139,140,144,148,159,161,162,165,171,174,178,183,185,186,189,190,192,193,194,196,197,198,200,204,205,207,209,211,212,216,219,225,226,227,229,230,231,236,239,241,244,246,250,251,252,255,256,260,265,269,270,276,277,281,283,284,285,289,292,296,297,299],[1,4,9,11,12,17,18,21,22,23,34,36,40,41,48,51,54,55,57,60,63,77,79,87,90,92,93,94,105,107,109,125,127,131,134,146,147,153,157,158,168,170,172,173,177,191,195,202,203,206,208,213,214,215,222,232,233,237,238,240,243,249,254,262,264,274,279,282,287,290,293,294,298],[7,10,13,15,19,26,28,29,31,32,42,43,49,52,59,62,65,67,76,78,81,85,86,91,102,111,114,115,118,119,122,124,132,136,141,142,143,152,154,156,160,163,164,167,175,176,180,181,182,187,201,217,220,223,228,235,242,248,257,258,261,263,266,267,268,272,273,278,286,288,291,295,300]].
[[2,6,8,14,24,33,37,45,46,53,56,89,95,96,100,106,112,116,117,121,126,133,137,138,145,149,150,151,155,166,169,179,184,188,199,210,218,221,224,234,245,247,253,259,271,275,280],[7,10,13,15,19,26,28,29,31,32,42,43,49,52,59,62,65,67,76,78,81,85,86,91,102,111,114,115,118,119,122,124,132,136,141,142,143,152,154,156,160,163,164,167,175,176,180,181,182,187,201,217,220,223,228,235,242,248,257,258,261,263,266,267,268,272,273,278,286,288,291,295,300],[1,4,9,11,12,17,18,21,22,23,34,36,40,41,48,51,54,55,57,60,63,77,79,87,90,92,93,94,105,107,109,125,127,131,134,146,147,153,157,158,168,170,172,173,177,191,195,202,203,206,208,213,214,215,222,232,233,237,238,240,243,249,254,262,264,274,279,282,287,290,293,294,298]].
[[2,6,8,14,24,33,37,45,46,53,56,89,95,96,100,106,112,116,117,121,126,133,137,138,145,149,150,151,155,166,169,179,184,188,199,210,218,221,224,234,245,247,253,259,271,275,280],[7,10,13,15,19,26,28,29,31,32,42,43,49,52,59,62,65,67,76,78,81,85,86,91,102,111,114,115,118,119,122,124,132,136,141,142,143,152,154,156,160,163,164,167,175,176,180,181,182,187,201,217,220,223,228,235,242,248,257,258,261,263,266,267,268,272,273,278,286,288,291,295,300],[1,4,9,11,12,17,18,21,22,23,34,36,40,41,48,51,54,55,57,60,63,77,79,87,90,92,93,94,105,107,109,125,127,131,134,146,147,153,157,158,168,170,172,173,177,191,195,202,203,206,208,213,214,215,222,232,233,237,238,240,243,249,254,262,264,274,279,282,287,290,293,294,298]].
[[7,10,13,15,19,26,28,29,31,32,42,43,49,52,59,62,65,67,76,78,81,85,86,91,102,111,114,115,118,119,122,124,132,136,141,142,143,152,154,156,160,163,164,167,175,176,180,181,182,187,201,217,220,223,228,235,242,248,257,258,261,263,266,267,268,272,273,278,286,288,291,295,300],[2,6,8,14,24,33,37,45,46,53,56,89,95,96,100,106,112,116,117,121,126,133,137,138,145,149,150,151,155,166,169,179,184,188,199,210,218,221,224,234,245,247,253,259,271,275,280],[3,5,16,20,25,27,30,35,38,39,44,47,50,58,61,64,66,68,69,70,71,72,73,74,75,80,82,83,84,88,97,98,99,101,103,104,108,110,113,120,123,128,129,130,135,139,140,144,148,159,161,162,165,171,174,178,183,185,186,189,190,192,193,194,196,197,198,200,204,205,207,209,211,212,216,219,225,226,227,229,230,231,236,239,241,244,246,250,251,252,255,256,260,265,269,270,276,277,281,283,284,285,289,292,296,297,299]].
[[7,10,13,15,19,26,28,29,31,32,42,43,49,52,59,62,65,67,76,78,81,85,86,91,102,111,114,115,118,119,122,124,132,136,141,142,143,152,154,156,160,163,164,167,175,176,180,181,182,187,201,217,220,223,228,235,242,248,257,258,261,263,266,267,268,272,273,278,286,288,291,295,300],[2,6,8,14,24,33,37,45,46,53,56,89,95,96,100,106,112,116,117,121,126,133,137,138,145,149,150,151,155,166,169,179,184,188,199,210,218,221,224,234,245,247,253,259,271,275,280],[3,5,16,20,25,27,30,35,38,39,44,47,50,58,61,64,66,68,69,70,71,72,73,74,75,80,82,83,84,88,97,98,99,101,103,104,108,110,113,120,123,128,129,130,135,139,140,144,148,159,161,162,165,171,174,178,183,185,186,189,190,192,193,194,196,197,198,200,204,205,207,209,211,212,216,219,225,226,227,229,230,231,236,239,241,244,246,250,251,252,255,256,260,265,269,270,276,277,281,283,284,285,289,292,296,297,299]].
[[1,4,9,11,12,17,18,21,22,23,34,36,40,41,48,51,54,55,57,60,63,77,79,87,90,92,93,94,105,107,109,125,127,131,134,146,147,153,157,158,168,170,172,173,177,191,195,202,203,206,208,213,214,215,222,232,233,237,238,240,243,249,254,262,264,274,279,282,287,290,293,294,298],[3,5,16,20,25,27,30,35,38,39,44,47,50,58,61,64,66,68,69,70,71,72,73,74,75,80,82,83,84,88,97,98,99,101,103,104,108,110,113,120,123,128,129,130,135,139,140,144,148,159,161,162,165,171,174,178,183,185,186,189,190,192,193,194,196,197,198,200,204,205,207,209,211,212,216,219,225,226,227,229,230,231,236,239,241,244,246,250,251,252,255,256,260,265,269,270,276,277,281,283,284,285,289,292,296,297,299],[2,6,8,14,24,33,37,45,46,53,56,89,95,96,100,106,112,116,117,121,126,133,137,138,145,149,150,151,155,166,169,179,184,188,199,210,218,221,224,234,245,247,253,259,271,275,280]].
[[1,4,9,11,12,17,18,21,22,23,34,36,40,41,48,51,54,55,57,60,63,77,79,87,90,92,93,94,105,107,109,125,127,131,134,146,147,153,157,158,168,170,172,173,177,191,195,202,203,206,208,213,214,215,222,232,233,237,238,240,243,249,254,262,264,274,279,282,287,290,293,294,298],[3,5,16,20,25,27,30,35,38,39,44,47,50,58,61,64,66,68,69,70,71,72,73,74,75,80,82,83,84,88,97,98,99,101,103,104,108,110,113,120,123,128,129,130,135,139,140,144,148,159,161,162,165,171,174,178,183,185,186,189,190,192,193,194,196,197,198,200,204,205,207,209,211,212,216,219,225,226,227,229,230,231,236,239,241,244,246,250,251,252,255,256,260,265,269,270,276,277,281,283,284,285,289,292,296,297,299],[2,6,8,14,24,33,37,45,46,53,56,89,95,96,100,106,112,116,117,121,126,133,137,138,145,149,150,151,155,166,169,179,184,188,199,210,218,221,224,234,245,247,253,259,271,275,280]].
[[1,4,9,11,12,17,18,21,22,23,34,36,40,41,48,51,54,55,57,60,63,77,79,87,90,92,93,94,105,107,109,125,127,131,134,146,147,153,157,158,168,170,172,173,177,191,195,202,203,206,208,213,214,215,222,232,233,237,238,240,243,249,254,262,264,274,279,282,287,290,293,294,298],[3,5,16,20,25,27,30,35,38,39,44,47,50,58,61,64,66,68,69,70,71,72,73,74,75,80,82,83,84,88,97,98,99,101,103,104,108,110,113,120,123,128,129,130,135,139,140,144,148,159,161,162,165,171,174,178,183,185,186,189,190,192,193,194,196,197,198,200,204,205,207,209,211,212,216,219,225,226,227,229,230,231,236,239,241,244,246,250,251,252,255,256,260,265,269,270,276,277,281,283,284,285,289,292,296,297,299],[2,6,8,14,24,33,37,45,46,53,56,89,95,96,100,106,112,116,117,121,126,133,137,138,145,149,150,151,155,166,169,179,184,188,199,210,218,221,224,234,245,247,253,259,271,275,280]].
[[1,4,9,11,12,17,18,21,22,23,34,36,40,41,48,51,54,55,57,60,63,77,79,87,90,92,93,94,105,107,109,125,127,131,134,146,147,153,157,158,168,170,172,173,177,191,195,202,203,206,208,213,214,215,222,232,233,237,238,240,243,249,254,262,264,274,279,282,287,290,293,294,298],[3,5,16,20,25,27,30,35,38,39,44,47,50,58,61,64,66,68,69,70,71,72,73,74,75,80,82,83,84,88,97,98,99,101,103,104,108,110,113,120,123,128,129,130,135,139,140,144,148,159,161,162,165,171,174,178,183,185,186,189,190,192,193,194,196,197,198,200,204,205,207,209,211,212,216,219,225,226,227,229,230,231,236,239,241,244,246,250,251,252,255,256,260,265,269,270,276,277,281,283,284,285,289,292,296,297,299],[2,6,8,14,24,33,37,45,46,53,56,89,95,96,100,106,112,116,117,121,126,133,137,138,145,149,150,151,155,166,169,179,184,188,199,210,218,221,224,234,245,247,253,259,271,275,280]].
[[1,4,9,11,12,17,18,21,22,23,34,36,40,41,48,51,54,55,57,60,63,77,79,87,90,92,93,94,105,107,109,125,127,131,134,146,147,153,157,158,168,170,172,173,177,191,195,202,203,206,208,213,214,215,222,232,233,237,238,240,243,249,254,262,264,274,279,282,287,290,293,294,298],[3,5,16,20,25,27,30,35,38,39,44,47,50,58,61,64,66,68,69,70,71,72,73,74,75,80,82,83,84,88,97,98,99,101,103,104,108,110,113,120,123,128,129,130,135,139,140,144,148,159,161,162,165,171,174,178,183,185,186,189,190,192,193,194,196,197,198,200,204,205,207,209,211,212,216,219,225,226,227,229,230,231,236,239,241,244,246,250,251,252,255,256,260,265,269,270,276,277,281,283,284,285,289,292,296,297,299],[2,6,8,14,24,33,37,45,46,53,56,89,95,96,100,106,112,116,117,121,126,133,137,138,145,149,150,151,155,166,169,179,184,188,199,210,218,221,224,234,245,247,253,259,271,275,280]].
[[2,6,8,14,24,33,37,45,46,53,56,89,95,96,100,106,112,116,117,121,126,133,137,138,145,149,150,151,155,166,169,179,184,188,199,210,218,221,224,234,245,247,253,259,271,275,280],[7,10,13,15,19,26,28,29,31,32,42,43,49,52,59,62,65,67,76,78,81,85,86,91,102,111,114,115,118,119,122,124,132,136,141,142,143,152,154,156,160,163,164,167,175,176,180,181,182,187,201,217,220,223,228,235,242,248,257,258,261,263,266,267,268,272,273,278,286,288,291,295,300],[1,4,9,11,12,17,18,21,22,23,34,36,40,41,48,51,54,55,57,60,63,77,79,87,90,92,93,94,105,107,109,125,127,131,134,146,147,153,157,158,168,170,172,173,177,191,195,202,203,206,208,213,214,215,222,232,233,237,238,240,243,249,254,262,264,274,279,282,287,290,293,294,298]].
[[3,5,16,20,25,27,30,35,38,39,44,47,50,58,61,64,66,68,69,70,71,72,73,74,75,80,82,83,84,88,97,98,99,101,103,104,108,110,113,120,123,128,129,130,135,139,140,144,148,159,161,162,165,171,174,178,183,185,186,189,190,192,193,194,196,197,198,200,204,205,207,209,211,212,216,219,225,226,227,229,230,231,236,239,241,244,246,250,251,252,255,256,260,265,269,270,276,277,281,283,284,285,289,292,296,297,299],[1,4,9,11,12,17,18,21,22,23,34,36,40,41,48,51,54,55,57,60,63,77,79,87,90,92,93,94,105,107,109,125,127,131,134,146,147,153,157,158,168,170,172,173,177,191,195,202,203,206,208,213,214,215,222,232,233,237,238,240,243,249,254,262,264,274,279,282,287,290,293,294,298],[7,10,13,15,19,26,28,29,31,32,42,43,49,52,59,62,65,67,76,78,81,85,86,91,102,111,114,115,118,119,122,124,132,136,141,142,143,152,154,156,160,163,164,167,175,176,180,181,182,187,201,217,220,223,228,235,242,248,257,258,261,263,266,267,268,272,273,278,286,288,291,295,300]].
[[2,6,8,14,24,33,37,45,46,53,56,89,95,96,100,106,112,116,117,121,126,133,137,138,145,149,150,151,155,166,169,179,184,188,199,210,218,221,224,234,245,247,253,259,271,275,280],[7,10,13,15,19,26,28,29,31,32,42,43,49,52,59,62,65,67,76,78,81,85,86,91,102,111,114,115,118,119,122,124,132,136,141,142,143,152,154,156,160,163,164,167,175,176,180,181,182,187,201,217,220,223,228,235,242,248,257,258,261,263,266,267,268,272,273,278,286,288,291,295,300],[1,4,9,11,12,17,18,21,22,23,34,36,40,41,48,51,54,55,57,60,63,77,79,87,90,92,93,94,105,107,109,125,127,131,134,146,147,153,157,158,168,170,172,173,177,191,195,202,203,206,208,213,214,215,222,232,233,237,238,240,243,249,254,262,264,274,279,282,287,290,293,294,298]].
[[2,6,8,14,24,33,37,45,46,53,56,89,95,96,100,106,112,116,117,121,126,133,137,138,145,149,150,151,155,166,169,179,184,188,199,210,218,221,224,234,245,247,253,259,271,275,280],[7,10,13,15,19,26,28,29,31,32,42,43,49,52,59,62,65,67,76,78,81,85,86,91,102,111,114,115,118,119,122,124,132,136,141,142,143,152,154,156,160,163,164,167,175,176,180,181,182,187,201,217,220,223,228,235,242,248,257,258,261,263,266,267,268,272,273,278,286,288,291,295,300],[1,4,9,11,12,17,18,21,22,23,34,36,40,41,48,51,54,55,57,60,63,77,79,87,90,92,93,94,105,107,109,125,127,131,134,146,147,153,157,158,168,170,172,173,177,191,195,202,203,206,208,213,214,215,222,232,233,237,238,240,243,249,254,262,264,274,279,282,287,290,293,294,298]].
[[1,4,9,11,12,17,18,21,22,23,34,36,40,41,48,51,54,55,57,60,63,77,79,87,90,92,93,94,105,107,109,125,127,131,134,146,147,153,157,158,168,170,172,173,177,191,195,202,203,206,208,213,214,215,222,232,233,237,238,240,243,249,254,262,264,274,279,282,287,290,293,294,298],[3,5,16,20,25,27,30,35,38,39,44,47,50,58,61,64,66,68,69,70,71,72,73,74,75,80,82,83,84,88,97,98,99,101,103,104,108,110,113,120,123,128,129,130,135,139,140,144,148,159,161,162,165,171,174,178,183,185,186,189,190,192,193,194,196,197,198,200,204,205,207,209,211,212,216,219,225,226,227,229,230,231,236,239,241,244,246,250,251,252,255,256,260,265,269,270,276,277,281,283,284,285,289,292,296,297,299],[2,6,8,14,24,33,37,45,46,53,56,89,95,96,100,106,112,116,117,121,126,133,137,138,145,149,150,151,155,166,169,179,184,188,199,210,218,221,224,234,245,247,253,259,271,275,280]].
[[1,4,9,11,12,17,18,21,22,23,34,36,40,41,48,51,54,55,57,60,63,77,79,87,90,92,93,94,105,107,109,125,127,131,134,146,147,153,157,158,168,170,172,173,177,191,195,202,203,206,208,213,214,215,222,232,233,237,238,240,243,249,254,262,264,274,279,282,287,290,293,294,298],[3,5,16,20,25,27,30,35,38,39,44,47,50,58,61,64,66,68,69,70,71,72,73,74,75,80,82,83,84,88,97,98,99,101,103,104,108,110,113,120,123,128,129,130,135,139,140,144,148,159,161,162,165,171,174,178,183,185,186,189,190,192,193,194,196,197,198,200,204,205,207,209,211,212,216,219,225,226,227,229,230,231,236,239,241,244,246,250,251,252,255,256,260,265,269,270,276,277,281,283,284,285,289,292,296,297,299],[2,6,8,14,24,33,37,45,46,53,56,89,95,96,100,106,112,116,117,121,126,133,137,138,145,149,150,151,155,166,169,179,184,188,199,210,218,221,224,234,245,247,253,259,271,275,280]].
[[1,4,9,11,12,17,18,21,22,23,34,36,40,41,48,51,54,55,57,60,63,77,79,87,90,92,93,94,105,107,109,125,127,131,134,146,147,153,157,158,168,170,172,173,177,191,195,202,203,206,208,213,214,215,222,232,233,237,238,240,243,249,254,262,264,274,279,282,287,290,293,294,298],[3,5,16,20,25,27,30,35,38,39,44,47,50,58,61,64,66,68,69,70,71,72,73,74,75,80,82,83,84,88,97,98,99,101,103,104,108,110,113,120,123,128,129,130,135,139,140,144,148,159,161,162,165,171,174,178,183,185,186,189,190,192,193,194,196,197,198,200,204,205,207,209,211,212,216,219,225,226,227,229,230,231,236,239,241,244,246,250,251,252,255,256,260,265,269,270,276,277,281,283,284,285,289,292,296,297,299],[2,6,8,14,24,33,37,45,46,53,56,89,95,96,100,106,112,116,117,121,126,133,137,138,145,149,150,151,155,166,169,179,184,188,199,210,218,221,224,234,245,247,253,259,271,275,280]].
[[3,5,16,20,25,27,30,35,38,39,44,47,50,58,61,64,66,68,69,70,71,72,73,74,75,80,82,83,84,88,97,98,99,101,103,104,108,110,113,120,123,128,129,130,135,139,140,144,148,159,161,162,165,171,174,178,183,185,186,189,190,192,193,194,196,197,198,200,204,205,207,209,211,212,216,219,225,226,227,229,230,231,236,239,241,244,246,250,251,252,255,256,260,265,269,270,276,277,281,283,284,285,289,292,296,297,299],[1,4,9,11,12,17,18,21,22,23,34,36,40,41,48,51,54,55,57,60,63,77,79,87,90,92,93,94,105,107,109,125,127,131,134,146,147,153,157,158,168,170,172,173,177,191,195,202,203,206,208,213,214,215,222,232,233,237,238,240,243,249,254,262,264,274,279,282,287,290,293,294,298],[7,10,13,15,19,26,28,29,31,32,42,43,49,52,59,62,65,67,76,78,81,85,86,91,102,111,114,115,118,119,122,124,132,136,141,142,143,152,154,156,160,163,164,167,175,176,180,181,182,187,201,217,220,223,228,235,242,248,257,258,261,263,266,267,268,272,273,278,286,288,291,295,300]].
[[1,4,9,11,12,17,18,21,22,23,34,36,40,41,48,51,54,55,57,60,63,77,79,87,90,92,93,94,105,107,109,125,127,131,134,146,147,153,157,158,168,170,172,173,177,191,195,202,203,206,208,213,214,215,222,232,233,237,238,240,243,249,254,262,264,274,279,282,287,290,293,294,298],[3,5,16,20,25,27,30,35,38,39,44,47,50,58,61,64,66,68,69,70,71,72,73,74,75,80,82,83,84,88,97,98,99,101,103,104,108,110,113,120,123,128,129,130,135,139,140,144,148,159,161,162,165,171,174,178,183,185,186,189,190,192,193,194,196,197,198,200,204,205,207,209,211,212,216,219,225,226,227,229,230,231,236,239,241,244,246,250,251,252,255,256,260,265,269,270,276,277,281,283,284,285,289,292,296,297,299],[2,6,8,14,24,33,37,45,46,53,56,89,95,96,100,106,112,116,117,121,126,133,137,138,145,149,150,151,155,166,169,179,184,188,199,210,218,221,224,234,245,247,253,259,271,275,280]].
[[3,5,16,20,25,27,30,35,38,39,44,47,50,58,61,64,66,68,69,70,71,72,73,74,75,80,82,83,84,88,97,98,99,101,103,104,108,110,113,120,123,128,129,130,135,139,140,144,148,159,161,162,165,171,174,178,183,185,186,189,190,192,193,194,196,197,198,200,204,205,207,209,211,212,216,219,225,226,227,229,230,231,236,239,241,244,246,250,251,252,255,256,260,265,269,270,276,277,281,283,284,285,289,292,296,297,299],[1,4,9,11,12,17,18,21,22,23,34,36,40,41,48,51,54,55,57,60,63,77,79,87,90,92,93,94,105,107,109,125,127,131,134,146,147,153,157,158,168,170,172,173,177,191,195,202,203,206,208,213,214,215,222,232,233,237,238,240,243,249,254,262,264,274,279,282,287,290,293,294,298],[7,10,13,15,19,26,28,29,31,32,42,43,49,52,59,62,65,67,76,78,81,85,86,91,102,111,114,115,118,119,122,124,132,136,141,142,143,152,154,156,160,163,164,167,175,176,180,181,182,187,201,217,220,223,228,235,242,248,257,258,261,263,266,267,268,272,273,278,286,288,291,295,300]].
[[2,6,8,14,24,33,37,45,46,53,56,89,95,96,100,106,112,116,117,121,126,133,137,138,145,149,150,151,155,166,169,179,184,188,199,210,218,221,224,234,245,247,253,259,271,275,280],[7,10,13,15,19,26,28,29,31,32,42,43,49,52,59,62,65,67,76,78,81,85,86,91,102,111,114,115,118,119,122,124,132,136,141,142,143,152,154,156,160,163,164,167,175,176,180,181,182,187,201,217,220,223,228,235,242,248,257,258,261,263,266,267,268,272,273,278,286,288,291,295,300],[1,4,9,11,12,17,18,21,22,23,34,36,40,41,48,51,54,55,57,60,63,77,79,87,90,92,93,94,105,107,109,125,127,131,134,146,147,153,157,158,168,170,172,173,177,191,195,202,203,206,208,213,214,215,222,232,233,237,238,240,243,249,254,262,264,274,279,282,287,290,293,294,298]].
[[7,10,13,15,19,26,28,29,31,32,42,43,49,52,59,62,65,67,76,78,81,85,86,91,102,111,114,115,118,119,122,124,132,136,141,142,143,152,154,156,160,163,164,167,175,176,180,181,182,187,201,217,220,223,228,235,242,248,257,258,261,263,266,267,268,272,273,278,286,288,291,295,300],[2,6,8,14,24,33,37,45,46,53,56,89,95,96,100,106,112,116,117,121,126,133,137,138,145,149,150,151,155,166,169,179,184,188,199,210,218,221,224,234,245,247,253,259,271,275,280],[3,5,16,20,25,27,30,35,38,39,44,47,50,58,61,64,66,68,69,70,71,72,73,74,75,80,82,83,84,88,97,98,99,101,103,104,108,110,113,120,123,128,129,130,135,139,140,144,148,159,161,162,165,171,174,178,183,185,186,189,190,192,193,194,196,197,198,200,204,205,207,209,211,212,216,219,225,226,227,229,230,231,236,239,241,244,246,250,251,252,255,256,260,265,269,270,276,277,281,283,284,285,289,292,296,297,299]].
[[7,10,13,15,19,26,28,29,31,32,42,43,49,52,59,62,65,67,76,78,81,85,86,91,102,111,114,115,118,119,122,124,132,136,141,142,143,152,154,156,160,163,164,167,175,176,180,181,182,187,201,217,220,223,228,235,242,248,257,258,261,263,266,267,268,272,273,278,286,288,291,295,300],[2,6,8,14,24,33,37,45,46,53,56,89,95,96,100,106,112,116,117,121,126,133,137,138,145,149,150,151,155,166,169,179,184,188,199,210,218,221,224,234,245,247,253,259,271,275,280],[3,5,16,20,25,27,30,35,38,39,44,47,50,58,61,64,66,68,69,70,71,72,73,74,75,80,82,83,84,88,97,98,99,101,103,104,108,110,113,120,123,128,129,130,135,139,140,144,148,159,161,162,165,171,174,178,183,185,186,189,190,192,193,194,196,197,198,200,204,205,207,209,211,212,216,219,225,226,227,229,230,231,236,239,241,244,246,250,251,252,255,256,260,265,269,270,276,277,281,283,284,285,289,292,296,297,299]].
[[7,10,13,15,19,26,28,29,31,32,42,43,49,52,59,62,65,67,76,78,81,85,86,91,102,111,114,115,118,119,122,124,132,136,141,142,143,152,154,156,160,163,164,167,175,176,180,181,182,187,201,217,220,223,228,235,242,248,257,258,261,263,266,267,268,272,273,278,286,288,291,295,300],[2,6,8,14,24,33,37,45,46,53,56,89,95,96,100,106,112,116,117,121,126,133,137,138,145,149,150,151,155,166,169,179,184,188,199,210,218,221,224,234,245,247,253,259,271,275,280],[3,5,16,20,25,27,30,35,38,39,44,47,50,58,61,64,66,68,69,70,71,72,73,74,75,80,82,83,84,88,97,98,99,101,103,104,108,110,113,120,123,128,129,130,135,139,140,144,148,159,161,162,165,171,174,178,183,185,186,189,190,192,193,194,196,197,198,200,204,205,207,209,211,212,216,219,225,226,227,229,230,231,236,239,241,244,246,250,251,252,255,256,260,265,269,270,276,277,281,283,284,285,289,292,296,297,299]].
[[2,6,8,14,24,33,37,45,46,53,56,89,95,96,100,106,112,116,117,121,126,133,137,138,145,149,150,151,155,166,169,179,184,188,199,210,218,221,224,234,245,247,253,259,271,275,280],[7,10,13,15,19,26,28,29,31,32,42,43,49,52,59,62,65,67,76,78,81,85,86,91,102,111,114,115,118,119,122,124,132,136,141,142,143,152,154,156,160,163,164,167,175,176,180,181,182,187,201,217,220,223,228,235,242,248,257,258,261,263,266,267,268,272,273,278,286,288,291,295,300],[1,4,9,11,12,17,18,21,22,23,34,36,40,41,48,51,54,55,57,60,63,77,79,87,90,92,93,94,105,107,109,125,127,131,134,146,147,153,157,158,168,170,172,173,177,191,195,202,203,206,208,213,214,215,222,232,233,237,238,240,243,249,254,262,264,274,279,282,287,290,293,294,298]].
[[1,4,9,11,12,17,18,21,22,23,34,36,40,41,48,51,54,55,57,60,63,77,79,87,90,92,93,94,105,107,109,125,127,131,134,146,147,153,157,158,168,170,172,173,177,191,195,202,203,206,208,213,214,215,222,232,233,237,238,240,243,249,254,262,264,274,279,282,287,290,293,294,298],[3,5,16,20,25,27,30,35,38,39,44,47,50,58,61,64,66,68,69,70,71,72,73,74,75,80,82,83,84,88,97,98,99,101,103,104,108,110,113,120,123,128,129,130,135,139,140,144,148,159,161,162,165,171,174,178,183,185,186,189,190,192,193,194,196,197,198,200,204,205,207,209,211,212,216,219,225,226,227,229,230,231,236,239,241,244,246,250,251,252,255,256,260,265,269,270,276,277,281,283,284,285,289,292,296,297,299],[2,6,8,14,24,33,37,45,46,53,56,89,95,96,100,106,112,116,117,121,126,133,137,138,145,149,150,151,155,166,169,179,184,188,199,210,218,221,224,234,245,247,253,259,271,275,280]].
[[2,6,8,14,24,33,37,45,46,53,56,89,95,96,100,106,112,116,117,121,126,133,137,138,145,149,150,151,155,166,169,179,184,188,199,210,218,221,224,234,245,247,253,259,271,275,280],[7,10,13,15,19,26,28,29,31,32,42,43,49,52,59,62,65,67,76,78,81,85,86,91,102,111,114,115,118,119,122,124,132,136,141,142,143,152,154,156,160,163,164,167,175,176,180,181,182,187,201,217,220,223,228,235,242,248,257,258,261,263,266,267,268,272,273,278,286,288,291,295,300],[1,4,9,11,12,17,18,21,22,23,34,36,40,41,48,51,54,55,57,60,63,77,79,87,90,92,93,94,105,107,109,125,127,131,134,146,147,153,157,158,168,170,172,173,177,191,195,202,203,206,208,213,214,215,222,232,233,237,238,240,243,249,254,262,264,274,279,282,287,290,293,294,298]].
[[7,10,13,15,19,26,28,29,31,32,42,43,49,52,59,62,65,67,76,78,81,85,86,91,102,111,114,115,118,119,122,124,132,136,141,142,143,152,154,156,160,163,164,167,175,176,180,181,182,187,201,217,220,223,228,235,242,248,257,258,261,263,266,267,268,272,273,278,286,288,291,295,300],[2,6,8,14,24,33,37,45,46,53,56,89,95,96,100,106,112,116,117,121,126,133,137,138,145,149,150,151,155,166,169,179,184,188,199,210,218,221,224,234,245,247,253,259,271,275,280],[3,5,16,20,25,27,30,35,38,39,44,47,50,58,61,64,66,68,69,70,71,72,73,74,75,80,82,83,84,88,97,98,99,101,103,104,108,110,113,120,123,128,129,130,135,139,140,144,148,159,161,162,165,171,174,178,183,185,186,189,190,192,193,194,196,197,198,200,204,205,207,209,211,212,216,219,225,226,227,229,230,231,236,239,241,244,246,250,251,252,255,256,260,265,269,270,276,277,281,283,284,285,289,292,296,297,299]].
[[3,5,16,20,25,27,30,35,38,39,44,47,50,58,61,64,66,68,69,70,71,72,73,74,75,80,82,83,84,88,97,98,99,101,103,104,108,110,113,120,123,128,129,130,135,139,140,144,148,159,161,162,165,171,174,178,183,185,186,189,190,192,193,194,196,197,198,200,204,205,207,209,211,212,216,219,225,226,227,229,230,231,236,239,241,244,246,250,251,252,255,256,260,265,269,270,276,277,281,283,284,285,289,292,296,297,299],[1,4,9,11,12,17,18,21,22,23,34,36,40,41,48,51,54,55,57,60,63,77,79,87,90,92,93,94,105,107,109,125,127,131,134,146,147,153,157,158,168,170,172,173,177,191,195,202,203,206,208,213,214,215,222,232,233,237,238,240,243,249,254,262,264,274,279,282,287,290,293,294,298],[7,10,13,15,19,26,28,29,31,32,42,43,49,52,59,62,65,67,76,78,81,85,86,91,102,111,114,115,118,119,122,124,132,136,141,142,143,152,154,156,160,163,164,167,175,176,180,181,182,187,201,217,220,223,228,235,242,248,257,258,261,263,266,267,268,272,273,278,286,288,291,295,300]].
[[2,6,8,14,24,33,37,45,46,53,56,89,95,96,100,106,112,116,117,121,126,133,137,138,145,149,150,151,155,166,169,179,184,188,199,210,218,221,224,234,245,247,253,259,271,275,280],[7,10,13,15,19,26,28,29,31,32,42,43,49,52,59,62,65,67,76,78,81,85,86,91,102,111,114,115,118,119,122,124,132,136,141,142,143,152,154,156,160,163,164,167,175,176,180,181,182,187,201,217,220,223,228,235,242,248,257,258,261,263,266,267,268,272,273,278,286,288,291,295,300],[1,4,9,11,12,17,18,21,22,23,34,36,40,41,48,51,54,55,57,60,63,77,79,87,90,92,93,94,105,107,109,125,127,131,134,146,147,153,157,158,168,170,172,173,177,191,195,202,203,206,208,213,214,215,222,232,233,237,238,240,243,249,254,262,264,274,279,282,287,290,293,294,298]].
[[2,6,8,14,24,33,37,45,46,53,56,89,95,96,100,106,112,116,117,121,126,133,137,138,145,149,150,151,155,166,169,179,184,188,199,210,218,221,224,234,245,247,253,259,271,275,280],[7,10,13,15,19,26,28,29,31,32,42,43,49,52,59,62,65,67,76,78,81,85,86,91,102,111,114,115,118,119,122,124,132,136,141,142,143,152,154,156,160,163,164,167,175,176,180,181,182,187,201,217,220,223,228,235,242,248,257,258,261,263,266,267,268,272,273,278,286,288,291,295,300],[1,4,9,11,12,17,18,21,22,23,34,36,40,41,48,51,54,55,57,60,63,77,79,87,90,92,93,94,105,107,109,125,127,131,134,146,147,153,157,158,168,170,172,173,177,191,195,202,203,206,208,213,214,215,222,232,233,237,238,240,243,249,254,262,264,274,279,282,287,290,293,294,298]].
[[2,6,8,14,24,33,37,45,46,53,56,89,95,96,100,106,112,116,117,121,126,133,137,138,145,149,150,151,155,166,169,179,184,188,199,210,218,221,224,234,245,247,253,259,271,275,280],[7,10,13,15,19,26,28,29,31,32,42,43,49,52,59,62,65,67,76,78,81,85,86,91,102,111,114,115,118,119,122,124,132,136,141,142,143,152,154,156,160,163,164,167,175,176,180,181,182,187,201,217,220,223,228,235,242,248,257,258,261,263,266,267,268,272,273,278,286,288,291,295,300],[1,4,9,11,12,17,18,21,22,23,34,36,40,41,48,51,54,55,57,60,63,77,79,87,90,92,93,94,105,107,109,125,127,131,134,146,147,153,157,158,168,170,172,173,177,191,195,202,203,206,208,213,214,215,222,232,233,237,238,240,243,249,254,262,264,274,279,282,287,290,293,294,298]].
[[1,4,9,11,12,17,18,21,22,23,34,36,40,41,48,51,54,55,57,60,63,77,79,87,90,92,93,94,105,107,109,125,127,131,134,146,147,153,157,158,168,170,172,173,177,191,195,202,203,206,208,213,214,215,222,232,233,237,238,240,243,249,254,262,264,274,279,282,287,290,293,294,298],[3,5,16,20,25,27,30,35,38,39,44,47,50,58,61,64,66,68,69,70,71,72,73,74,75,80,82,83,84,88,97,98,99,101,103,104,108,110,113,120,123,128,129,130,135,139,140,144,148,159,161,162,165,171,174,178,183,185,186,189,190,192,193,194,196,197,198,200,204,205,207,209,211,212,216,219,225,226,227,229,230,231,236,239,241,244,246,250,251,252,255,256,260,265,269,270,276,277,281,283,284,285,289,292,296,297,299],[2,6,8,14,24,33,37,45,46,53,56,89,95,96,100,106,112,116,117,121,126,133,137,138,145,149,150,151,155,166,169,179,184,188,199,210,218,221,224,234,245,247,253,259,271,275,280]].
[[2,6,8,14,24,33,37,45,46,53,56,89,95,96,100,106,112,116,117,121,126,133,137,138,145,149,150,151,155,166,169,179,184,188,199,210,218,221,224,234,245,247,253,259,271,275,280],[7,10,13,15,19,26,28,29,31,32,42,43,49,52,59,62,65,67,76,78,81,85,86,91,102,111,114,115,118,119,122,124,132,136,141,142,143,152,154,156,160,163,164,167,175,176,180,181,182,187,201,217,220,223,228,235,242,248,257,258,261,263,266,267,268,272,273,278,286,288,291,295,300],[1,4,9,11,12,17,18,21,22,23,34,36,40,41,48,51,54,55,57,60,63,77,79,87,90,92,93,94,105,107,109,125,127,131,134,146,147,153,157,158,168,170,172,173,177,191,195,202,203,206,208,213,214,215,222,232,233,237,238,240,243,249,254,262,264,274,279,282,287,290,293,294,298]].
[[7,10,13,15,19,26,28,29,31,32,42,43,49,52,59,62,65,67,76,78,81,85,86,91,102,111,114,115,118,119,122,124,132,136,141,142,143,152,154,156,160,163,164,167,175,176,180,181,182,187,201,217,220,223,228,235,242,248,257,258,261,263,266,267,268,272,273,278,286,288,291,295,300],[2,6,8,14,24,33,37,45,46,53,56,89,95,96,100,106,112,116,117,121,126,133,137,138,145,149,150,151,155,166,169,179,184,188,199,210,218,221,224,234,245,247,253,259,271,275,280],[3,5,16,20,25,27,30,35,38,39,44,47,50,58,61,64,66,68,69,70,71,72,73,74,75,80,82,83,84,88,97,98,99,101,103,104,108,110,113,120,123,128,129,130,135,139,140,144,148,159,161,162,165,171,174,178,183,185,186,189,190,192,193,194,196,197,198,200,204,205,207,209,211,212,216,219,225,226,227,229,230,231,236,239,241,244,246,250,251,252,255,256,260,265,269,270,276,277,281,283,284,285,289,292,296,297,299]].
[[7,10,13,15,19,26,28,29,31,32,42,43,49,52,59,62,65,67,76,78,81,85,86,91,102,111,114,115,118,119,122,124,132,136,141,142,143,152,154,156,160,163,164,167,175,176,180,181,182,187,201,217,220,223,228,235,242,248,257,258,261,263,266,267,268,272,273,278,286,288,291,295,300],[2,6,8,14,24,33,37,45,46,53,56,89,95,96,100,106,112,116,117,121,126,133,137,138,145,149,150,151,155,166,169,179,184,188,199,210,218,221,224,234,245,247,253,259,271,275,280],[3,5,16,20,25,27,30,35,38,39,44,47,50,58,61,64,66,68,69,70,71,72,73,74,75,80,82,83,84,88,97,98,99,101,103,104,108,110,113,120,123,128,129,130,135,139,140,144,148,159,161,162,165,171,174,178,183,185,186,189,190,192,193,194,196,197,198,200,204,205,207,209,211,212,216,219,225,226,227,229,230,231,236,239,241,244,246,250,251,252,255,256,260,265,269,270,276,277,281,283,284,285,289,292,296,297,299]].
[[1,4,9,11,12,17,18,21,22,23,34,36,40,41,48,51,54,55,57,60,63,77,79,87,90,92,93,94,105,107,109,125,127,131,134,146,147,153,157,158,168,170,172,173,177,191,195,202,203,206,208,213,214,215,222,232,233,237,238,240,243,249,254,262,264,274,279,282,287,290,293,294,298],[3,5,16,20,25,27,30,35,38,39,44,47,50,58,61,64,66,68,69,70,71,72,73,74,75,80,82,83,84,88,97,98,99,101,103,104,108,110,113,120,123,128,129,130,135,139,140,144,148,159,161,162,165,171,174,178,183,185,186,189,190,192,193,194,196,197,198,200,204,205,207,209,211,212,216,219,225,226,227,229,230,231,236,239,241,244,246,250,251,252,255,256,260,265,269,270,276,277,281,283,284,285,289,292,296,297,299],[2,6,8,14,24,33,37,45,46,53,56,89,95,96,100,106,112,116,117,121,126,133,137,138,145,149,150,151,155,166,169,179,184,188,199,210,218,221,224,234,245,247,253,259,271,275,280]].
[[2,6,8,14,24,33,37,45,46,53,56,89,95,96,100,106,112,116,117,121,126,133,137,138,145,149,150,151,155,166,169,179,184,188,199,210,218,221,224,234,245,247,253,259,271,275,280],[7,10,13,15,19,26,28,29,31,32,42,43,49,52,59,62,65,67,76,78,81,85,86,91,102,111,114,115,118,119,122,124,132,136,141,142,143,152,154,156,160,163,164,167,175,176,180,181,182,187,201,217,220,223,228,235,242,248,257,258,261,263,266,267,268,272,273,278,286,288,291,295,300],[1,4,9,11,12,17,18,21,22,23,34,36,40,41,48,51,54,55,57,60,63,77,79,87,90,92,93,94,105,107,109,125,127,131,134,146,147,153,157,158,168,170,172,173,177,191,195,202,203,206,208,213,214,215,222,232,233,237,238,240,243,249,254,262,264,274,279,282,287,290,293,294,298]].
[[2,6,8,14,24,33,37,45,46,53,56,89,95,96,100,106,112,116,117,121,126,133,137,138,145,149,150,151,155,166,169,179,184,188,199,210,218,221,224,234,245,247,253,259,271,275,280],[7,10,13,15,19,26,28,29,31,32,42,43,49,52,59,62,65,67,76,78,81,85,86,91,102,111,114,115,118,119,122,124,132,136,141,142,143,152,154,156,160,163,164,167,175,176,180,181,182,187,201,217,220,223,228,235,242,248,257,258,261,263,266,267,268,272,273,278,286,288,291,295,300],[1,4,9,11,12,17,18,21,22,23,34,36,40,41,48,51,54,55,57,60,63,77,79,87,90,92,93,94,105,107,109,125,127,131,134,146,147,153,157,158,168,170,172,173,177,191,195,202,203,206,208,213,214,215,222,232,233,237,238,240,243,249,254,262,264,274,279,282,287,290,293,294,298]].
[[2,6,8,14,24,33,37,45,46,53,56,89,95,96,100,106,112,116,117,121,126,133,137,138,145,149,150,151,155,166,169,179,184,188,199,210,218,221,224,234,245,247,253,259,271,275,280],[7,10,13,15,19,26,28,29,31,32,42,43,49,52,59,62,65,67,76,78,81,85,86,91,102,111,114,115,118,119,122,124,132,136,141,142,143,152,154,156,160,163,164,167,175,176,180,181,182,187,201,217,220,223,228,235,242,248,257,258,261,263,266,267,268,272,273,278,286,288,291,295,300],[1,4,9,11,12,17,18,21,22,23,34,36,40,41,48,51,54,55,57,60,63,77,79,87,90,92,93,94,105,107,109,125,127,131,134,146,147,153,157,158,168,170,172,173,177,191,195,202,203,206,208,213,214,215,222,232,233,237,238,240,243,249,254,262,264,274,279,282,287,290,293,294,298]].
[[7,10,13,15,19,26,28,29,31,32,42,43,49,52,59,62,65,67,76,78,81,85,86,91,102,111,114,115,118,119,122,124,132,136,141,142,143,152,154,156,160,163,164,167,175,176,180,181,182,187,201,217,220,223,228,235,242,248,257,258,261,263,266,267,268,272,273,278,286,288,291,295,300],[2,6,8,14,24,33,37,45,46,53,56,89,95,96,100,106,112,116,117,121,126,133,137,138,145,149,150,151,155,166,169,179,184,188,199,210,218,221,224,234,245,247,253,259,271,275,280],[3,5,16,20,25,27,30,35,38,39,44,47,50,58,61,64,66,68,69,70,71,72,73,74,75,80,82,83,84,88,97,98,99,101,103,104,108,110,113,120,123,128,129,130,135,139,140,144,148,159,161,162,165,171,174,178,183,185,186,189,190,192,193,194,196,197,198,200,204,205,207,209,211,212,216,219,225,226,227,229,230,231,236,239,241,244,246,250,251,252,255,256,260,265,269,270,276,277,281,283,284,285,289,292,296,297,299]].
[[1,4,9,11,12,17,18,21,22,23,34,36,40,41,48,51,54,55,57,60,63,77,79,87,90,92,93,94,105,107,109,125,127,131,134,146,147,153,157,158,168,170,172,173,177,191,195,202,203,206,208,213,214,215,222,232,233,237,238,240,243,249,254,262,264,274,279,282,287,290,293,294,298],[3,5,16,20,25,27,30,35,38,39,44,47,50,58,61,64,66,68,69,70,71,72,73,74,75,80,82,83,84,88,97,98,99,101,103,104,108,110,113,120,123,128,129,130,135,139,140,144,148,159,161,162,165,171,174,178,183,185,186,189,190,192,193,194,196,197,198,200,204,205,207,209,211,212,216,219,225,226,227,229,230,231,236,239,241,244,246,250,251,252,255,256,260,265,269,270,276,277,281,283,284,285,289,292,296,297,299],[2,6,8,14,24,33,37,45,46,53,56,89,95,96,100,106,112,116,117,121,126,133,137,138,145,149,150,151,155,166,169,179,184,188,199,210,218,221,224,234,245,247,253,259,271,275,280]].
[[1,4,9,11,12,17,18,21,22,23,34,36,40,41,48,51,54,55,57,60,63,77,79,87,90,92,93,94,105,107,109,125,127,131,134,146,147,153,157,158,168,170,172,173,177,191,195,202,203,206,208,213,214,215,222,232,233,237,238,240,243,249,254,262,264,274,279,282,287,290,293,294,298],[3,5,16,20,25,27,30,35,38,39,44,47,50,58,61,64,66,68,69,70,71,72,73,74,75,80,82,83,84,88,97,98,99,101,103,104,108,110,113,120,123,128,129,130,135,139,140,144,148,159,161,162,165,171,174,178,183,185,186,189,190,192,193,194,196,197,198,200,204,205,207,209,211,212,216,219,225,226,227,229,230,231,236,239,241,244,246,250,251,252,255,256,260,265,269,270,276,277,281,283,284,285,289,292,296,297,299],[2,6,8,14,24,33,37,45,46,53,56,89,95,96,100,106,112,116,117,121,126,133,137,138,145,149,150,151,155,166,169,179,184,188,199,210,218,221,224,234,245,247,253,259,271,275,280]].
[[1,4,9,11,12,17,18,21,22,23,34,36,40,41,48,51,54,55,57,60,63,77,79,87,90,92,93,94,105,107,109,125,127,131,134,146,147,153,157,158,168,170,172,173,177,191,195,202,203,206,208,213,214,215,222,232,233,237,238,240,243,249,254,262,264,274,279,282,287,290,293,294,298],[3,5,16,20,25,27,30,35,38,39,44,47,50,58,61,64,66,68,69,70,71,72,73,74,75,80,82,83,84,88,97,98,99,101,103,104,108,110,113,120,123,128,129,130,135,139,140,144,148,159,161,162,165,171,174,178,183,185,186,189,190,192,193,194,196,197,198,200,204,205,207,209,211,212,216,219,225,226,227,229,230,231,236,239,241,244,246,250,251,252,255,256,260,265,269,270,276,277,281,283,284,285,289,292,296,297,299],[2,6,8,14,24,33,37,45,46,53,56,89,95,96,100,106,112,116,117,121,126,133,137,138,145,149,150,151,155,166,169,179,184,188,199,210,218,221,224,234,245,247,253,259,271,275,280]].
[[2,6,8,14,24,33,37,45,46,53,56,89,95,96,100,106,112,116,117,121,126,133,137,138,145,149,150,151,155,166,169,179,184,188,199,210,218,221,224,234,245,247,253,259,271,275,280],[7,10,13,15,19,26,28,29,31,32,42,43,49,52,59,62,65,67,76,78,81,85,86,91,102,111,114,115,118,119,122,124,132,136,141,142,143,152,154,156,160,163,164,167,175,176,180,181,182,187,201,217,220,223,228,235,242,248,257,258,261,263,266,267,268,272,273,278,286,288,291,295,300],[1,4,9,11,12,17,18,21,22,23,34,36,40,41,48,51,54,55,57,60,63,77,79,87,90,92,93,94,105,107,109,125,127,131,134,146,147,153,157,158,168,170,172,173,177,191,195,202,203,206,208,213,214,215,222,232,233,237,238,240,243,249,254,262,264,274,279,282,287,290,293,294,298]].
