[[2,13,14,20,33,35,43,45,50,51,53,56,71,81,87,88,93,95,104,105,117,118,121,
  124,130,135,136,138,143,153,156,167,168,170,172,173,175,176,188,196,198,199,
  205,207,209,210,211,212,213,214,215,226,229,231,236,257,262,263,269,276,279,
  285,298],
 [1,3,6,7,8,10,11,15,16,17,19,21,22,23,25,26,28,29,31,32,34,36,38,39,40,42,46,
  48,52,54,55,57,60,61,67,68,69,70,72,73,78,79,82,83,84,85,86,90,97,98,99,100,
  101,103,107,109,110,112,113,116,122,125,127,131,133,137,139,140,142,144,145,
  147,149,151,152,154,157,159,160,161,162,164,166,177,178,181,183,184,187,189,
  190,191,195,197,200,201,202,206,208,218,219,221,223,224,225,227,232,234,238,
  239,241,242,243,244,245,246,247,249,250,252,253,254,255,259,261,264,265,266,
  268,270,274,275,278,280,282,283,284,287,288,289,291,293,294,295,296,297,299],
 [5,12,30,62,64,75,77,80,89,114,115,119,123,132,134,146,163,182,185,186,194,
  204,222,256,271,273,281]].
[[1,3,6,7,8,10,11,15,16,17,19,21,22,23,25,26,28,29,31,32,34,36,38,39,40,42,46,
  48,52,54,55,57,60,61,67,68,69,70,72,73,78,79,82,83,84,85,86,90,97,98,99,100,
  101,103,107,109,110,112,113,116,122,125,127,131,133,137,139,140,142,144,145,
  147,149,151,152,154,157,159,160,161,162,164,166,177,178,181,183,184,187,189,
  190,191,195,197,200,201,202,206,208,218,219,221,223,224,225,227,232,234,238,
  239,241,242,243,244,245,246,247,249,250,252,253,254,255,259,261,264,265,266,
  268,270,274,275,278,280,282,283,284,287,288,289,291,293,294,295,296,297,299],
 [2,13,14,20,33,35,43,45,50,51,53,56,71,81,87,88,93,95,104,105,117,118,121,
  124,130,135,136,138,143,153,156,167,168,170,172,173,175,176,188,196,198,199,
  205,207,209,210,211,212,213,214,215,226,229,231,236,257,262,263,269,276,279,
  285,298],
 [4,9,18,24,27,37,41,44,47,49,58,59,63,65,66,74,76,91,92,94,96,102,106,108,
  111,120,126,128,129,141,148,150,155,158,165,169,171,174,179,180,192,193,203,
  216,217,220,228,230,233,235,237,240,248,251,258,260,267,272,277,286,290,292,
  300]].
[[1,3,6,7,8,10,11,15,16,17,19,21,22,23,25,26,28,29,31,32,34,36,38,39,40,42,46,
  48,52,54,55,57,60,61,67,68,69,70,72,73,78,79,82,83,84,85,86,90,97,98,99,100,
  101,103,107,109,110,112,113,116,122,125,127,131,133,137,139,140,142,144,145,
  147,149,151,152,154,157,159,160,161,162,164,166,177,178,181,183,184,187,189,
  190,191,195,197,200,201,202,206,208,218,219,221,223,224,225,227,232,234,238,
  239,241,242,243,244,245,246,247,249,250,252,253,254,255,259,261,264,265,266,
  268,270,274,275,278,280,282,283,284,287,288,289,291,293,294,295,296,297,299],
 [2,13,14,20,33,35,43,45,50,51,53,56,71,81,87,88,93,95,104,105,117,118,121,
  124,130,135,136,138,143,153,156,167,168,170,172,173,175,176,188,196,198,199,
  205,207,209,210,211,212,213,214,215,226,229,231,236,257,262,263,269,276,279,
  285,298],
 [4,9,18,24,27,37,41,44,47,49,58,59,63,65,66,74,76,91,92,94,96,102,106,108,
  111,120,126,128,129,141,148,150,155,158,165,169,171,174,179,180,192,193,203,
  216,217,220,228,230,233,235,237,240,248,251,258,260,267,272,277,286,290,292,
  300]].
[[1,3,6,7,8,10,11,15,16,17,19,21,22,23,25,26,28,29,31,32,34,36,38,39,40,42,46,
  48,52,54,55,57,60,61,67,68,69,70,72,73,78,79,82,83,84,85,86,90,97,98,99,100,
  101,103,107,109,110,112,113,116,122,125,127,131,133,137,139,140,142,144,145,
  147,149,151,152,154,157,159,160,161,162,164,166,177,178,181,183,184,187,189,
  190,191,195,197,200,201,202,206,208,218,219,221,223,224,225,227,232,234,238,
  239,241,242,243,244,245,246,247,249,250,252,253,254,255,259,261,264,265,266,
  268,270,274,275,278,280,282,283,284,287,288,289,291,293,294,295,296,297,299],
 [2,13,14,20,33,35,43,45,50,51,53,56,71,81,87,88,93,95,104,105,117,118,121,
  124,130,135,136,138,143,153,156,167,168,170,172,173,175,176,188,196,198,199,
  205,207,209,210,211,212,213,214,215,226,229,231,236,257,262,263,269,276,279,
  285,298],
 [4,9,18,24,27,37,41,44,47,49,58,59,63,65,66,74,76,91,92,94,96,102,106,108,
  111,120,126,128,129,141,148,150,155,158,165,169,171,174,179,180,192,193,203,
  216,217,220,228,230,233,235,237,240,248,251,258,260,267,272,277,286,290,292,
  300]].
[[1,3,6,7,8,10,11,15,16,17,19,21,22,23,25,26,28,29,31,32,34,36,38,39,40,42,46,
  48,52,54,55,57,60,61,67,68,69,70,72,73,78,79,82,83,84,85,86,90,97,98,99,100,
  101,103,107,109,110,112,113,116,122,125,127,131,133,137,139,140,142,144,145,
  147,149,151,152,154,157,159,160,161,162,164,166,177,178,181,183,184,187,189,
  190,191,195,197,200,201,202,206,208,218,219,221,223,224,225,227,232,234,238,
  239,241,242,243,244,245,246,247,249,250,252,253,254,255,259,261,264,265,266,
  268,270,274,275,278,280,282,283,284,287,288,289,291,293,294,295,296,297,299],
 [2,13,14,20,33,35,43,45,50,51,53,56,71,81,87,88,93,95,104,105,117,118,121,
  124,130,135,136,138,143,153,156,167,168,170,172,173,175,176,188,196,198,199,
  205,207,209,210,211,212,213,214,215,226,229,231,236,257,262,263,269,276,279,
  285,298],
 [4,9,18,24,27,37,41,44,47,49,58,59,63,65,66,74,76,91,92,94,96,102,106,108,
  111,120,126,128,129,141,148,150,155,158,165,169,171,174,179,180,192,193,203,
  216,217,220,228,230,233,235,237,240,248,251,258,260,267,272,277,286,290,292,
  300]].
[[1,3,6,7,8,10,11,15,16,17,19,21,22,23,25,26,28,29,31,32,34,36,38,39,40,42,46,
  48,52,54,55,57,60,61,67,68,69,70,72,73,78,79,82,83,84,85,86,90,97,98,99,100,
  101,103,107,109,110,112,113,116,122,125,127,131,133,137,139,140,142,144,145,
  147,149,151,152,154,157,159,160,161,162,164,166,177,178,181,183,184,187,189,
  190,191,195,197,200,201,202,206,208,218,219,221,223,224,225,227,232,234,238,
  239,241,242,243,244,245,246,247,249,250,252,253,254,255,259,261,264,265,266,
  268,270,274,275,278,280,282,283,284,287,288,289,291,293,294,295,296,297,299],
 [2,13,14,20,33,35,43,45,50,51,53,56,71,81,87,88,93,95,104,105,117,118,121,
  124,130,135,136,138,143,153,156,167,168,170,172,173,175,176,188,196,198,199,
  205,207,209,210,211,212,213,214,215,226,229,231,236,257,262,263,269,276,279,
  285,298],
 [4,9,18,24,27,37,41,44,47,49,58,59,63,65,66,74,76,91,92,94,96,102,106,108,
  111,120,126,128,129,141,148,150,155,158,165,169,171,174,179,180,192,193,203,
  216,217,220,228,230,233,235,237,240,248,251,258,260,267,272,277,286,290,292,
  300]].
[[2,13,14,20,33,35,43,45,50,51,53,56,71,81,87,88,93,95,104,105,117,118,121,
  124,130,135,136,138,143,153,156,167,168,170,172,173,175,176,188,196,198,199,
  205,207,209,210,211,212,213,214,215,226,229,231,236,257,262,263,269,276,279,
  285,298],
 [1,3,6,7,8,10,11,15,16,17,19,21,22,23,25,26,28,29,31,32,34,36,38,39,40,42,46,
  48,52,54,55,57,60,61,67,68,69,70,72,73,78,79,82,83,84,85,86,90,97,98,99,100,
  101,103,107,109,110,112,113,116,122,125,127,131,133,137,139,140,142,144,145,
  147,149,151,152,154,157,159,160,161,162,164,166,177,178,181,183,184,187,189,
  190,191,195,197,200,201,202,206,208,218,219,221,223,224,225,227,232,234,238,
  239,241,242,243,244,245,246,247,249,250,252,253,254,255,259,261,264,265,266,
  268,270,274,275,278,280,282,283,284,287,288,289,291,293,294,295,296,297,299],
 [5,12,30,62,64,75,77,80,89,114,115,119,123,132,134,146,163,182,185,186,194,
  204,222,256,271,273,281]].
[[1,3,6,7,8,10,11,15,16,17,19,21,22,23,25,26,28,29,31,32,34,36,38,39,40,42,46,
  48,52,54,55,57,60,61,67,68,69,70,72,73,78,79,82,83,84,85,86,90,97,98,99,100,
  101,103,107,109,110,112,113,116,122,125,127,131,133,137,139,140,142,144,145,
  147,149,151,152,154,157,159,160,161,162,164,166,177,178,181,183,184,187,189,
  190,191,195,197,200,201,202,206,208,218,219,221,223,224,225,227,232,234,238,
  239,241,242,243,244,245,246,247,249,250,252,253,254,255,259,261,264,265,266,
  268,270,274,275,278,280,282,283,284,287,288,289,291,293,294,295,296,297,299],
 [2,13,14,20,33,35,43,45,50,51,53,56,71,81,87,88,93,95,104,105,117,118,121,
  124,130,135,136,138,143,153,156,167,168,170,172,173,175,176,188,196,198,199,
  205,207,209,210,211,212,213,214,215,226,229,231,236,257,262,263,269,276,279,
  285,298],
 [4,9,18,24,27,37,41,44,47,49,58,59,63,65,66,74,76,91,92,94,96,102,106,108,
  111,120,126,128,129,141,148,150,155,158,165,169,171,174,179,180,192,193,203,
  216,217,220,228,230,233,235,237,240,248,251,258,260,267,272,277,286,290,292,
  300]].
[[1,3,6,7,8,10,11,15,16,17,19,21,22,23,25,26,28,29,31,32,34,36,38,39,40,42,46,
  48,52,54,55,57,60,61,67,68,69,70,72,73,78,79,82,83,84,85,86,90,97,98,99,100,
  101,103,107,109,110,112,113,116,122,125,127,131,133,137,139,140,142,144,145,
  147,149,151,152,154,157,159,160,161,162,164,166,177,178,181,183,184,187,189,
  190,191,195,197,200,201,202,206,208,218,219,221,223,224,225,227,232,234,238,
  239,241,242,243,244,245,246,247,249,250,252,253,254,255,259,261,264,265,266,
  268,270,274,275,278,280,282,283,284,287,288,289,291,293,294,295,296,297,299],
 [2,13,14,20,33,35,43,45,50,51,53,56,71,81,87,88,93,95,104,105,117,118,121,
  124,130,135,136,138,143,153,156,167,168,170,172,173,175,176,188,196,198,199,
  205,207,209,210,211,212,213,214,215,226,229,231,236,257,262,263,269,276,279,
  285,298],
 [4,9,18,24,27,37,41,44,47,49,58,59,63,65,66,74,76,91,92,94,96,102,106,108,
  111,120,126,128,129,141,148,150,155,158,165,169,171,174,179,180,192,193,203,
  216,217,220,228,230,233,235,237,240,248,251,258,260,267,272,277,286,290,292,
  300]].
[[4,9,18,24,27,37,41,44,47,49,58,59,63,65,66,74,76,91,92,94,96,102,106,108,
  111,120,126,128,129,141,148,150,155,158,165,169,171,174,179,180,192,193,203,
  216,217,220,228,230,233,235,237,240,248,251,258,260,267,272,277,286,290,292,
  300],
 [5,12,30,62,64,75,77,80,89,114,115,119,123,132,134,146,163,182,185,186,194,
  204,222,256,271,273,281],
 [1,3,6,7,8,10,11,15,16,17,19,21,22,23,25,26,28,29,31,32,34,36,38,39,40,42,46,
  48,52,54,55,57,60,61,67,68,69,70,72,73,78,79,82,83,84,85,86,90,97,98,99,100,
  101,103,107,109,110,112,113,116,122,125,127,131,133,137,139,140,142,144,145,
  147,149,151,152,154,157,159,160,161,162,164,166,177,178,181,183,184,187,189,
  190,191,195,197,200,201,202,206,208,218,219,221,223,224,225,227,232,234,238,
  239,241,242,243,244,245,246,247,249,250,252,253,254,255,259,261,264,265,266,
  268,270,274,275,278,280,282,283,284,287,288,289,291,293,294,295,296,297,
  299]].
[[5,12,30,62,64,75,77,80,89,114,115,119,123,132,134,146,163,182,185,186,194,
  204,222,256,271,273,281],
 [4,9,18,24,27,37,41,44,47,49,58,59,63,65,66,74,76,91,92,94,96,102,106,108,
  111,120,126,128,129,141,148,150,155,158,165,169,171,174,179,180,192,193,203,
  216,217,220,228,230,233,235,237,240,248,251,258,260,267,272,277,286,290,292,
  300],
 [2,13,14,20,33,35,43,45,50,51,53,56,71,81,87,88,93,95,104,105,117,118,121,
  124,130,135,136,138,143,153,156,167,168,170,172,173,175,176,188,196,198,199,
  205,207,209,210,211,212,213,214,215,226,229,231,236,257,262,263,269,276,279,
  285,298]].
[[4,9,18,24,27,37,41,44,47,49,58,59,63,65,66,74,76,91,92,94,96,102,106,108,
  111,120,126,128,129,141,148,150,155,158,165,169,171,174,179,180,192,193,203,
  216,217,220,228,230,233,235,237,240,248,251,258,260,267,272,277,286,290,292,
  300],
 [5,12,30,62,64,75,77,80,89,114,115,119,123,132,134,146,163,182,185,186,194,
  204,222,256,271,273,281],
 [1,3,6,7,8,10,11,15,16,17,19,21,22,23,25,26,28,29,31,32,34,36,38,39,40,42,46,
  48,52,54,55,57,60,61,67,68,69,70,72,73,78,79,82,83,84,85,86,90,97,98,99,100,
  101,103,107,109,110,112,113,116,122,125,127,131,133,137,139,140,142,144,145,
  147,149,151,152,154,157,159,160,161,162,164,166,177,178,181,183,184,187,189,
  190,191,195,197,200,201,202,206,208,218,219,221,223,224,225,227,232,234,238,
  239,241,242,243,244,245,246,247,249,250,252,253,254,255,259,261,264,265,266,
  268,270,274,275,278,280,282,283,284,287,288,289,291,293,294,295,296,297,
  299]].
[[4,9,18,24,27,37,41,44,47,49,58,59,63,65,66,74,76,91,92,94,96,102,106,108,
  111,120,126,128,129,141,148,150,155,158,165,169,171,174,179,180,192,193,203,
  216,217,220,228,230,233,235,237,240,248,251,258,260,267,272,277,286,290,292,
  300],
 [5,12,30,62,64,75,77,80,89,114,115,119,123,132,134,146,163,182,185,186,194,
  204,222,256,271,273,281],
 [1,3,6,7,8,10,11,15,16,17,19,21,22,23,25,26,28,29,31,32,34,36,38,39,40,42,46,
  48,52,54,55,57,60,61,67,68,69,70,72,73,78,79,82,83,84,85,86,90,97,98,99,100,
  101,103,107,109,110,112,113,116,122,125,127,131,133,137,139,140,142,144,145,
  147,149,151,152,154,157,159,160,161,162,164,166,177,178,181,183,184,187,189,
  190,191,195,197,200,201,202,206,208,218,219,221,223,224,225,227,232,234,238,
  239,241,242,243,244,245,246,247,249,250,252,253,254,255,259,261,264,265,266,
  268,270,274,275,278,280,282,283,284,287,288,289,291,293,294,295,296,297,
  299]].
[[2,13,14,20,33,35,43,45,50,51,53,56,71,81,87,88,93,95,104,105,117,118,121,
  124,130,135,136,138,143,153,156,167,168,170,172,173,175,176,188,196,198,199,
  205,207,209,210,211,212,213,214,215,226,229,231,236,257,262,263,269,276,279,
  285,298],
 [1,3,6,7,8,10,11,15,16,17,19,21,22,23,25,26,28,29,31,32,34,36,38,39,40,42,46,
  48,52,54,55,57,60,61,67,68,69,70,72,73,78,79,82,83,84,85,86,90,97,98,99,100,
  101,103,107,109,110,112,113,116,122,125,127,131,133,137,139,140,142,144,145,
  147,149,151,152,154,157,159,160,161,162,164,166,177,178,181,183,184,187,189,
  190,191,195,197,200,201,202,206,208,218,219,221,223,224,225,227,232,234,238,
  239,241,242,243,244,245,246,247,249,250,252,253,254,255,259,261,264,265,266,
  268,270,274,275,278,280,282,283,284,287,288,289,291,293,294,295,296,297,299],
 [5,12,30,62,64,75,77,80,89,114,115,119,123,132,134,146,163,182,185,186,194,
  204,222,256,271,273,281]].
[[1,3,6,7,8,10,11,15,16,17,19,21,22,23,25,26,28,29,31,32,34,36,38,39,40,42,46,
  48,52,54,55,57,60,61,67,68,69,70,72,73,78,79,82,83,84,85,86,90,97,98,99,100,
  101,103,107,109,110,112,113,116,122,125,127,131,133,137,139,140,142,144,145,
  147,149,151,152,154,157,159,160,161,162,164,166,177,178,181,183,184,187,189,
  190,191,195,197,200,201,202,206,208,218,219,221,223,224,225,227,232,234,238,
  239,241,242,243,244,245,246,247,249,250,252,253,254,255,259,261,264,265,266,
  268,270,274,275,278,280,282,283,284,287,288,289,291,293,294,295,296,297,299],
 [2,13,14,20,33,35,43,45,50,51,53,56,71,81,87,88,93,95,104,105,117,118,121,
  124,130,135,136,138,143,153,156,167,168,170,172,173,175,176,188,196,198,199,
  205,207,209,210,211,212,213,214,215,226,229,231,236,257,262,263,269,276,279,
  285,298],
 [4,9,18,24,27,37,41,44,47,49,58,59,63,65,66,74,76,91,92,94,96,102,106,108,
  111,120,126,128,129,141,148,150,155,158,165,169,171,174,179,180,192,193,203,
  216,217,220,228,230,233,235,237,240,248,251,258,260,267,272,277,286,290,292,
  300]].
[[1,3,6,7,8,10,11,15,16,17,19,21,22,23,25,26,28,29,31,32,34,36,38,39,40,42,46,
  48,52,54,55,57,60,61,67,68,69,70,72,73,78,79,82,83,84,85,86,90,97,98,99,100,
  101,103,107,109,110,112,113,116,122,125,127,131,133,137,139,140,142,144,145,
  147,149,151,152,154,157,159,160,161,162,164,166,177,178,181,183,184,187,189,
  190,191,195,197,200,201,202,206,208,218,219,221,223,224,225,227,232,234,238,
  239,241,242,243,244,245,246,247,249,250,252,253,254,255,259,261,264,265,266,
  268,270,274,275,278,280,282,283,284,287,288,289,291,293,294,295,296,297,299],
 [2,13,14,20,33,35,43,45,50,51,53,56,71,81,87,88,93,95,104,105,117,118,121,
  124,130,135,136,138,143,153,156,167,168,170,172,173,175,176,188,196,198,199,
  205,207,209,210,211,212,213,214,215,226,229,231,236,257,262,263,269,276,279,
  285,298],
 [4,9,18,24,27,37,41,44,47,49,58,59,63,65,66,74,76,91,92,94,96,102,106,108,
  111,120,126,128,129,141,148,150,155,158,165,169,171,174,179,180,192,193,203,
  216,217,220,228,230,233,235,237,240,248,251,258,260,267,272,277,286,290,292,
  300]].
[[4,9,18,24,27,37,41,44,47,49,58,59,63,65,66,74,76,91,92,94,96,102,106,108,
  111,120,126,128,129,141,148,150,155,158,165,169,171,174,179,180,192,193,203,
  216,217,220,228,230,233,235,237,240,248,251,258,260,267,272,277,286,290,292,
  300],
 [5,12,30,62,64,75,77,80,89,114,115,119,123,132,134,146,163,182,185,186,194,
  204,222,256,271,273,281],
 [1,3,6,7,8,10,11,15,16,17,19,21,22,23,25,26,28,29,31,32,34,36,38,39,40,42,46,
  48,52,54,55,57,60,61,67,68,69,70,72,73,78,79,82,83,84,85,86,90,97,98,99,100,
  101,103,107,109,110,112,113,116,122,125,127,131,133,137,139,140,142,144,145,
  147,149,151,152,154,157,159,160,161,162,164,166,177,178,181,183,184,187,189,
  190,191,195,197,200,201,202,206,208,218,219,221,223,224,225,227,232,234,238,
  239,241,242,243,244,245,246,247,249,250,252,253,254,255,259,261,264,265,266,
  268,270,274,275,278,280,282,283,284,287,288,289,291,293,294,295,296,297,
  299]].
[[1,3,6,7,8,10,11,15,16,17,19,21,22,23,25,26,28,29,31,32,34,36,38,39,40,42,46,
  48,52,54,55,57,60,61,67,68,69,70,72,73,78,79,82,83,84,85,86,90,97,98,99,100,
  101,103,107,109,110,112,113,116,122,125,127,131,133,137,139,140,142,144,145,
  147,149,151,152,154,157,159,160,161,162,164,166,177,178,181,183,184,187,189,
  190,191,195,197,200,201,202,206,208,218,219,221,223,224,225,227,232,234,238,
  239,241,242,243,244,245,246,247,249,250,252,253,254,255,259,261,264,265,266,
  268,270,274,275,278,280,282,283,284,287,288,289,291,293,294,295,296,297,299],
 [2,13,14,20,33,35,43,45,50,51,53,56,71,81,87,88,93,95,104,105,117,118,121,
  124,130,135,136,138,143,153,156,167,168,170,172,173,175,176,188,196,198,199,
  205,207,209,210,211,212,213,214,215,226,229,231,236,257,262,263,269,276,279,
  285,298],
 [4,9,18,24,27,37,41,44,47,49,58,59,63,65,66,74,76,91,92,94,96,102,106,108,
  111,120,126,128,129,141,148,150,155,158,165,169,171,174,179,180,192,193,203,
  216,217,220,228,230,233,235,237,240,248,251,258,260,267,272,277,286,290,292,
  300]].
[[1,3,6,7,8,10,11,15,16,17,19,21,22,23,25,26,28,29,31,32,34,36,38,39,40,42,46,
  48,52,54,55,57,60,61,67,68,69,70,72,73,78,79,82,83,84,85,86,90,97,98,99,100,
  101,103,107,109,110,112,113,116,122,125,127,131,133,137,139,140,142,144,145,
  147,149,151,152,154,157,159,160,161,162,164,166,177,178,181,183,184,187,189,
  190,191,195,197,200,201,202,206,208,218,219,221,223,224,225,227,232,234,238,
  239,241,242,243,244,245,246,247,249,250,252,253,254,255,259,261,264,265,266,
  268,270,274,275,278,280,282,283,284,287,288,289,291,293,294,295,296,297,299],
 [2,13,14,20,33,35,43,45,50,51,53,56,71,81,87,88,93,95,104,105,117,118,121,
  124,130,135,136,138,143,153,156,167,168,170,172,173,175,176,188,196,198,199,
  205,207,209,210,211,212,213,214,215,226,229,231,236,257,262,263,269,276,279,
  285,298],
 [4,9,18,24,27,37,41,44,47,49,58,59,63,65,66,74,76,91,92,94,96,102,106,108,
  111,120,126,128,129,141,148,150,155,158,165,169,171,174,179,180,192,193,203,
  216,217,220,228,230,233,235,237,240,248,251,258,260,267,272,277,286,290,292,
  300]].
[[4,9,18,24,27,37,41,44,47,49,58,59,63,65,66,74,76,91,92,94,96,102,106,108,
  111,120,126,128,129,141,148,150,155,158,165,169,171,174,179,180,192,193,203,
  216,217,220,228,230,233,235,237,240,248,251,258,260,267,272,277,286,290,292,
  300],
 [5,12,30,62,64,75,77,80,89,114,115,119,123,132,134,146,163,182,185,186,194,
  204,222,256,271,273,281],
 [1,3,6,7,8,10,11,15,16,17,19,21,22,23,25,26,28,29,31,32,34,36,38,39,40,42,46,
  48,52,54,55,57,60,61,67,68,69,70,72,73,78,79,82,83,84,85,86,90,97,98,99,100,
  101,103,107,109,110,112,113,116,122,125,127,131,133,137,139,140,142,144,145,
  147,149,151,152,154,157,159,160,161,162,164,166,177,178,181,183,184,187,189,
  190,191,195,197,200,201,202,206,208,218,219,221,223,224,225,227,232,234,238,
  239,241,242,243,244,245,246,247,249,250,252,253,254,255,259,261,264,265,266,
  268,270,274,275,278,280,282,283,284,287,288,289,291,293,294,295,296,297,
  299]].
[[2,13,14,20,33,35,43,45,50,51,53,56,71,81,87,88,93,95,104,105,117,118,121,
  124,130,135,136,138,143,153,156,167,168,170,172,173,175,176,188,196,198,199,
  205,207,209,210,211,212,213,214,215,226,229,231,236,257,262,263,269,276,279,
  285,298],
 [1,3,6,7,8,10,11,15,16,17,19,21,22,23,25,26,28,29,31,32,34,36,38,39,40,42,46,
  48,52,54,55,57,60,61,67,68,69,70,72,73,78,79,82,83,84,85,86,90,97,98,99,100,
  101,103,107,109,110,112,113,116,122,125,127,131,133,137,139,140,142,144,145,
  147,149,151,152,154,157,159,160,161,162,164,166,177,178,181,183,184,187,189,
  190,191,195,197,200,201,202,206,208,218,219,221,223,224,225,227,232,234,238,
  239,241,242,243,244,245,246,247,249,250,252,253,254,255,259,261,264,265,266,
  268,270,274,275,278,280,282,283,284,287,288,289,291,293,294,295,296,297,299],
 [5,12,30,62,64,75,77,80,89,114,115,119,123,132,134,146,163,182,185,186,194,
  204,222,256,271,273,281]].
[[2,13,14,20,33,35,43,45,50,51,53,56,71,81,87,88,93,95,104,105,117,118,121,
  124,130,135,136,138,143,153,156,167,168,170,172,173,175,176,188,196,198,199,
  205,207,209,210,211,212,213,214,215,226,229,231,236,257,262,263,269,276,279,
  285,298],
 [1,3,6,7,8,10,11,15,16,17,19,21,22,23,25,26,28,29,31,32,34,36,38,39,40,42,46,
  48,52,54,55,57,60,61,67,68,69,70,72,73,78,79,82,83,84,85,86,90,97,98,99,100,
  101,103,107,109,110,112,113,116,122,125,127,131,133,137,139,140,142,144,145,
  147,149,151,152,154,157,159,160,161,162,164,166,177,178,181,183,184,187,189,
  190,191,195,197,200,201,202,206,208,218,219,221,223,224,225,227,232,234,238,
  239,241,242,243,244,245,246,247,249,250,252,253,254,255,259,261,264,265,266,
  268,270,274,275,278,280,282,283,284,287,288,289,291,293,294,295,296,297,299],
 [5,12,30,62,64,75,77,80,89,114,115,119,123,132,134,146,163,182,185,186,194,
  204,222,256,271,273,281]].
[[2,13,14,20,33,35,43,45,50,51,53,56,71,81,87,88,93,95,104,105,117,118,121,
  124,130,135,136,138,143,153,156,167,168,170,172,173,175,176,188,196,198,199,
  205,207,209,210,211,212,213,214,215,226,229,231,236,257,262,263,269,276,279,
  285,298],
 [1,3,6,7,8,10,11,15,16,17,19,21,22,23,25,26,28,29,31,32,34,36,38,39,40,42,46,
  48,52,54,55,57,60,61,67,68,69,70,72,73,78,79,82,83,84,85,86,90,97,98,99,100,
  101,103,107,109,110,112,113,116,122,125,127,131,133,137,139,140,142,144,145,
  147,149,151,152,154,157,159,160,161,162,164,166,177,178,181,183,184,187,189,
  190,191,195,197,200,201,202,206,208,218,219,221,223,224,225,227,232,234,238,
  239,241,242,243,244,245,246,247,249,250,252,253,254,255,259,261,264,265,266,
  268,270,274,275,278,280,282,283,284,287,288,289,291,293,294,295,296,297,299],
 [5,12,30,62,64,75,77,80,89,114,115,119,123,132,134,146,163,182,185,186,194,
  204,222,256,271,273,281]].
[[1,3,6,7,8,10,11,15,16,17,19,21,22,23,25,26,28,29,31,32,34,36,38,39,40,42,46,
  48,52,54,55,57,60,61,67,68,69,70,72,73,78,79,82,83,84,85,86,90,97,98,99,100,
  101,103,107,109,110,112,113,116,122,125,127,131,133,137,139,140,142,144,145,
  147,149,151,152,154,157,159,160,161,162,164,166,177,178,181,183,184,187,189,
  190,191,195,197,200,201,202,206,208,218,219,221,223,224,225,227,232,234,238,
  239,241,242,243,244,245,246,247,249,250,252,253,254,255,259,261,264,265,266,
  268,270,274,275,278,280,282,283,284,287,288,289,291,293,294,295,296,297,299],
 [2,13,14,20,33,35,43,45,50,51,53,56,71,81,87,88,93,95,104,105,117,118,121,
  124,130,135,136,138,143,153,156,167,168,170,172,173,175,176,188,196,198,199,
  205,207,209,210,211,212,213,214,215,226,229,231,236,257,262,263,269,276,279,
  285,298],
 [4,9,18,24,27,37,41,44,47,49,58,59,63,65,66,74,76,91,92,94,96,102,106,108,
  111,120,126,128,129,141,148,150,155,158,165,169,171,174,179,180,192,193,203,
  216,217,220,228,230,233,235,237,240,248,251,258,260,267,272,277,286,290,292,
  300]].
[[2,13,14,20,33,35,43,45,50,51,53,56,71,81,87,88,93,95,104,105,117,118,121,
  124,130,135,136,138,143,153,156,167,168,170,172,173,175,176,188,196,198,199,
  205,207,209,210,211,212,213,214,215,226,229,231,236,257,262,263,269,276,279,
  285,298],
 [1,3,6,7,8,10,11,15,16,17,19,21,22,23,25,26,28,29,31,32,34,36,38,39,40,42,46,
  48,52,54,55,57,60,61,67,68,69,70,72,73,78,79,82,83,84,85,86,90,97,98,99,100,
  101,103,107,109,110,112,113,116,122,125,127,131,133,137,139,140,142,144,145,
  147,149,151,152,154,157,159,160,161,162,164,166,177,178,181,183,184,187,189,
  190,191,195,197,200,201,202,206,208,218,219,221,223,224,225,227,232,234,238,
  239,241,242,243,244,245,246,247,249,250,252,253,254,255,259,261,264,265,266,
  268,270,274,275,278,280,282,283,284,287,288,289,291,293,294,295,296,297,299],
 [5,12,30,62,64,75,77,80,89,114,115,119,123,132,134,146,163,182,185,186,194,
  204,222,256,271,273,281]].
[[1,3,6,7,8,10,11,15,16,17,19,21,22,23,25,26,28,29,31,32,34,36,38,39,40,42,46,
  48,52,54,55,57,60,61,67,68,69,70,72,73,78,79,82,83,84,85,86,90,97,98,99,100,
  101,103,107,109,110,112,113,116,122,125,127,131,133,137,139,140,142,144,145,
  147,149,151,152,154,157,159,160,161,162,164,166,177,178,181,183,184,187,189,
  190,191,195,197,200,201,202,206,208,218,219,221,223,224,225,227,232,234,238,
  239,241,242,243,244,245,246,247,249,250,252,253,254,255,259,261,264,265,266,
  268,270,274,275,278,280,282,283,284,287,288,289,291,293,294,295,296,297,299],
 [2,13,14,20,33,35,43,45,50,51,53,56,71,81,87,88,93,95,104,105,117,118,121,
  124,130,135,136,138,143,153,156,167,168,170,172,173,175,176,188,196,198,199,
  205,207,209,210,211,212,213,214,215,226,229,231,236,257,262,263,269,276,279,
  285,298],
 [4,9,18,24,27,37,41,44,47,49,58,59,63,65,66,74,76,91,92,94,96,102,106,108,
  111,120,126,128,129,141,148,150,155,158,165,169,171,174,179,180,192,193,203,
  216,217,220,228,230,233,235,237,240,248,251,258,260,267,272,277,286,290,292,
  300]].
[[4,9,18,24,27,37,41,44,47,49,58,59,63,65,66,74,76,91,92,94,96,102,106,108,
  111,120,126,128,129,141,148,150,155,158,165,169,171,174,179,180,192,193,203,
  216,217,220,228,230,233,235,237,240,248,251,258,260,267,272,277,286,290,292,
  300],
 [5,12,30,62,64,75,77,80,89,114,115,119,123,132,134,146,163,182,185,186,194,
  204,222,256,271,273,281],
 [1,3,6,7,8,10,11,15,16,17,19,21,22,23,25,26,28,29,31,32,34,36,38,39,40,42,46,
  48,52,54,55,57,60,61,67,68,69,70,72,73,78,79,82,83,84,85,86,90,97,98,99,100,
  101,103,107,109,110,112,113,116,122,125,127,131,133,137,139,140,142,144,145,
  147,149,151,152,154,157,159,160,161,162,164,166,177,178,181,183,184,187,189,
  190,191,195,197,200,201,202,206,208,218,219,221,223,224,225,227,232,234,238,
  239,241,242,243,244,245,246,247,249,250,252,253,254,255,259,261,264,265,266,
  268,270,274,275,278,280,282,283,284,287,288,289,291,293,294,295,296,297,
  299]].
[[5,12,30,62,64,75,77,80,89,114,115,119,123,132,134,146,163,182,185,186,194,
  204,222,256,271,273,281],
 [4,9,18,24,27,37,41,44,47,49,58,59,63,65,66,74,76,91,92,94,96,102,106,108,
  111,120,126,128,129,141,148,150,155,158,165,169,171,174,179,180,192,193,203,
  216,217,220,228,230,233,235,237,240,248,251,258,260,267,272,277,286,290,292,
  300],
 [2,13,14,20,33,35,43,45,50,51,53,56,71,81,87,88,93,95,104,105,117,118,121,
  124,130,135,136,138,143,153,156,167,168,170,172,173,175,176,188,196,198,199,
  205,207,209,210,211,212,213,214,215,226,229,231,236,257,262,263,269,276,279,
  285,298]].
[[5,12,30,62,64,75,77,80,89,114,115,119,123,132,134,146,163,182,185,186,194,
  204,222,256,271,273,281],
 [4,9,18,24,27,37,41,44,47,49,58,59,63,65,66,74,76,91,92,94,96,102,106,108,
  111,120,126,128,129,141,148,150,155,158,165,169,171,174,179,180,192,193,203,
  216,217,220,228,230,233,235,237,240,248,251,258,260,267,272,277,286,290,292,
  300],
 [2,13,14,20,33,35,43,45,50,51,53,56,71,81,87,88,93,95,104,105,117,118,121,
  124,130,135,136,138,143,153,156,167,168,170,172,173,175,176,188,196,198,199,
  205,207,209,210,211,212,213,214,215,226,229,231,236,257,262,263,269,276,279,
  285,298]].
[[1,3,6,7,8,10,11,15,16,17,19,21,22,23,25,26,28,29,31,32,34,36,38,39,40,42,46,
  48,52,54,55,57,60,61,67,68,69,70,72,73,78,79,82,83,84,85,86,90,97,98,99,100,
  101,103,107,109,110,112,113,116,122,125,127,131,133,137,139,140,142,144,145,
  147,149,151,152,154,157,159,160,161,162,164,166,177,178,181,183,184,187,189,
  190,191,195,197,200,201,202,206,208,218,219,221,223,224,225,227,232,234,238,
  239,241,242,243,244,245,246,247,249,250,252,253,254,255,259,261,264,265,266,
  268,270,274,275,278,280,282,283,284,287,288,289,291,293,294,295,296,297,299],
 [2,13,14,20,33,35,43,45,50,51,53,56,71,81,87,88,93,95,104,105,117,118,121,
  124,130,135,136,138,143,153,156,167,168,170,172,173,175,176,188,196,198,199,
  205,207,209,210,211,212,213,214,215,226,229,231,236,257,262,263,269,276,279,
  285,298],
 [4,9,18,24,27,37,41,44,47,49,58,59,63,65,66,74,76,91,92,94,96,102,106,108,
  111,120,126,128,129,141,148,150,155,158,165,169,171,174,179,180,192,193,203,
  216,217,220,228,230,233,235,237,240,248,251,258,260,267,272,277,286,290,292,
  300]].
[[1,3,6,7,8,10,11,15,16,17,19,21,22,23,25,26,28,29,31,32,34,36,38,39,40,42,46,
  48,52,54,55,57,60,61,67,68,69,70,72,73,78,79,82,83,84,85,86,90,97,98,99,100,
  101,103,107,109,110,112,113,116,122,125,127,131,133,137,139,140,142,144,145,
  147,149,151,152,154,157,159,160,161,162,164,166,177,178,181,183,184,187,189,
  190,191,195,197,200,201,202,206,208,218,219,221,223,224,225,227,232,234,238,
  239,241,242,243,244,245,246,247,249,250,252,253,254,255,259,261,264,265,266,
  268,270,274,275,278,280,282,283,284,287,288,289,291,293,294,295,296,297,299],
 [2,13,14,20,33,35,43,45,50,51,53,56,71,81,87,88,93,95,104,105,117,118,121,
  124,130,135,136,138,143,153,156,167,168,170,172,173,175,176,188,196,198,199,
  205,207,209,210,211,212,213,214,215,226,229,231,236,257,262,263,269,276,279,
  285,298],
 [4,9,18,24,27,37,41,44,47,49,58,59,63,65,66,74,76,91,92,94,96,102,106,108,
  111,120,126,128,129,141,148,150,155,158,165,169,171,174,179,180,192,193,203,
  216,217,220,228,230,233,235,237,240,248,251,258,260,267,272,277,286,290,292,
  300]].
[[4,9,18,24,27,37,41,44,47,49,58,59,63,65,66,74,76,91,92,94,96,102,106,108,
  111,120,126,128,129,141,148,150,155,158,165,169,171,174,179,180,192,193,203,
  216,217,220,228,230,233,235,237,240,248,251,258,260,267,272,277,286,290,292,
  300],
 [5,12,30,62,64,75,77,80,89,114,115,119,123,132,134,146,163,182,185,186,194,
  204,222,256,271,273,281],
 [1,3,6,7,8,10,11,15,16,17,19,21,22,23,25,26,28,29,31,32,34,36,38,39,40,42,46,
  48,52,54,55,57,60,61,67,68,69,70,72,73,78,79,82,83,84,85,86,90,97,98,99,100,
  101,103,107,109,110,112,113,116,122,125,127,131,133,137,139,140,142,144,145,
  147,149,151,152,154,157,159,160,161,162,164,166,177,178,181,183,184,187,189,
  190,191,195,197,200,201,202,206,208,218,219,221,223,224,225,227,232,234,238,
  239,241,242,243,244,245,246,247,249,250,252,253,254,255,259,261,264,265,266,
  268,270,274,275,278,280,282,283,284,287,288,289,291,293,294,295,296,297,
  299]].
[[1,3,6,7,8,10,11,15,16,17,19,21,22,23,25,26,28,29,31,32,34,36,38,39,40,42,46,
  48,52,54,55,57,60,61,67,68,69,70,72,73,78,79,82,83,84,85,86,90,97,98,99,100,
  101,103,107,109,110,112,113,116,122,125,127,131,133,137,139,140,142,144,145,
  147,149,151,152,154,157,159,160,161,162,164,166,177,178,181,183,184,187,189,
  190,191,195,197,200,201,202,206,208,218,219,221,223,224,225,227,232,234,238,
  239,241,242,243,244,245,246,247,249,250,252,253,254,255,259,261,264,265,266,
  268,270,274,275,278,280,282,283,284,287,288,289,291,293,294,295,296,297,299],
 [2,13,14,20,33,35,43,45,50,51,53,56,71,81,87,88,93,95,104,105,117,118,121,
  124,130,135,136,138,143,153,156,167,168,170,172,173,175,176,188,196,198,199,
  205,207,209,210,211,212,213,214,215,226,229,231,236,257,262,263,269,276,279,
  285,298],
 [4,9,18,24,27,37,41,44,47,49,58,59,63,65,66,74,76,91,92,94,96,102,106,108,
  111,120,126,128,129,141,148,150,155,158,165,169,171,174,179,180,192,193,203,
  216,217,220,228,230,233,235,237,240,248,251,258,260,267,272,277,286,290,292,
  300]].
[[4,9,18,24,27,37,41,44,47,49,58,59,63,65,66,74,76,91,92,94,96,102,106,108,
  111,120,126,128,129,141,148,150,155,158,165,169,171,174,179,180,192,193,203,
  216,217,220,228,230,233,235,237,240,248,251,258,260,267,272,277,286,290,292,
  300],
 [5,12,30,62,64,75,77,80,89,114,115,119,123,132,134,146,163,182,185,186,194,
  204,222,256,271,273,281],
 [1,3,6,7,8,10,11,15,16,17,19,21,22,23,25,26,28,29,31,32,34,36,38,39,40,42,46,
  48,52,54,55,57,60,61,67,68,69,70,72,73,78,79,82,83,84,85,86,90,97,98,99,100,
  101,103,107,109,110,112,113,116,122,125,127,131,133,137,139,140,142,144,145,
  147,149,151,152,154,157,159,160,161,162,164,166,177,178,181,183,184,187,189,
  190,191,195,197,200,201,202,206,208,218,219,221,223,224,225,227,232,234,238,
  239,241,242,243,244,245,246,247,249,250,252,253,254,255,259,261,264,265,266,
  268,270,274,275,278,280,282,283,284,287,288,289,291,293,294,295,296,297,
  299]].
[[1,3,6,7,8,10,11,15,16,17,19,21,22,23,25,26,28,29,31,32,34,36,38,39,40,42,46,
  48,52,54,55,57,60,61,67,68,69,70,72,73,78,79,82,83,84,85,86,90,97,98,99,100,
  101,103,107,109,110,112,113,116,122,125,127,131,133,137,139,140,142,144,145,
  147,149,151,152,154,157,159,160,161,162,164,166,177,178,181,183,184,187,189,
  190,191,195,197,200,201,202,206,208,218,219,221,223,224,225,227,232,234,238,
  239,241,242,243,244,245,246,247,249,250,252,253,254,255,259,261,264,265,266,
  268,270,274,275,278,280,282,283,284,287,288,289,291,293,294,295,296,297,299],
 [2,13,14,20,33,35,43,45,50,51,53,56,71,81,87,88,93,95,104,105,117,118,121,
  124,130,135,136,138,143,153,156,167,168,170,172,173,175,176,188,196,198,199,
  205,207,209,210,211,212,213,214,215,226,229,231,236,257,262,263,269,276,279,
  285,298],
 [4,9,18,24,27,37,41,44,47,49,58,59,63,65,66,74,76,91,92,94,96,102,106,108,
  111,120,126,128,129,141,148,150,155,158,165,169,171,174,179,180,192,193,203,
  216,217,220,228,230,233,235,237,240,248,251,258,260,267,272,277,286,290,292,
  300]].
[[2,13,14,20,33,35,43,45,50,51,53,56,71,81,87,88,93,95,104,105,117,118,121,
  124,130,135,136,138,143,153,156,167,168,170,172,173,175,176,188,196,198,199,
  205,207,209,210,211,212,213,214,215,226,229,231,236,257,262,263,269,276,279,
  285,298],
 [1,3,6,7,8,10,11,15,16,17,19,21,22,23,25,26,28,29,31,32,34,36,38,39,40,42,46,
  48,52,54,55,57,60,61,67,68,69,70,72,73,78,79,82,83,84,85,86,90,97,98,99,100,
  101,103,107,109,110,112,113,116,122,125,127,131,133,137,139,140,142,144,145,
  147,149,151,152,154,157,159,160,161,162,164,166,177,178,181,183,184,187,189,
  190,191,195,197,200,201,202,206,208,218,219,221,223,224,225,227,232,234,238,
  239,241,242,243,244,245,246,247,249,250,252,253,254,255,259,261,264,265,266,
  268,270,274,275,278,280,282,283,284,287,288,289,291,293,294,295,296,297,299],
 [5,12,30,62,64,75,77,80,89,114,115,119,123,132,134,146,163,182,185,186,194,
  204,222,256,271,273,281]].
[[1,3,6,7,8,10,11,15,16,17,19,21,22,23,25,26,28,29,31,32,34,36,38,39,40,42,46,
  48,52,54,55,57,60,61,67,68,69,70,72,73,78,79,82,83,84,85,86,90,97,98,99,100,
  101,103,107,109,110,112,113,116,122,125,127,131,133,137,139,140,142,144,145,
  147,149,151,152,154,157,159,160,161,162,164,166,177,178,181,183,184,187,189,
  190,191,195,197,200,201,202,206,208,218,219,221,223,224,225,227,232,234,238,
  239,241,242,243,244,245,246,247,249,250,252,253,254,255,259,261,264,265,266,
  268,270,274,275,278,280,282,283,284,287,288,289,291,293,294,295,296,297,299],
 [2,13,14,20,33,35,43,45,50,51,53,56,71,81,87,88,93,95,104,105,117,118,121,
  124,130,135,136,138,143,153,156,167,168,170,172,173,175,176,188,196,198,199,
  205,207,209,210,211,212,213,214,215,226,229,231,236,257,262,263,269,276,279,
  285,298],
 [4,9,18,24,27,37,41,44,47,49,58,59,63,65,66,74,76,91,92,94,96,102,106,108,
  111,120,126,128,129,141,148,150,155,158,165,169,171,174,179,180,192,193,203,
  216,217,220,228,230,233,235,237,240,248,251,258,260,267,272,277,286,290,292,
  300]].
[[1,3,6,7,8,10,11,15,16,17,19,21,22,23,25,26,28,29,31,32,34,36,38,39,40,42,46,
  48,52,54,55,57,60,61,67,68,69,70,72,73,78,79,82,83,84,85,86,90,97,98,99,100,
  101,103,107,109,110,112,113,116,122,125,127,131,133,137,139,140,142,144,145,
  147,149,151,152,154,157,159,160,161,162,164,166,177,178,181,183,184,187,189,
  190,191,195,197,200,201,202,206,208,218,219,221,223,224,225,227,232,234,238,
  239,241,242,243,244,245,246,247,249,250,252,253,254,255,259,261,264,265,266,
  268,270,274,275,278,280,282,283,284,287,288,289,291,293,294,295,296,297,299],
 [2,13,14,20,33,35,43,45,50,51,53,56,71,81,87,88,93,95,104,105,117,118,121,
  124,130,135,136,138,143,153,156,167,168,170,172,173,175,176,188,196,198,199,
  205,207,209,210,211,212,213,214,215,226,229,231,236,257,262,263,269,276,279,
  285,298],
 [4,9,18,24,27,37,41,44,47,49,58,59,63,65,66,74,76,91,92,94,96,102,106,108,
  111,120,126,128,129,141,148,150,155,158,165,169,171,174,179,180,192,193,203,
  216,217,220,228,230,233,235,237,240,248,251,258,260,267,272,277,286,290,292,
  300]].
[[5,12,30,62,64,75,77,80,89,114,115,119,123,132,134,146,163,182,185,186,194,
  204,222,256,271,273,281],
 [4,9,18,24,27,37,41,44,47,49,58,59,63,65,66,74,76,91,92,94,96,102,106,108,
  111,120,126,128,129,141,148,150,155,158,165,169,171,174,179,180,192,193,203,
  216,217,220,228,230,233,235,237,240,248,251,258,260,267,272,277,286,290,292,
  300],
 [2,13,14,20,33,35,43,45,50,51,53,56,71,81,87,88,93,95,104,105,117,118,121,
  124,130,135,136,138,143,153,156,167,168,170,172,173,175,176,188,196,198,199,
  205,207,209,210,211,212,213,214,215,226,229,231,236,257,262,263,269,276,279,
  285,298]].
[[1,3,6,7,8,10,11,15,16,17,19,21,22,23,25,26,28,29,31,32,34,36,38,39,40,42,46,
  48,52,54,55,57,60,61,67,68,69,70,72,73,78,79,82,83,84,85,86,90,97,98,99,100,
  101,103,107,109,110,112,113,116,122,125,127,131,133,137,139,140,142,144,145,
  147,149,151,152,154,157,159,160,161,162,164,166,177,178,181,183,184,187,189,
  190,191,195,197,200,201,202,206,208,218,219,221,223,224,225,227,232,234,238,
  239,241,242,243,244,245,246,247,249,250,252,253,254,255,259,261,264,265,266,
  268,270,274,275,278,280,282,283,284,287,288,289,291,293,294,295,296,297,299],
 [2,13,14,20,33,35,43,45,50,51,53,56,71,81,87,88,93,95,104,105,117,118,121,
  124,130,135,136,138,143,153,156,167,168,170,172,173,175,176,188,196,198,199,
  205,207,209,210,211,212,213,214,215,226,229,231,236,257,262,263,269,276,279,
  285,298],
 [4,9,18,24,27,37,41,44,47,49,58,59,63,65,66,74,76,91,92,94,96,102,106,108,
  111,120,126,128,129,141,148,150,155,158,165,169,171,174,179,180,192,193,203,
  216,217,220,228,230,233,235,237,240,248,251,258,260,267,272,277,286,290,292,
  300]].
[[1,3,6,7,8,10,11,15,16,17,19,21,22,23,25,26,28,29,31,32,34,36,38,39,40,42,46,
  48,52,54,55,57,60,61,67,68,69,70,72,73,78,79,82,83,84,85,86,90,97,98,99,100,
  101,103,107,109,110,112,113,116,122,125,127,131,133,137,139,140,142,144,145,
  147,149,151,152,154,157,159,160,161,162,164,166,177,178,181,183,184,187,189,
  190,191,195,197,200,201,202,206,208,218,219,221,223,224,225,227,232,234,238,
  239,241,242,243,244,245,246,247,249,250,252,253,254,255,259,261,264,265,266,
  268,270,274,275,278,280,282,283,284,287,288,289,291,293,294,295,296,297,299],
 [2,13,14,20,33,35,43,45,50,51,53,56,71,81,87,88,93,95,104,105,117,118,121,
  124,130,135,136,138,143,153,156,167,168,170,172,173,175,176,188,196,198,199,
  205,207,209,210,211,212,213,214,215,226,229,231,236,257,262,263,269,276,279,
  285,298],
 [4,9,18,24,27,37,41,44,47,49,58,59,63,65,66,74,76,91,92,94,96,102,106,108,
  111,120,126,128,129,141,148,150,155,158,165,169,171,174,179,180,192,193,203,
  216,217,220,228,230,233,235,237,240,248,251,258,260,267,272,277,286,290,292,
  300]].
[[4,9,18,24,27,37,41,44,47,49,58,59,63,65,66,74,76,91,92,94,96,102,106,108,
  111,120,126,128,129,141,148,150,155,158,165,169,171,174,179,180,192,193,203,
  216,217,220,228,230,233,235,237,240,248,251,258,260,267,272,277,286,290,292,
  300],
 [5,12,30,62,64,75,77,80,89,114,115,119,123,132,134,146,163,182,185,186,194,
  204,222,256,271,273,281],
 [1,3,6,7,8,10,11,15,16,17,19,21,22,23,25,26,28,29,31,32,34,36,38,39,40,42,46,
  48,52,54,55,57,60,61,67,68,69,70,72,73,78,79,82,83,84,85,86,90,97,98,99,100,
  101,103,107,109,110,112,113,116,122,125,127,131,133,137,139,140,142,144,145,
  147,149,151,152,154,157,159,160,161,162,164,166,177,178,181,183,184,187,189,
  190,191,195,197,200,201,202,206,208,218,219,221,223,224,225,227,232,234,238,
  239,241,242,243,244,245,246,247,249,250,252,253,254,255,259,261,264,265,266,
  268,270,274,275,278,280,282,283,284,287,288,289,291,293,294,295,296,297,
  299]].
[[1,3,6,7,8,10,11,15,16,17,19,21,22,23,25,26,28,29,31,32,34,36,38,39,40,42,46,
  48,52,54,55,57,60,61,67,68,69,70,72,73,78,79,82,83,84,85,86,90,97,98,99,100,
  101,103,107,109,110,112,113,116,122,125,127,131,133,137,139,140,142,144,145,
  147,149,151,152,154,157,159,160,161,162,164,166,177,178,181,183,184,187,189,
