[[6,7,8,9,10,12,14,15,17,19,20,21,22,23,24,27,28,29,30,31,32,34,37,38,39,46,
  51,52,53,55,56,58,59,61,64,68,71,76,90,91,92,94,95,99,102,103,105,106,108,
  109,110,113,118,123,125,127,128,129,133,134,135,137,141,142,144,145,146,148,
  151,152,156,160,162,164,166,167,168,169,173,174,175,177,178,179,182,183,184,
  187,190,197,200,203,205,209,211,212,214,221,223,224,225,226,227,228,229,233,
  234,237,238,242,244,245,246,248,250,251,252,253,255,256,257,259,261,262,265,
  266,267,268,273,274,275,276,277,279,280,282,284,289,290,292,293,294,295,296,
  297,299],
 [1,2,3,5,11,25,26,41,42,50,57,60,63,69,75,77,79,81,84,85,88,89,101,112,115,
  116,120,124,136,138,153,154,159,165,171,176,180,181,186,192,196,198,202,206,
  208,213,217,218,219,222,230,232,235,236,239,243,247,254,263,270,283,286,288,
  300],
 [4,16,18,36,40,44,45,48,49,54,62,66,67,70,72,73,74,80,83,86,87,98,104,111,
  114,117,119,126,130,131,132,139,143,147,149,150,155,157,161,163,170,172,188,
  189,191,193,194,195,199,204,207,215,231,240,249,260,264,269,271,272,278,285,
  287,298]].
[[6,7,8,9,10,12,14,15,17,19,20,21,22,23,24,27,28,29,30,31,32,34,37,38,39,46,
  51,52,53,55,56,58,59,61,64,68,71,76,90,91,92,94,95,99,102,103,105,106,108,
  109,110,113,118,123,125,127,128,129,133,134,135,137,141,142,144,145,146,148,
  151,152,156,160,162,164,166,167,168,169,173,174,175,177,178,179,182,183,184,
  187,190,197,200,203,205,209,211,212,214,221,223,224,225,226,227,228,229,233,
  234,237,238,242,244,245,246,248,250,251,252,253,255,256,257,259,261,262,265,
  266,267,268,273,274,275,276,277,279,280,282,284,289,290,292,293,294,295,296,
  297,299],
 [1,2,3,5,11,25,26,41,42,50,57,60,63,69,75,77,79,81,84,85,88,89,101,112,115,
  116,120,124,136,138,153,154,159,165,171,176,180,181,186,192,196,198,202,206,
  208,213,217,218,219,222,230,232,235,236,239,243,247,254,263,270,283,286,288,
  300],
 [4,16,18,36,40,44,45,48,49,54,62,66,67,70,72,73,74,80,83,86,87,98,104,111,
  114,117,119,126,130,131,132,139,143,147,149,150,155,157,161,163,170,172,188,
  189,191,193,194,195,199,204,207,215,231,240,249,260,264,269,271,272,278,285,
  287,298]].
[[6,7,8,9,10,12,14,15,17,19,20,21,22,23,24,27,28,29,30,31,32,34,37,38,39,46,
  51,52,53,55,56,58,59,61,64,68,71,76,90,91,92,94,95,99,102,103,105,106,108,
  109,110,113,118,123,125,127,128,129,133,134,135,137,141,142,144,145,146,148,
  151,152,156,160,162,164,166,167,168,169,173,174,175,177,178,179,182,183,184,
  187,190,197,200,203,205,209,211,212,214,221,223,224,225,226,227,228,229,233,
  234,237,238,242,244,245,246,248,250,251,252,253,255,256,257,259,261,262,265,
  266,267,268,273,274,275,276,277,279,280,282,284,289,290,292,293,294,295,296,
  297,299],
 [1,2,3,5,11,25,26,41,42,50,57,60,63,69,75,77,79,81,84,85,88,89,101,112,115,
  116,120,124,136,138,153,154,159,165,171,176,180,181,186,192,196,198,202,206,
  208,213,217,218,219,222,230,232,235,236,239,243,247,254,263,270,283,286,288,
  300],
 [4,16,18,36,40,44,45,48,49,54,62,66,67,70,72,73,74,80,83,86,87,98,104,111,
  114,117,119,126,130,131,132,139,143,147,149,150,155,157,161,163,170,172,188,
  189,191,193,194,195,199,204,207,215,231,240,249,260,264,269,271,272,278,285,
  287,298]].
[[13,33,35,43,47,65,78,82,93,96,97,100,107,121,122,140,158,185,201,210,216,
  220,241,258,281,291],
 [4,16,18,36,40,44,45,48,49,54,62,66,67,70,72,73,74,80,83,86,87,98,104,111,
  114,117,119,126,130,131,132,139,143,147,149,150,155,157,161,163,170,172,188,
  189,191,193,194,195,199,204,207,215,231,240,249,260,264,269,271,272,278,285,
  287,298],
 [1,2,3,5,11,25,26,41,42,50,57,60,63,69,75,77,79,81,84,85,88,89,101,112,115,
  116,120,124,136,138,153,154,159,165,171,176,180,181,186,192,196,198,202,206,
  208,213,217,218,219,222,230,232,235,236,239,243,247,254,263,270,283,286,288,
  300]].
[[13,33,35,43,47,65,78,82,93,96,97,100,107,121,122,140,158,185,201,210,216,
  220,241,258,281,291],
 [4,16,18,36,40,44,45,48,49,54,62,66,67,70,72,73,74,80,83,86,87,98,104,111,
  114,117,119,126,130,131,132,139,143,147,149,150,155,157,161,163,170,172,188,
  189,191,193,194,195,199,204,207,215,231,240,249,260,264,269,271,272,278,285,
  287,298],
 [1,2,3,5,11,25,26,41,42,50,57,60,63,69,75,77,79,81,84,85,88,89,101,112,115,
  116,120,124,136,138,153,154,159,165,171,176,180,181,186,192,196,198,202,206,
  208,213,217,218,219,222,230,232,235,236,239,243,247,254,263,270,283,286,288,
  300]].
[[1,2,3,5,11,25,26,41,42,50,57,60,63,69,75,77,79,81,84,85,88,89,101,112,115,
  116,120,124,136,138,153,154,159,165,171,176,180,181,186,192,196,198,202,206,
  208,213,217,218,219,222,230,232,235,236,239,243,247,254,263,270,283,286,288,
  300],
 [6,7,8,9,10,12,14,15,17,19,20,21,22,23,24,27,28,29,30,31,32,34,37,38,39,46,
  51,52,53,55,56,58,59,61,64,68,71,76,90,91,92,94,95,99,102,103,105,106,108,
  109,110,113,118,123,125,127,128,129,133,134,135,137,141,142,144,145,146,148,
  151,152,156,160,162,164,166,167,168,169,173,174,175,177,178,179,182,183,184,
  187,190,197,200,203,205,209,211,212,214,221,223,224,225,226,227,228,229,233,
  234,237,238,242,244,245,246,248,250,251,252,253,255,256,257,259,261,262,265,
  266,267,268,273,274,275,276,277,279,280,282,284,289,290,292,293,294,295,296,
  297,299],
 [13,33,35,43,47,65,78,82,93,96,97,100,107,121,122,140,158,185,201,210,216,
  220,241,258,281,291]].
[[6,7,8,9,10,12,14,15,17,19,20,21,22,23,24,27,28,29,30,31,32,34,37,38,39,46,
  51,52,53,55,56,58,59,61,64,68,71,76,90,91,92,94,95,99,102,103,105,106,108,
  109,110,113,118,123,125,127,128,129,133,134,135,137,141,142,144,145,146,148,
  151,152,156,160,162,164,166,167,168,169,173,174,175,177,178,179,182,183,184,
  187,190,197,200,203,205,209,211,212,214,221,223,224,225,226,227,228,229,233,
  234,237,238,242,244,245,246,248,250,251,252,253,255,256,257,259,261,262,265,
  266,267,268,273,274,275,276,277,279,280,282,284,289,290,292,293,294,295,296,
  297,299],
 [1,2,3,5,11,25,26,41,42,50,57,60,63,69,75,77,79,81,84,85,88,89,101,112,115,
  116,120,124,136,138,153,154,159,165,171,176,180,181,186,192,196,198,202,206,
  208,213,217,218,219,222,230,232,235,236,239,243,247,254,263,270,283,286,288,
  300],
 [4,16,18,36,40,44,45,48,49,54,62,66,67,70,72,73,74,80,83,86,87,98,104,111,
  114,117,119,126,130,131,132,139,143,147,149,150,155,157,161,163,170,172,188,
  189,191,193,194,195,199,204,207,215,231,240,249,260,264,269,271,272,278,285,
  287,298]].
[[6,7,8,9,10,12,14,15,17,19,20,21,22,23,24,27,28,29,30,31,32,34,37,38,39,46,
  51,52,53,55,56,58,59,61,64,68,71,76,90,91,92,94,95,99,102,103,105,106,108,
  109,110,113,118,123,125,127,128,129,133,134,135,137,141,142,144,145,146,148,
  151,152,156,160,162,164,166,167,168,169,173,174,175,177,178,179,182,183,184,
  187,190,197,200,203,205,209,211,212,214,221,223,224,225,226,227,228,229,233,
  234,237,238,242,244,245,246,248,250,251,252,253,255,256,257,259,261,262,265,
  266,267,268,273,274,275,276,277,279,280,282,284,289,290,292,293,294,295,296,
  297,299],
 [1,2,3,5,11,25,26,41,42,50,57,60,63,69,75,77,79,81,84,85,88,89,101,112,115,
  116,120,124,136,138,153,154,159,165,171,176,180,181,186,192,196,198,202,206,
  208,213,217,218,219,222,230,232,235,236,239,243,247,254,263,270,283,286,288,
  300],
 [4,16,18,36,40,44,45,48,49,54,62,66,67,70,72,73,74,80,83,86,87,98,104,111,
  114,117,119,126,130,131,132,139,143,147,149,150,155,157,161,163,170,172,188,
  189,191,193,194,195,199,204,207,215,231,240,249,260,264,269,271,272,278,285,
  287,298]].
[[6,7,8,9,10,12,14,15,17,19,20,21,22,23,24,27,28,29,30,31,32,34,37,38,39,46,
  51,52,53,55,56,58,59,61,64,68,71,76,90,91,92,94,95,99,102,103,105,106,108,
  109,110,113,118,123,125,127,128,129,133,134,135,137,141,142,144,145,146,148,
  151,152,156,160,162,164,166,167,168,169,173,174,175,177,178,179,182,183,184,
  187,190,197,200,203,205,209,211,212,214,221,223,224,225,226,227,228,229,233,
  234,237,238,242,244,245,246,248,250,251,252,253,255,256,257,259,261,262,265,
  266,267,268,273,274,275,276,277,279,280,282,284,289,290,292,293,294,295,296,
  297,299],
 [1,2,3,5,11,25,26,41,42,50,57,60,63,69,75,77,79,81,84,85,88,89,101,112,115,
  116,120,124,136,138,153,154,159,165,171,176,180,181,186,192,196,198,202,206,
  208,213,217,218,219,222,230,232,235,236,239,243,247,254,263,270,283,286,288,
  300],
 [4,16,18,36,40,44,45,48,49,54,62,66,67,70,72,73,74,80,83,86,87,98,104,111,
  114,117,119,126,130,131,132,139,143,147,149,150,155,157,161,163,170,172,188,
  189,191,193,194,195,199,204,207,215,231,240,249,260,264,269,271,272,278,285,
  287,298]].
[[6,7,8,9,10,12,14,15,17,19,20,21,22,23,24,27,28,29,30,31,32,34,37,38,39,46,
  51,52,53,55,56,58,59,61,64,68,71,76,90,91,92,94,95,99,102,103,105,106,108,
  109,110,113,118,123,125,127,128,129,133,134,135,137,141,142,144,145,146,148,
  151,152,156,160,162,164,166,167,168,169,173,174,175,177,178,179,182,183,184,
  187,190,197,200,203,205,209,211,212,214,221,223,224,225,226,227,228,229,233,
  234,237,238,242,244,245,246,248,250,251,252,253,255,256,257,259,261,262,265,
  266,267,268,273,274,275,276,277,279,280,282,284,289,290,292,293,294,295,296,
  297,299],
 [1,2,3,5,11,25,26,41,42,50,57,60,63,69,75,77,79,81,84,85,88,89,101,112,115,
  116,120,124,136,138,153,154,159,165,171,176,180,181,186,192,196,198,202,206,
  208,213,217,218,219,222,230,232,235,236,239,243,247,254,263,270,283,286,288,
  300],
 [4,16,18,36,40,44,45,48,49,54,62,66,67,70,72,73,74,80,83,86,87,98,104,111,
  114,117,119,126,130,131,132,139,143,147,149,150,155,157,161,163,170,172,188,
  189,191,193,194,195,199,204,207,215,231,240,249,260,264,269,271,272,278,285,
  287,298]].
[[6,7,8,9,10,12,14,15,17,19,20,21,22,23,24,27,28,29,30,31,32,34,37,38,39,46,
  51,52,53,55,56,58,59,61,64,68,71,76,90,91,92,94,95,99,102,103,105,106,108,
  109,110,113,118,123,125,127,128,129,133,134,135,137,141,142,144,145,146,148,
  151,152,156,160,162,164,166,167,168,169,173,174,175,177,178,179,182,183,184,
  187,190,197,200,203,205,209,211,212,214,221,223,224,225,226,227,228,229,233,
  234,237,238,242,244,245,246,248,250,251,252,253,255,256,257,259,261,262,265,
  266,267,268,273,274,275,276,277,279,280,282,284,289,290,292,293,294,295,296,
  297,299],
 [1,2,3,5,11,25,26,41,42,50,57,60,63,69,75,77,79,81,84,85,88,89,101,112,115,
  116,120,124,136,138,153,154,159,165,171,176,180,181,186,192,196,198,202,206,
  208,213,217,218,219,222,230,232,235,236,239,243,247,254,263,270,283,286,288,
  300],
 [4,16,18,36,40,44,45,48,49,54,62,66,67,70,72,73,74,80,83,86,87,98,104,111,
  114,117,119,126,130,131,132,139,143,147,149,150,155,157,161,163,170,172,188,
  189,191,193,194,195,199,204,207,215,231,240,249,260,264,269,271,272,278,285,
  287,298]].
[[4,16,18,36,40,44,45,48,49,54,62,66,67,70,72,73,74,80,83,86,87,98,104,111,
  114,117,119,126,130,131,132,139,143,147,149,150,155,157,161,163,170,172,188,
  189,191,193,194,195,199,204,207,215,231,240,249,260,264,269,271,272,278,285,
  287,298],
 [13,33,35,43,47,65,78,82,93,96,97,100,107,121,122,140,158,185,201,210,216,
  220,241,258,281,291],
 [6,7,8,9,10,12,14,15,17,19,20,21,22,23,24,27,28,29,30,31,32,34,37,38,39,46,
  51,52,53,55,56,58,59,61,64,68,71,76,90,91,92,94,95,99,102,103,105,106,108,
  109,110,113,118,123,125,127,128,129,133,134,135,137,141,142,144,145,146,148,
  151,152,156,160,162,164,166,167,168,169,173,174,175,177,178,179,182,183,184,
  187,190,197,200,203,205,209,211,212,214,221,223,224,225,226,227,228,229,233,
  234,237,238,242,244,245,246,248,250,251,252,253,255,256,257,259,261,262,265,
  266,267,268,273,274,275,276,277,279,280,282,284,289,290,292,293,294,295,296,
  297,299]].
[[1,2,3,5,11,25,26,41,42,50,57,60,63,69,75,77,79,81,84,85,88,89,101,112,115,
  116,120,124,136,138,153,154,159,165,171,176,180,181,186,192,196,198,202,206,
  208,213,217,218,219,222,230,232,235,236,239,243,247,254,263,270,283,286,288,
  300],
 [6,7,8,9,10,12,14,15,17,19,20,21,22,23,24,27,28,29,30,31,32,34,37,38,39,46,
  51,52,53,55,56,58,59,61,64,68,71,76,90,91,92,94,95,99,102,103,105,106,108,
  109,110,113,118,123,125,127,128,129,133,134,135,137,141,142,144,145,146,148,
  151,152,156,160,162,164,166,167,168,169,173,174,175,177,178,179,182,183,184,
  187,190,197,200,203,205,209,211,212,214,221,223,224,225,226,227,228,229,233,
  234,237,238,242,244,245,246,248,250,251,252,253,255,256,257,259,261,262,265,
  266,267,268,273,274,275,276,277,279,280,282,284,289,290,292,293,294,295,296,
  297,299],
 [13,33,35,43,47,65,78,82,93,96,97,100,107,121,122,140,158,185,201,210,216,
  220,241,258,281,291]].
[[6,7,8,9,10,12,14,15,17,19,20,21,22,23,24,27,28,29,30,31,32,34,37,38,39,46,
  51,52,53,55,56,58,59,61,64,68,71,76,90,91,92,94,95,99,102,103,105,106,108,
  109,110,113,118,123,125,127,128,129,133,134,135,137,141,142,144,145,146,148,
  151,152,156,160,162,164,166,167,168,169,173,174,175,177,178,179,182,183,184,
  187,190,197,200,203,205,209,211,212,214,221,223,224,225,226,227,228,229,233,
  234,237,238,242,244,245,246,248,250,251,252,253,255,256,257,259,261,262,265,
  266,267,268,273,274,275,276,277,279,280,282,284,289,290,292,293,294,295,296,
  297,299],
 [1,2,3,5,11,25,26,41,42,50,57,60,63,69,75,77,79,81,84,85,88,89,101,112,115,
  116,120,124,136,138,153,154,159,165,171,176,180,181,186,192,196,198,202,206,
  208,213,217,218,219,222,230,232,235,236,239,243,247,254,263,270,283,286,288,
  300],
 [4,16,18,36,40,44,45,48,49,54,62,66,67,70,72,73,74,80,83,86,87,98,104,111,
  114,117,119,126,130,131,132,139,143,147,149,150,155,157,161,163,170,172,188,
  189,191,193,194,195,199,204,207,215,231,240,249,260,264,269,271,272,278,285,
  287,298]].
[[1,2,3,5,11,25,26,41,42,50,57,60,63,69,75,77,79,81,84,85,88,89,101,112,115,
  116,120,124,136,138,153,154,159,165,171,176,180,181,186,192,196,198,202,206,
  208,213,217,218,219,222,230,232,235,236,239,243,247,254,263,270,283,286,288,
  300],
 [6,7,8,9,10,12,14,15,17,19,20,21,22,23,24,27,28,29,30,31,32,34,37,38,39,46,
  51,52,53,55,56,58,59,61,64,68,71,76,90,91,92,94,95,99,102,103,105,106,108,
  109,110,113,118,123,125,127,128,129,133,134,135,137,141,142,144,145,146,148,
  151,152,156,160,162,164,166,167,168,169,173,174,175,177,178,179,182,183,184,
  187,190,197,200,203,205,209,211,212,214,221,223,224,225,226,227,228,229,233,
  234,237,238,242,244,245,246,248,250,251,252,253,255,256,257,259,261,262,265,
  266,267,268,273,274,275,276,277,279,280,282,284,289,290,292,293,294,295,296,
  297,299],
 [13,33,35,43,47,65,78,82,93,96,97,100,107,121,122,140,158,185,201,210,216,
  220,241,258,281,291]].
[[13,33,35,43,47,65,78,82,93,96,97,100,107,121,122,140,158,185,201,210,216,
  220,241,258,281,291],
 [4,16,18,36,40,44,45,48,49,54,62,66,67,70,72,73,74,80,83,86,87,98,104,111,
  114,117,119,126,130,131,132,139,143,147,149,150,155,157,161,163,170,172,188,
  189,191,193,194,195,199,204,207,215,231,240,249,260,264,269,271,272,278,285,
  287,298],
 [1,2,3,5,11,25,26,41,42,50,57,60,63,69,75,77,79,81,84,85,88,89,101,112,115,
  116,120,124,136,138,153,154,159,165,171,176,180,181,186,192,196,198,202,206,
  208,213,217,218,219,222,230,232,235,236,239,243,247,254,263,270,283,286,288,
  300]].
[[4,16,18,36,40,44,45,48,49,54,62,66,67,70,72,73,74,80,83,86,87,98,104,111,
  114,117,119,126,130,131,132,139,143,147,149,150,155,157,161,163,170,172,188,
  189,191,193,194,195,199,204,207,215,231,240,249,260,264,269,271,272,278,285,
  287,298],
 [13,33,35,43,47,65,78,82,93,96,97,100,107,121,122,140,158,185,201,210,216,
  220,241,258,281,291],
 [6,7,8,9,10,12,14,15,17,19,20,21,22,23,24,27,28,29,30,31,32,34,37,38,39,46,
  51,52,53,55,56,58,59,61,64,68,71,76,90,91,92,94,95,99,102,103,105,106,108,
  109,110,113,118,123,125,127,128,129,133,134,135,137,141,142,144,145,146,148,
  151,152,156,160,162,164,166,167,168,169,173,174,175,177,178,179,182,183,184,
  187,190,197,200,203,205,209,211,212,214,221,223,224,225,226,227,228,229,233,
  234,237,238,242,244,245,246,248,250,251,252,253,255,256,257,259,261,262,265,
  266,267,268,273,274,275,276,277,279,280,282,284,289,290,292,293,294,295,296,
  297,299]].
[[6,7,8,9,10,12,14,15,17,19,20,21,22,23,24,27,28,29,30,31,32,34,37,38,39,46,
  51,52,53,55,56,58,59,61,64,68,71,76,90,91,92,94,95,99,102,103,105,106,108,
  109,110,113,118,123,125,127,128,129,133,134,135,137,141,142,144,145,146,148,
  151,152,156,160,162,164,166,167,168,169,173,174,175,177,178,179,182,183,184,
  187,190,197,200,203,205,209,211,212,214,221,223,224,225,226,227,228,229,233,
  234,237,238,242,244,245,246,248,250,251,252,253,255,256,257,259,261,262,265,
  266,267,268,273,274,275,276,277,279,280,282,284,289,290,292,293,294,295,296,
  297,299],
 [1,2,3,5,11,25,26,41,42,50,57,60,63,69,75,77,79,81,84,85,88,89,101,112,115,
  116,120,124,136,138,153,154,159,165,171,176,180,181,186,192,196,198,202,206,
  208,213,217,218,219,222,230,232,235,236,239,243,247,254,263,270,283,286,288,
  300],
 [4,16,18,36,40,44,45,48,49,54,62,66,67,70,72,73,74,80,83,86,87,98,104,111,
  114,117,119,126,130,131,132,139,143,147,149,150,155,157,161,163,170,172,188,
  189,191,193,194,195,199,204,207,215,231,240,249,260,264,269,271,272,278,285,
  287,298]].
[[6,7,8,9,10,12,14,15,17,19,20,21,22,23,24,27,28,29,30,31,32,34,37,38,39,46,
  51,52,53,55,56,58,59,61,64,68,71,76,90,91,92,94,95,99,102,103,105,106,108,
  109,110,113,118,123,125,127,128,129,133,134,135,137,141,142,144,145,146,148,
  151,152,156,160,162,164,166,167,168,169,173,174,175,177,178,179,182,183,184,
  187,190,197,200,203,205,209,211,212,214,221,223,224,225,226,227,228,229,233,
  234,237,238,242,244,245,246,248,250,251,252,253,255,256,257,259,261,262,265,
  266,267,268,273,274,275,276,277,279,280,282,284,289,290,292,293,294,295,296,
  297,299],
 [1,2,3,5,11,25,26,41,42,50,57,60,63,69,75,77,79,81,84,85,88,89,101,112,115,
  116,120,124,136,138,153,154,159,165,171,176,180,181,186,192,196,198,202,206,
  208,213,217,218,219,222,230,232,235,236,239,243,247,254,263,270,283,286,288,
  300],
 [4,16,18,36,40,44,45,48,49,54,62,66,67,70,72,73,74,80,83,86,87,98,104,111,
  114,117,119,126,130,131,132,139,143,147,149,150,155,157,161,163,170,172,188,
  189,191,193,194,195,199,204,207,215,231,240,249,260,264,269,271,272,278,285,
  287,298]].
[[1,2,3,5,11,25,26,41,42,50,57,60,63,69,75,77,79,81,84,85,88,89,101,112,115,
  116,120,124,136,138,153,154,159,165,171,176,180,181,186,192,196,198,202,206,
  208,213,217,218,219,222,230,232,235,236,239,243,247,254,263,270,283,286,288,
  300],
 [6,7,8,9,10,12,14,15,17,19,20,21,22,23,24,27,28,29,30,31,32,34,37,38,39,46,
  51,52,53,55,56,58,59,61,64,68,71,76,90,91,92,94,95,99,102,103,105,106,108,
  109,110,113,118,123,125,127,128,129,133,134,135,137,141,142,144,145,146,148,
  151,152,156,160,162,164,166,167,168,169,173,174,175,177,178,179,182,183,184,
  187,190,197,200,203,205,209,211,212,214,221,223,224,225,226,227,228,229,233,
  234,237,238,242,244,245,246,248,250,251,252,253,255,256,257,259,261,262,265,
  266,267,268,273,274,275,276,277,279,280,282,284,289,290,292,293,294,295,296,
  297,299],
 [13,33,35,43,47,65,78,82,93,96,97,100,107,121,122,140,158,185,201,210,216,
  220,241,258,281,291]].
[[1,2,3,5,11,25,26,41,42,50,57,60,63,69,75,77,79,81,84,85,88,89,101,112,115,
  116,120,124,136,138,153,154,159,165,171,176,180,181,186,192,196,198,202,206,
  208,213,217,218,219,222,230,232,235,236,239,243,247,254,263,270,283,286,288,
  300],
 [6,7,8,9,10,12,14,15,17,19,20,21,22,23,24,27,28,29,30,31,32,34,37,38,39,46,
  51,52,53,55,56,58,59,61,64,68,71,76,90,91,92,94,95,99,102,103,105,106,108,
  109,110,113,118,123,125,127,128,129,133,134,135,137,141,142,144,145,146,148,
  151,152,156,160,162,164,166,167,168,169,173,174,175,177,178,179,182,183,184,
  187,190,197,200,203,205,209,211,212,214,221,223,224,225,226,227,228,229,233,
  234,237,238,242,244,245,246,248,250,251,252,253,255,256,257,259,261,262,265,
  266,267,268,273,274,275,276,277,279,280,282,284,289,290,292,293,294,295,296,
  297,299],
 [13,33,35,43,47,65,78,82,93,96,97,100,107,121,122,140,158,185,201,210,216,
  220,241,258,281,291]].
[[4,16,18,36,40,44,45,48,49,54,62,66,67,70,72,73,74,80,83,86,87,98,104,111,
  114,117,119,126,130,131,132,139,143,147,149,150,155,157,161,163,170,172,188,
  189,191,193,194,195,199,204,207,215,231,240,249,260,264,269,271,272,278,285,
  287,298],
 [13,33,35,43,47,65,78,82,93,96,97,100,107,121,122,140,158,185,201,210,216,
  220,241,258,281,291],
 [6,7,8,9,10,12,14,15,17,19,20,21,22,23,24,27,28,29,30,31,32,34,37,38,39,46,
  51,52,53,55,56,58,59,61,64,68,71,76,90,91,92,94,95,99,102,103,105,106,108,
  109,110,113,118,123,125,127,128,129,133,134,135,137,141,142,144,145,146,148,
  151,152,156,160,162,164,166,167,168,169,173,174,175,177,178,179,182,183,184,
  187,190,197,200,203,205,209,211,212,214,221,223,224,225,226,227,228,229,233,
  234,237,238,242,244,245,246,248,250,251,252,253,255,256,257,259,261,262,265,
  266,267,268,273,274,275,276,277,279,280,282,284,289,290,292,293,294,295,296,
  297,299]].
[[4,16,18,36,40,44,45,48,49,54,62,66,67,70,72,73,74,80,83,86,87,98,104,111,
  114,117,119,126,130,131,132,139,143,147,149,150,155,157,161,163,170,172,188,
  189,191,193,194,195,199,204,207,215,231,240,249,260,264,269,271,272,278,285,
  287,298],
 [13,33,35,43,47,65,78,82,93,96,97,100,107,121,122,140,158,185,201,210,216,
  220,241,258,281,291],
 [6,7,8,9,10,12,14,15,17,19,20,21,22,23,24,27,28,29,30,31,32,34,37,38,39,46,
  51,52,53,55,56,58,59,61,64,68,71,76,90,91,92,94,95,99,102,103,105,106,108,
  109,110,113,118,123,125,127,128,129,133,134,135,137,141,142,144,145,146,148,
  151,152,156,160,162,164,166,167,168,169,173,174,175,177,178,179,182,183,184,
  187,190,197,200,203,205,209,211,212,214,221,223,224,225,226,227,228,229,233,
  234,237,238,242,244,245,246,248,250,251,252,253,255,256,257,259,261,262,265,
  266,267,268,273,274,275,276,277,279,280,282,284,289,290,292,293,294,295,296,
  297,299]].
[[6,7,8,9,10,12,14,15,17,19,20,21,22,23,24,27,28,29,30,31,32,34,37,38,39,46,
  51,52,53,55,56,58,59,61,64,68,71,76,90,91,92,94,95,99,102,103,105,106,108,
  109,110,113,118,123,125,127,128,129,133,134,135,137,141,142,144,145,146,148,
  151,152,156,160,162,164,166,167,168,169,173,174,175,177,178,179,182,183,184,
  187,190,197,200,203,205,209,211,212,214,221,223,224,225,226,227,228,229,233,
  234,237,238,242,244,245,246,248,250,251,252,253,255,256,257,259,261,262,265,
  266,267,268,273,274,275,276,277,279,280,282,284,289,290,292,293,294,295,296,
  297,299],
 [1,2,3,5,11,25,26,41,42,50,57,60,63,69,75,77,79,81,84,85,88,89,101,112,115,
  116,120,124,136,138,153,154,159,165,171,176,180,181,186,192,196,198,202,206,
  208,213,217,218,219,222,230,232,235,236,239,243,247,254,263,270,283,286,288,
  300],
 [4,16,18,36,40,44,45,48,49,54,62,66,67,70,72,73,74,80,83,86,87,98,104,111,
  114,117,119,126,130,131,132,139,143,147,149,150,155,157,161,163,170,172,188,
  189,191,193,194,195,199,204,207,215,231,240,249,260,264,269,271,272,278,285,
  287,298]].
[[4,16,18,36,40,44,45,48,49,54,62,66,67,70,72,73,74,80,83,86,87,98,104,111,
  114,117,119,126,130,131,132,139,143,147,149,150,155,157,161,163,170,172,188,
  189,191,193,194,195,199,204,207,215,231,240,249,260,264,269,271,272,278,285,
  287,298],
 [13,33,35,43,47,65,78,82,93,96,97,100,107,121,122,140,158,185,201,210,216,
  220,241,258,281,291],
 [6,7,8,9,10,12,14,15,17,19,20,21,22,23,24,27,28,29,30,31,32,34,37,38,39,46,
  51,52,53,55,56,58,59,61,64,68,71,76,90,91,92,94,95,99,102,103,105,106,108,
  109,110,113,118,123,125,127,128,129,133,134,135,137,141,142,144,145,146,148,
  151,152,156,160,162,164,166,167,168,169,173,174,175,177,178,179,182,183,184,
  187,190,197,200,203,205,209,211,212,214,221,223,224,225,226,227,228,229,233,
  234,237,238,242,244,245,246,248,250,251,252,253,255,256,257,259,261,262,265,
  266,267,268,273,274,275,276,277,279,280,282,284,289,290,292,293,294,295,296,
  297,299]].
[[6,7,8,9,10,12,14,15,17,19,20,21,22,23,24,27,28,29,30,31,32,34,37,38,39,46,
  51,52,53,55,56,58,59,61,64,68,71,76,90,91,92,94,95,99,102,103,105,106,108,
  109,110,113,118,123,125,127,128,129,133,134,135,137,141,142,144,145,146,148,
  151,152,156,160,162,164,166,167,168,169,173,174,175,177,178,179,182,183,184,
  187,190,197,200,203,205,209,211,212,214,221,223,224,225,226,227,228,229,233,
  234,237,238,242,244,245,246,248,250,251,252,253,255,256,257,259,261,262,265,
  266,267,268,273,274,275,276,277,279,280,282,284,289,290,292,293,294,295,296,
  297,299],
 [1,2,3,5,11,25,26,41,42,50,57,60,63,69,75,77,79,81,84,85,88,89,101,112,115,
  116,120,124,136,138,153,154,159,165,171,176,180,181,186,192,196,198,202,206,
  208,213,217,218,219,222,230,232,235,236,239,243,247,254,263,270,283,286,288,
  300],
 [4,16,18,36,40,44,45,48,49,54,62,66,67,70,72,73,74,80,83,86,87,98,104,111,
  114,117,119,126,130,131,132,139,143,147,149,150,155,157,161,163,170,172,188,
  189,191,193,194,195,199,204,207,215,231,240,249,260,264,269,271,272,278,285,
  287,298]].
[[6,7,8,9,10,12,14,15,17,19,20,21,22,23,24,27,28,29,30,31,32,34,37,38,39,46,
  51,52,53,55,56,58,59,61,64,68,71,76,90,91,92,94,95,99,102,103,105,106,108,
  109,110,113,118,123,125,127,128,129,133,134,135,137,141,142,144,145,146,148,
  151,152,156,160,162,164,166,167,168,169,173,174,175,177,178,179,182,183,184,
  187,190,197,200,203,205,209,211,212,214,221,223,224,225,226,227,228,229,233,
  234,237,238,242,244,245,246,248,250,251,252,253,255,256,257,259,261,262,265,
  266,267,268,273,274,275,276,277,279,280,282,284,289,290,292,293,294,295,296,
  297,299],
 [1,2,3,5,11,25,26,41,42,50,57,60,63,69,75,77,79,81,84,85,88,89,101,112,115,
  116,120,124,136,138,153,154,159,165,171,176,180,181,186,192,196,198,202,206,
  208,213,217,218,219,222,230,232,235,236,239,243,247,254,263,270,283,286,288,
  300],
 [4,16,18,36,40,44,45,48,49,54,62,66,67,70,72,73,74,80,83,86,87,98,104,111,
  114,117,119,126,130,131,132,139,143,147,149,150,155,157,161,163,170,172,188,
  189,191,193,194,195,199,204,207,215,231,240,249,260,264,269,271,272,278,285,
  287,298]].
[[6,7,8,9,10,12,14,15,17,19,20,21,22,23,24,27,28,29,30,31,32,34,37,38,39,46,
  51,52,53,55,56,58,59,61,64,68,71,76,90,91,92,94,95,99,102,103,105,106,108,
  109,110,113,118,123,125,127,128,129,133,134,135,137,141,142,144,145,146,148,
  151,152,156,160,162,164,166,167,168,169,173,174,175,177,178,179,182,183,184,
  187,190,197,200,203,205,209,211,212,214,221,223,224,225,226,227,228,229,233,
  234,237,238,242,244,245,246,248,250,251,252,253,255,256,257,259,261,262,265,
  266,267,268,273,274,275,276,277,279,280,282,284,289,290,292,293,294,295,296,
  297,299],
 [1,2,3,5,11,25,26,41,42,50,57,60,63,69,75,77,79,81,84,85,88,89,101,112,115,
  116,120,124,136,138,153,154,159,165,171,176,180,181,186,192,196,198,202,206,
  208,213,217,218,219,222,230,232,235,236,239,243,247,254,263,270,283,286,288,
  300],
 [4,16,18,36,40,44,45,48,49,54,62,66,67,70,72,73,74,80,83,86,87,98,104,111,
  114,117,119,126,130,131,132,139,143,147,149,150,155,157,161,163,170,172,188,
  189,191,193,194,195,199,204,207,215,231,240,249,260,264,269,271,272,278,285,
  287,298]].
[[6,7,8,9,10,12,14,15,17,19,20,21,22,23,24,27,28,29,30,31,32,34,37,38,39,46,
  51,52,53,55,56,58,59,61,64,68,71,76,90,91,92,94,95,99,102,103,105,106,108,
  109,110,113,118,123,125,127,128,129,133,134,135,137,141,142,144,145,146,148,
  151,152,156,160,162,164,166,167,168,169,173,174,175,177,178,179,182,183,184,
  187,190,197,200,203,205,209,211,212,214,221,223,224,225,226,227,228,229,233,
  234,237,238,242,244,245,246,248,250,251,252,253,255,256,257,259,261,262,265,
  266,267,268,273,274,275,276,277,279,280,282,284,289,290,292,293,294,295,296,
  297,299],
 [1,2,3,5,11,25,26,41,42,50,57,60,63,69,75,77,79,81,84,85,88,89,101,112,115,
  116,120,124,136,138,153,154,159,165,171,176,180,181,186,192,196,198,202,206,
  208,213,217,218,219,222,230,232,235,236,239,243,247,254,263,270,283,286,288,
  300],
 [4,16,18,36,40,44,45,48,49,54,62,66,67,70,72,73,74,80,83,86,87,98,104,111,
  114,117,119,126,130,131,132,139,143,147,149,150,155,157,161,163,170,172,188,
  189,191,193,194,195,199,204,207,215,231,240,249,260,264,269,271,272,278,285,
  287,298]].
[[13,33,35,43,47,65,78,82,93,96,97,100,107,121,122,140,158,185,201,210,216,
  220,241,258,281,291],
 [4,16,18,36,40,44,45,48,49,54,62,66,67,70,72,73,74,80,83,86,87,98,104,111,
  114,117,119,126,130,131,132,139,143,147,149,150,155,157,161,163,170,172,188,
  189,191,193,194,195,199,204,207,215,231,240,249,260,264,269,271,272,278,285,
  287,298],
 [1,2,3,5,11,25,26,41,42,50,57,60,63,69,75,77,79,81,84,85,88,89,101,112,115,
  116,120,124,136,138,153,154,159,165,171,176,180,181,186,192,196,198,202,206,
  208,213,217,218,219,222,230,232,235,236,239,243,247,254,263,270,283,286,288,
  300]].
[[6,7,8,9,10,12,14,15,17,19,20,21,22,23,24,27,28,29,30,31,32,34,37,38,39,46,
  51,52,53,55,56,58,59,61,64,68,71,76,90,91,92,94,95,99,102,103,105,106,108,
  109,110,113,118,123,125,127,128,129,133,134,135,137,141,142,144,145,146,148,
  151,152,156,160,162,164,166,167,168,169,173,174,175,177,178,179,182,183,184,
  187,190,197,200,203,205,209,211,212,214,221,223,224,225,226,227,228,229,233,
  234,237,238,242,244,245,246,248,250,251,252,253,255,256,257,259,261,262,265,
  266,267,268,273,274,275,276,277,279,280,282,284,289,290,292,293,294,295,296,
  297,299],
 [1,2,3,5,11,25,26,41,42,50,57,60,63,69,75,77,79,81,84,85,88,89,101,112,115,
  116,120,124,136,138,153,154,159,165,171,176,180,181,186,192,196,198,202,206,
  208,213,217,218,219,222,230,232,235,236,239,243,247,254,263,270,283,286,288,
  300],
 [4,16,18,36,40,44,45,48,49,54,62,66,67,70,72,73,74,80,83,86,87,98,104,111,
  114,117,119,126,130,131,132,139,143,147,149,150,155,157,161,163,170,172,188,
  189,191,193,194,195,199,204,207,215,231,240,249,260,264,269,271,272,278,285,
  287,298]].
[[4,16,18,36,40,44,45,48,49,54,62,66,67,70,72,73,74,80,83,86,87,98,104,111,
  114,117,119,126,130,131,132,139,143,147,149,150,155,157,161,163,170,172,188,
  189,191,193,194,195,199,204,207,215,231,240,249,260,264,269,271,272,278,285,
  287,298],
 [13,33,35,43,47,65,78,82,93,96,97,100,107,121,122,140,158,185,201,210,216,
  220,241,258,281,291],
 [6,7,8,9,10,12,14,15,17,19,20,21,22,23,24,27,28,29,30,31,32,34,37,38,39,46,
  51,52,53,55,56,58,59,61,64,68,71,76,90,91,92,94,95,99,102,103,105,106,108,
  109,110,113,118,123,125,127,128,129,133,134,135,137,141,142,144,145,146,148,
  151,152,156,160,162,164,166,167,168,169,173,174,175,177,178,179,182,183,184,
  187,190,197,200,203,205,209,211,212,214,221,223,224,225,226,227,228,229,233,
  234,237,238,242,244,245,246,248,250,251,252,253,255,256,257,259,261,262,265,
  266,267,268,273,274,275,276,277,279,280,282,284,289,290,292,293,294,295,296,
  297,299]].
[[6,7,8,9,10,12,14,15,17,19,20,21,22,23,24,27,28,29,30,31,32,34,37,38,39,46,
  51,52,53,55,56,58,59,61,64,68,71,76,90,91,92,94,95,99,102,103,105,106,108,
  109,110,113,118,123,125,127,128,129,133,134,135,137,141,142,144,145,146,148,
  151,152,156,160,162,164,166,167,168,169,173,174,175,177,178,179,182,183,184,
  187,190,197,200,203,205,209,211,212,214,221,223,224,225,226,227,228,229,233,
  234,237,238,242,244,245,246,248,250,251,252,253,255,256,257,259,261,262,265,
  266,267,268,273,274,275,276,277,279,280,282,284,289,290,292,293,294,295,296,
  297,299],
 [1,2,3,5,11,25,26,41,42,50,57,60,63,69,75,77,79,81,84,85,88,89,101,112,115,
  116,120,124,136,138,153,154,159,165,171,176,180,181,186,192,196,198,202,206,
  208,213,217,218,219,222,230,232,235,236,239,243,247,254,263,270,283,286,288,
  300],
 [4,16,18,36,40,44,45,48,49,54,62,66,67,70,72,73,74,80,83,86,87,98,104,111,
  114,117,119,126,130,131,132,139,143,147,149,150,155,157,161,163,170,172,188,
  189,191,193,194,195,199,204,207,215,231,240,249,260,264,269,271,272,278,285,
  287,298]].
[[6,7,8,9,10,12,14,15,17,19,20,21,22,23,24,27,28,29,30,31,32,34,37,38,39,46,
  51,52,53,55,56,58,59,61,64,68,71,76,90,91,92,94,95,99,102,103,105,106,108,
  109,110,113,118,123,125,127,128,129,133,134,135,137,141,142,144,145,146,148,
  151,152,156,160,162,164,166,167,168,169,173,174,175,177,178,179,182,183,184,
  187,190,197,200,203,205,209,211,212,214,221,223,224,225,226,227,228,229,233,
  234,237,238,242,244,245,246,248,250,251,252,253,255,256,257,259,261,262,265,
  266,267,268,273,274,275,276,277,279,280,282,284,289,290,292,293,294,295,296,
  297,299],
 [1,2,3,5,11,25,26,41,42,50,57,60,63,69,75,77,79,81,84,85,88,89,101,112,115,
  116,120,124,136,138,153,154,159,165,171,176,180,181,186,192,196,198,202,206,
  208,213,217,218,219,222,230,232,235,236,239,243,247,254,263,270,283,286,288,
  300],
 [4,16,18,36,40,44,45,48,49,54,62,66,67,70,72,73,74,80,83,86,87,98,104,111,
  114,117,119,126,130,131,132,139,143,147,149,150,155,157,161,163,170,172,188,
  189,191,193,194,195,199,204,207,215,231,240,249,260,264,269,271,272,278,285,
  287,298]].
[[13,33,35,43,47,65,78,82,93,96,97,100,107,121,122,140,158,185,201,210,216,
  220,241,258,281,291],
 [4,16,18,36,40,44,45,48,49,54,62,66,67,70,72,73,74,80,83,86,87,98,104,111,
  114,117,119,126,130,131,132,139,143,147,149,150,155,157,161,163,170,172,188,
  189,191,193,194,195,199,204,207,215,231,240,249,260,264,269,271,272,278,285,
  287,298],
 [1,2,3,5,11,25,26,41,42,50,57,60,63,69,75,77,79,81,84,85,88,89,101,112,115,
  116,120,124,136,138,153,154,159,165,171,176,180,181,186,192,196,198,202,206,
  208,213,217,218,219,222,230,232,235,236,239,243,247,254,263,270,283,286,288,
  300]].
[[6,7,8,9,10,12,14,15,17,19,20,21,22,23,24,27,28,29,30,31,32,34,37,38,39,46,
  51,52,53,55,56,58,59,61,64,68,71,76,90,91,92,94,95,99,102,103,105,106,108,
  109,110,113,118,123,125,127,128,129,133,134,135,137,141,142,144,145,146,148,
  151,152,156,160,162,164,166,167,168,169,173,174,175,177,178,179,182,183,184,
  187,190,197,200,203,205,209,211,212,214,221,223,224,225,226,227,228,229,233,
  234,237,238,242,244,245,246,248,250,251,252,253,255,256,257,259,261,262,265,
  266,267,268,273,274,275,276,277,279,280,282,284,289,290,292,293,294,295,296,
  297,299],
 [1,2,3,5,11,25,26,41,42,50,57,60,63,69,75,77,79,81,84,85,88,89,101,112,115,
  116,120,124,136,138,153,154,159,165,171,176,180,181,186,192,196,198,202,206,
  208,213,217,218,219,222,230,232,235,236,239,243,247,254,263,270,283,286,288,
  300],
 [4,16,18,36,40,44,45,48,49,54,62,66,67,70,72,73,74,80,83,86,87,98,104,111,
  114,117,119,126,130,131,132,139,143,147,149,150,155,157,161,163,170,172,188,
  189,191,193,194,195,199,204,207,215,231,240,249,260,264,269,271,272,278,285,
  287,298]].
[[6,7,8,9,10,12,14,15,17,19,20,21,22,23,24,27,28,29,30,31,32,34,37,38,39,46,
  51,52,53,55,56,58,59,61,64,68,71,76,90,91,92,94,95,99,102,103,105,106,108,
  109,110,113,118,123,125,127,128,129,133,134,135,137,141,142,144,145,146,148,
  151,152,156,160,162,164,166,167,168,169,173,174,175,177,178,179,182,183,184,
  187,190,197,200,203,205,209,211,212,214,221,223,224,225,226,227,228,229,233,
  234,237,238,242,244,245,246,248,250,251,252,253,255,256,257,259,261,262,265,
  266,267,268,273,274,275,276,277,279,280,282,284,289,290,292,293,294,295,296,
  297,299],
 [1,2,3,5,11,25,26,41,42,50,57,60,63,69,75,77,79,81,84,85,88,89,101,112,115,
  116,120,124,136,138,153,154,159,165,171,176,180,181,186,192,196,198,202,206,
  208,213,217,218,219,222,230,232,235,236,239,243,247,254,263,270,283,286,288,
  300],
 [4,16,18,36,40,44,45,48,49,54,62,66,67,70,72,73,74,80,83,86,87,98,104,111,
  114,117,119,126,130,131,132,139,143,147,149,150,155,157,161,163,170,172,188,
  189,191,193,194,195,199,204,207,215,231,240,249,260,264,269,271,272,278,285,
  287,298]].
[[1,2,3,5,11,25,26,41,42,50,57,60,63,69,75,77,79,81,84,85,88,89,101,112,115,
  116,120,124,136,138,153,154,159,165,171,176,180,181,186,192,196,198,202,206,
  208,213,217,218,219,222,230,232,235,236,239,243,247,254,263,270,283,286,288,
  300],
 [6,7,8,9,10,12,14,15,17,19,20,21,22,23,24,27,28,29,30,31,32,34,37,38,39,46,
  51,52,53,55,56,58,59,61,64,68,71,76,90,91,92,94,95,99,102,103,105,106,108,
  109,110,113,118,123,125,127,128,129,133,134,135,137,141,142,144,145,146,148,
  151,152,156,160,162,164,166,167,168,169,173,174,175,177,178,179,182,183,184,
  187,190,197,200,203,205,209,211,212,214,221,223,224,225,226,227,228,229,233,
  234,237,238,242,244,245,246,248,250,251,252,253,255,256,257,259,261,262,265,
  266,267,268,273,274,275,276,277,279,280,282,284,289,290,292,293,294,295,296,
  297,299],
 [13,33,35,43,47,65,78,82,93,96,97,100,107,121,122,140,158,185,201,210,216,
  220,241,258,281,291]].
[[1,2,3,5,11,25,26,41,42,50,57,60,63,69,75,77,79,81,84,85,88,89,101,112,115,
  116,120,124,136,138,153,154,159,165,171,176,180,181,186,192,196,198,202,206,
  208,213,217,218,219,222,230,232,235,236,239,243,247,254,263,270,283,286,288,
  300],
 [6,7,8,9,10,12,14,15,17,19,20,21,22,23,24,27,28,29,30,31,32,34,37,38,39,46,
  51,52,53,55,56,58,59,61,64,68,71,76,90,91,92,94,95,99,102,103,105,106,108,
  109,110,113,118,123,125,127,128,129,133,134,135,137,141,142,144,145,146,148,
  151,152,156,160,162,164,166,167,168,169,173,174,175,177,178,179,182,183,184,
  187,190,197,200,203,205,209,211,212,214,221,223,224,225,226,227,228,229,233,
  234,237,238,242,244,245,246,248,250,251,252,253,255,256,257,259,261,262,265,
  266,267,268,273,274,275,276,277,279,280,282,284,289,290,292,293,294,295,296,
  297,299],
 [13,33,35,43,47,65,78,82,93,96,97,100,107,121,122,140,158,185,201,210,216,
  220,241,258,281,291]].
[[6,7,8,9,10,12,14,15,17,19,20,21,22,23,24,27,28,29,30,31,32,34,37,38,39,46,
  51,52,53,55,56,58,59,61,64,68,71,76,90,91,92,94,95,99,102,103,105,106,108,
  109,110,113,118,123,125,127,128,129,133,134,135,137,141,142,144,145,146,148,
  151,152,156,160,162,164,166,167,168,169,173,174,175,177,178,179,182,183,184,
  187,190,197,200,203,205,209,211,212,214,221,223,224,225,226,227,228,229,233,
  234,237,238,242,244,245,246,248,250,251,252,253,255,256,257,259,261,262,265,
  266,267,268,273,274,275,276,277,279,280,282,284,289,290,292,293,294,295,296,
  297,299],
 [1,2,3,5,11,25,26,41,42,50,57,60,63,69,75,77,79,81,84,85,88,89,101,112,115,
  116,120,124,136,138,153,154,159,165,171,176,180,181,186,192,196,198,202,206,
  208,213,217,218,219,222,230,232,235,236,239,243,247,254,263,270,283,286,288,
  300],
 [4,16,18,36,40,44,45,48,49,54,62,66,67,70,72,73,74,80,83,86,87,98,104,111,
  114,117,119,126,130,131,132,139,143,147,149,150,155,157,161,163,170,172,188,
  189,191,193,194,195,199,204,207,215,231,240,249,260,264,269,271,272,278,285,
  287,298]].
[[1,2,3,5,11,25,26,41,42,50,57,60,63,69,75,77,79,81,84,85,88,89,101,112,115,
  116,120,124,136,138,153,154,159,165,171,176,180,181,186,192,196,198,202,206,
  208,213,217,218,219,222,230,232,235,236,239,243,247,254,263,270,283,286,288,
  300],
 [6,7,8,9,10,12,14,15,17,19,20,21,22,23,24,27,28,29,30,31,32,34,37,38,39,46,
  51,52,53,55,56,58,59,61,64,68,71,76,90,91,92,94,95,99,102,103,105,106,108,
  109,110,113,118,123,125,127,128,129,133,134,135,137,141,142,144,145,146,148,
  151,152,156,160,162,164,166,167,168,169,173,174,175,177,178,179,182,183,184,
  187,190,197,200,203,205,209,211,212,214,221,223,224,225,226,227,228,229,233,
  234,237,238,242,244,245,246,248,250,251,252,253,255,256,257,259,261,262,265,
  266,267,268,273,274,275,276,277,279,280,282,284,289,290,292,293,294,295,296,
  297,299],
 [13,33,35,43,47,65,78,82,93,96,97,100,107,121,122,140,158,185,201,210,216,
  220,241,258,281,291]].
[[1,2,3,5,11,25,26,41,42,50,57,60,63,69,75,77,79,81,84,85,88,89,101,112,115,
  116,120,124,136,138,153,154,159,165,171,176,180,181,186,192,196,198,202,206,
  208,213,217,218,219,222,230,232,235,236,239,243,247,254,263,270,283,286,288,
  300],
 [6,7,8,9,10,12,14,15,17,19,20,21,22,23,24,27,28,29,30,31,32,34,37,38,39,46,
  51,52,53,55,56,58,59,61,64,68,71,76,90,91,92,94,95,99,102,103,105,106,108,
  109,110,113,118,123,125,127,128,129,133,134,135,137,141,142,144,145,146,148,
  151,152,156,160,162,164,166,167,168,169,173,174,175,177,178,179,182,183,184,
  187,190,197,200,203,205,209,211,212,214,221,223,224,225,226,227,228,229,233,
  234,237,238,242,244,245,246,248,250,251,252,253,255,256,257,259,261,262,265,
  266,267,268,273,274,275,276,277,279,280,282,284,289,290,292,293,294,295,296,
  297,299],
 [13,33,35,43,47,65,78,82,93,96,97,100,107,121,122,140,158,185,201,210,216,
  220,241,258,281,291]].
[[6,7,8,9,10,12,14,15,17,19,20,21,22,23,24,27,28,29,30,31,32,34,37,38,39,46,
  51,52,53,55,56,58,59,61,64,68,71,76,90,91,92,94,95,99,102,103,105,106,108,
  109,110,113,118,123,125,127,128,129,133,134,135,137,141,142,144,145,146,148,
  151,152,156,160,162,164,166,167,168,169,173,174,175,177,178,179,182,183,184,
