[[19,66,70,76,78,84,85,91,97,102,106,111,112,113,115,117,179,185,187,229,244,
  254,267,283,296],
 [10,11,15,28,29,30,35,40,42,45,49,50,56,57,60,61,65,74,90,109,116,122,123,
  126,129,132,135,136,137,140,142,143,145,146,155,156,158,159,161,167,170,173,
  176,181,191,192,197,198,208,211,215,218,220,226,231,234,237,240,247,249,252,
  259,269,270,280],
 [5,6,26,31,33,41,43,47,53,58,63,67,68,71,80,86,87,89,96,105,110,121,127,130,
  133,134,138,139,141,149,152,153,166,174,175,180,189,190,193,203,205,209,210,
  212,214,219,221,222,225,230,241,242,246,253,261,264,272,276,279,285,286,288,
  294,295,300]].
[[5,6,26,31,33,41,43,47,53,58,63,67,68,71,80,86,87,89,96,105,110,121,127,130,
  133,134,138,139,141,149,152,153,166,174,175,180,189,190,193,203,205,209,210,
  212,214,219,221,222,225,230,241,242,246,253,261,264,272,276,279,285,286,288,
  294,295,300],
 [1,2,3,4,7,8,9,12,13,14,16,17,18,20,21,22,23,24,25,27,32,34,36,37,38,39,44,
  46,48,51,52,54,55,59,62,64,69,72,73,75,77,79,81,82,83,88,92,93,94,95,98,99,
  100,101,103,104,107,108,114,118,119,120,124,125,128,131,144,147,148,150,151,
  154,157,160,162,163,164,165,168,169,171,172,177,178,182,183,184,186,188,194,
  195,196,199,200,201,202,204,206,207,213,216,217,223,224,227,228,232,233,235,
  236,238,239,243,245,248,250,251,255,256,257,258,260,262,263,265,266,268,271,
  273,274,275,277,278,281,282,284,287,289,290,291,292,293,297,298,299],
 [19,66,70,76,78,84,85,91,97,102,106,111,112,113,115,117,179,185,187,229,244,
  254,267,283,296]].
[[19,66,70,76,78,84,85,91,97,102,106,111,112,113,115,117,179,185,187,229,244,
  254,267,283,296],
 [10,11,15,28,29,30,35,40,42,45,49,50,56,57,60,61,65,74,90,109,116,122,123,
  126,129,132,135,136,137,140,142,143,145,146,155,156,158,159,161,167,170,173,
  176,181,191,192,197,198,208,211,215,218,220,226,231,234,237,240,247,249,252,
  259,269,270,280],
 [5,6,26,31,33,41,43,47,53,58,63,67,68,71,80,86,87,89,96,105,110,121,127,130,
  133,134,138,139,141,149,152,153,166,174,175,180,189,190,193,203,205,209,210,
  212,214,219,221,222,225,230,241,242,246,253,261,264,272,276,279,285,286,288,
  294,295,300]].
[[1,2,3,4,7,8,9,12,13,14,16,17,18,20,21,22,23,24,25,27,32,34,36,37,38,39,44,
  46,48,51,52,54,55,59,62,64,69,72,73,75,77,79,81,82,83,88,92,93,94,95,98,99,
  100,101,103,104,107,108,114,118,119,120,124,125,128,131,144,147,148,150,151,
  154,157,160,162,163,164,165,168,169,171,172,177,178,182,183,184,186,188,194,
  195,196,199,200,201,202,204,206,207,213,216,217,223,224,227,228,232,233,235,
  236,238,239,243,245,248,250,251,255,256,257,258,260,262,263,265,266,268,271,
  273,274,275,277,278,281,282,284,287,289,290,291,292,293,297,298,299],
 [5,6,26,31,33,41,43,47,53,58,63,67,68,71,80,86,87,89,96,105,110,121,127,130,
  133,134,138,139,141,149,152,153,166,174,175,180,189,190,193,203,205,209,210,
  212,214,219,221,222,225,230,241,242,246,253,261,264,272,276,279,285,286,288,
  294,295,300],
 [10,11,15,28,29,30,35,40,42,45,49,50,56,57,60,61,65,74,90,109,116,122,123,
  126,129,132,135,136,137,140,142,143,145,146,155,156,158,159,161,167,170,173,
  176,181,191,192,197,198,208,211,215,218,220,226,231,234,237,240,247,249,252,
  259,269,270,280]].
[[1,2,3,4,7,8,9,12,13,14,16,17,18,20,21,22,23,24,25,27,32,34,36,37,38,39,44,
  46,48,51,52,54,55,59,62,64,69,72,73,75,77,79,81,82,83,88,92,93,94,95,98,99,
  100,101,103,104,107,108,114,118,119,120,124,125,128,131,144,147,148,150,151,
  154,157,160,162,163,164,165,168,169,171,172,177,178,182,183,184,186,188,194,
  195,196,199,200,201,202,204,206,207,213,216,217,223,224,227,228,232,233,235,
  236,238,239,243,245,248,250,251,255,256,257,258,260,262,263,265,266,268,271,
  273,274,275,277,278,281,282,284,287,289,290,291,292,293,297,298,299],
 [5,6,26,31,33,41,43,47,53,58,63,67,68,71,80,86,87,89,96,105,110,121,127,130,
  133,134,138,139,141,149,152,153,166,174,175,180,189,190,193,203,205,209,210,
  212,214,219,221,222,225,230,241,242,246,253,261,264,272,276,279,285,286,288,
  294,295,300],
 [10,11,15,28,29,30,35,40,42,45,49,50,56,57,60,61,65,74,90,109,116,122,123,
  126,129,132,135,136,137,140,142,143,145,146,155,156,158,159,161,167,170,173,
  176,181,191,192,197,198,208,211,215,218,220,226,231,234,237,240,247,249,252,
  259,269,270,280]].
[[10,11,15,28,29,30,35,40,42,45,49,50,56,57,60,61,65,74,90,109,116,122,123,
  126,129,132,135,136,137,140,142,143,145,146,155,156,158,159,161,167,170,173,
  176,181,191,192,197,198,208,211,215,218,220,226,231,234,237,240,247,249,252,
  259,269,270,280],
 [19,66,70,76,78,84,85,91,97,102,106,111,112,113,115,117,179,185,187,229,244,
  254,267,283,296],
 [1,2,3,4,7,8,9,12,13,14,16,17,18,20,21,22,23,24,25,27,32,34,36,37,38,39,44,
  46,48,51,52,54,55,59,62,64,69,72,73,75,77,79,81,82,83,88,92,93,94,95,98,99,
  100,101,103,104,107,108,114,118,119,120,124,125,128,131,144,147,148,150,151,
  154,157,160,162,163,164,165,168,169,171,172,177,178,182,183,184,186,188,194,
  195,196,199,200,201,202,204,206,207,213,216,217,223,224,227,228,232,233,235,
  236,238,239,243,245,248,250,251,255,256,257,258,260,262,263,265,266,268,271,
  273,274,275,277,278,281,282,284,287,289,290,291,292,293,297,298,299]].
[[1,2,3,4,7,8,9,12,13,14,16,17,18,20,21,22,23,24,25,27,32,34,36,37,38,39,44,
  46,48,51,52,54,55,59,62,64,69,72,73,75,77,79,81,82,83,88,92,93,94,95,98,99,
  100,101,103,104,107,108,114,118,119,120,124,125,128,131,144,147,148,150,151,
  154,157,160,162,163,164,165,168,169,171,172,177,178,182,183,184,186,188,194,
  195,196,199,200,201,202,204,206,207,213,216,217,223,224,227,228,232,233,235,
  236,238,239,243,245,248,250,251,255,256,257,258,260,262,263,265,266,268,271,
  273,274,275,277,278,281,282,284,287,289,290,291,292,293,297,298,299],
 [5,6,26,31,33,41,43,47,53,58,63,67,68,71,80,86,87,89,96,105,110,121,127,130,
  133,134,138,139,141,149,152,153,166,174,175,180,189,190,193,203,205,209,210,
  212,214,219,221,222,225,230,241,242,246,253,261,264,272,276,279,285,286,288,
  294,295,300],
 [10,11,15,28,29,30,35,40,42,45,49,50,56,57,60,61,65,74,90,109,116,122,123,
  126,129,132,135,136,137,140,142,143,145,146,155,156,158,159,161,167,170,173,
  176,181,191,192,197,198,208,211,215,218,220,226,231,234,237,240,247,249,252,
  259,269,270,280]].
[[5,6,26,31,33,41,43,47,53,58,63,67,68,71,80,86,87,89,96,105,110,121,127,130,
  133,134,138,139,141,149,152,153,166,174,175,180,189,190,193,203,205,209,210,
  212,214,219,221,222,225,230,241,242,246,253,261,264,272,276,279,285,286,288,
  294,295,300],
 [1,2,3,4,7,8,9,12,13,14,16,17,18,20,21,22,23,24,25,27,32,34,36,37,38,39,44,
  46,48,51,52,54,55,59,62,64,69,72,73,75,77,79,81,82,83,88,92,93,94,95,98,99,
  100,101,103,104,107,108,114,118,119,120,124,125,128,131,144,147,148,150,151,
  154,157,160,162,163,164,165,168,169,171,172,177,178,182,183,184,186,188,194,
  195,196,199,200,201,202,204,206,207,213,216,217,223,224,227,228,232,233,235,
  236,238,239,243,245,248,250,251,255,256,257,258,260,262,263,265,266,268,271,
  273,274,275,277,278,281,282,284,287,289,290,291,292,293,297,298,299],
 [19,66,70,76,78,84,85,91,97,102,106,111,112,113,115,117,179,185,187,229,244,
  254,267,283,296]].
[[1,2,3,4,7,8,9,12,13,14,16,17,18,20,21,22,23,24,25,27,32,34,36,37,38,39,44,
  46,48,51,52,54,55,59,62,64,69,72,73,75,77,79,81,82,83,88,92,93,94,95,98,99,
  100,101,103,104,107,108,114,118,119,120,124,125,128,131,144,147,148,150,151,
  154,157,160,162,163,164,165,168,169,171,172,177,178,182,183,184,186,188,194,
  195,196,199,200,201,202,204,206,207,213,216,217,223,224,227,228,232,233,235,
  236,238,239,243,245,248,250,251,255,256,257,258,260,262,263,265,266,268,271,
  273,274,275,277,278,281,282,284,287,289,290,291,292,293,297,298,299],
 [5,6,26,31,33,41,43,47,53,58,63,67,68,71,80,86,87,89,96,105,110,121,127,130,
  133,134,138,139,141,149,152,153,166,174,175,180,189,190,193,203,205,209,210,
  212,214,219,221,222,225,230,241,242,246,253,261,264,272,276,279,285,286,288,
  294,295,300],
 [10,11,15,28,29,30,35,40,42,45,49,50,56,57,60,61,65,74,90,109,116,122,123,
  126,129,132,135,136,137,140,142,143,145,146,155,156,158,159,161,167,170,173,
  176,181,191,192,197,198,208,211,215,218,220,226,231,234,237,240,247,249,252,
  259,269,270,280]].
[[19,66,70,76,78,84,85,91,97,102,106,111,112,113,115,117,179,185,187,229,244,
  254,267,283,296],
 [10,11,15,28,29,30,35,40,42,45,49,50,56,57,60,61,65,74,90,109,116,122,123,
  126,129,132,135,136,137,140,142,143,145,146,155,156,158,159,161,167,170,173,
  176,181,191,192,197,198,208,211,215,218,220,226,231,234,237,240,247,249,252,
  259,269,270,280],
 [5,6,26,31,33,41,43,47,53,58,63,67,68,71,80,86,87,89,96,105,110,121,127,130,
  133,134,138,139,141,149,152,153,166,174,175,180,189,190,193,203,205,209,210,
  212,214,219,221,222,225,230,241,242,246,253,261,264,272,276,279,285,286,288,
  294,295,300]].
[[1,2,3,4,7,8,9,12,13,14,16,17,18,20,21,22,23,24,25,27,32,34,36,37,38,39,44,
  46,48,51,52,54,55,59,62,64,69,72,73,75,77,79,81,82,83,88,92,93,94,95,98,99,
  100,101,103,104,107,108,114,118,119,120,124,125,128,131,144,147,148,150,151,
  154,157,160,162,163,164,165,168,169,171,172,177,178,182,183,184,186,188,194,
  195,196,199,200,201,202,204,206,207,213,216,217,223,224,227,228,232,233,235,
  236,238,239,243,245,248,250,251,255,256,257,258,260,262,263,265,266,268,271,
  273,274,275,277,278,281,282,284,287,289,290,291,292,293,297,298,299],
 [5,6,26,31,33,41,43,47,53,58,63,67,68,71,80,86,87,89,96,105,110,121,127,130,
  133,134,138,139,141,149,152,153,166,174,175,180,189,190,193,203,205,209,210,
  212,214,219,221,222,225,230,241,242,246,253,261,264,272,276,279,285,286,288,
  294,295,300],
 [10,11,15,28,29,30,35,40,42,45,49,50,56,57,60,61,65,74,90,109,116,122,123,
  126,129,132,135,136,137,140,142,143,145,146,155,156,158,159,161,167,170,173,
  176,181,191,192,197,198,208,211,215,218,220,226,231,234,237,240,247,249,252,
  259,269,270,280]].
[[1,2,3,4,7,8,9,12,13,14,16,17,18,20,21,22,23,24,25,27,32,34,36,37,38,39,44,
  46,48,51,52,54,55,59,62,64,69,72,73,75,77,79,81,82,83,88,92,93,94,95,98,99,
  100,101,103,104,107,108,114,118,119,120,124,125,128,131,144,147,148,150,151,
  154,157,160,162,163,164,165,168,169,171,172,177,178,182,183,184,186,188,194,
  195,196,199,200,201,202,204,206,207,213,216,217,223,224,227,228,232,233,235,
  236,238,239,243,245,248,250,251,255,256,257,258,260,262,263,265,266,268,271,
  273,274,275,277,278,281,282,284,287,289,290,291,292,293,297,298,299],
 [5,6,26,31,33,41,43,47,53,58,63,67,68,71,80,86,87,89,96,105,110,121,127,130,
  133,134,138,139,141,149,152,153,166,174,175,180,189,190,193,203,205,209,210,
  212,214,219,221,222,225,230,241,242,246,253,261,264,272,276,279,285,286,288,
  294,295,300],
 [10,11,15,28,29,30,35,40,42,45,49,50,56,57,60,61,65,74,90,109,116,122,123,
  126,129,132,135,136,137,140,142,143,145,146,155,156,158,159,161,167,170,173,
  176,181,191,192,197,198,208,211,215,218,220,226,231,234,237,240,247,249,252,
  259,269,270,280]].
[[10,11,15,28,29,30,35,40,42,45,49,50,56,57,60,61,65,74,90,109,116,122,123,
  126,129,132,135,136,137,140,142,143,145,146,155,156,158,159,161,167,170,173,
  176,181,191,192,197,198,208,211,215,218,220,226,231,234,237,240,247,249,252,
  259,269,270,280],
 [19,66,70,76,78,84,85,91,97,102,106,111,112,113,115,117,179,185,187,229,244,
  254,267,283,296],
 [1,2,3,4,7,8,9,12,13,14,16,17,18,20,21,22,23,24,25,27,32,34,36,37,38,39,44,
  46,48,51,52,54,55,59,62,64,69,72,73,75,77,79,81,82,83,88,92,93,94,95,98,99,
  100,101,103,104,107,108,114,118,119,120,124,125,128,131,144,147,148,150,151,
  154,157,160,162,163,164,165,168,169,171,172,177,178,182,183,184,186,188,194,
  195,196,199,200,201,202,204,206,207,213,216,217,223,224,227,228,232,233,235,
  236,238,239,243,245,248,250,251,255,256,257,258,260,262,263,265,266,268,271,
  273,274,275,277,278,281,282,284,287,289,290,291,292,293,297,298,299]].
[[1,2,3,4,7,8,9,12,13,14,16,17,18,20,21,22,23,24,25,27,32,34,36,37,38,39,44,
  46,48,51,52,54,55,59,62,64,69,72,73,75,77,79,81,82,83,88,92,93,94,95,98,99,
  100,101,103,104,107,108,114,118,119,120,124,125,128,131,144,147,148,150,151,
  154,157,160,162,163,164,165,168,169,171,172,177,178,182,183,184,186,188,194,
  195,196,199,200,201,202,204,206,207,213,216,217,223,224,227,228,232,233,235,
  236,238,239,243,245,248,250,251,255,256,257,258,260,262,263,265,266,268,271,
  273,274,275,277,278,281,282,284,287,289,290,291,292,293,297,298,299],
 [5,6,26,31,33,41,43,47,53,58,63,67,68,71,80,86,87,89,96,105,110,121,127,130,
  133,134,138,139,141,149,152,153,166,174,175,180,189,190,193,203,205,209,210,
  212,214,219,221,222,225,230,241,242,246,253,261,264,272,276,279,285,286,288,
  294,295,300],
 [10,11,15,28,29,30,35,40,42,45,49,50,56,57,60,61,65,74,90,109,116,122,123,
  126,129,132,135,136,137,140,142,143,145,146,155,156,158,159,161,167,170,173,
  176,181,191,192,197,198,208,211,215,218,220,226,231,234,237,240,247,249,252,
  259,269,270,280]].
[[1,2,3,4,7,8,9,12,13,14,16,17,18,20,21,22,23,24,25,27,32,34,36,37,38,39,44,
  46,48,51,52,54,55,59,62,64,69,72,73,75,77,79,81,82,83,88,92,93,94,95,98,99,
  100,101,103,104,107,108,114,118,119,120,124,125,128,131,144,147,148,150,151,
  154,157,160,162,163,164,165,168,169,171,172,177,178,182,183,184,186,188,194,
  195,196,199,200,201,202,204,206,207,213,216,217,223,224,227,228,232,233,235,
  236,238,239,243,245,248,250,251,255,256,257,258,260,262,263,265,266,268,271,
  273,274,275,277,278,281,282,284,287,289,290,291,292,293,297,298,299],
 [5,6,26,31,33,41,43,47,53,58,63,67,68,71,80,86,87,89,96,105,110,121,127,130,
  133,134,138,139,141,149,152,153,166,174,175,180,189,190,193,203,205,209,210,
  212,214,219,221,222,225,230,241,242,246,253,261,264,272,276,279,285,286,288,
  294,295,300],
 [10,11,15,28,29,30,35,40,42,45,49,50,56,57,60,61,65,74,90,109,116,122,123,
  126,129,132,135,136,137,140,142,143,145,146,155,156,158,159,161,167,170,173,
  176,181,191,192,197,198,208,211,215,218,220,226,231,234,237,240,247,249,252,
  259,269,270,280]].
[[10,11,15,28,29,30,35,40,42,45,49,50,56,57,60,61,65,74,90,109,116,122,123,
  126,129,132,135,136,137,140,142,143,145,146,155,156,158,159,161,167,170,173,
  176,181,191,192,197,198,208,211,215,218,220,226,231,234,237,240,247,249,252,
  259,269,270,280],
 [19,66,70,76,78,84,85,91,97,102,106,111,112,113,115,117,179,185,187,229,244,
  254,267,283,296],
 [1,2,3,4,7,8,9,12,13,14,16,17,18,20,21,22,23,24,25,27,32,34,36,37,38,39,44,
  46,48,51,52,54,55,59,62,64,69,72,73,75,77,79,81,82,83,88,92,93,94,95,98,99,
  100,101,103,104,107,108,114,118,119,120,124,125,128,131,144,147,148,150,151,
  154,157,160,162,163,164,165,168,169,171,172,177,178,182,183,184,186,188,194,
  195,196,199,200,201,202,204,206,207,213,216,217,223,224,227,228,232,233,235,
  236,238,239,243,245,248,250,251,255,256,257,258,260,262,263,265,266,268,271,
  273,274,275,277,278,281,282,284,287,289,290,291,292,293,297,298,299]].
[[1,2,3,4,7,8,9,12,13,14,16,17,18,20,21,22,23,24,25,27,32,34,36,37,38,39,44,
  46,48,51,52,54,55,59,62,64,69,72,73,75,77,79,81,82,83,88,92,93,94,95,98,99,
  100,101,103,104,107,108,114,118,119,120,124,125,128,131,144,147,148,150,151,
  154,157,160,162,163,164,165,168,169,171,172,177,178,182,183,184,186,188,194,
  195,196,199,200,201,202,204,206,207,213,216,217,223,224,227,228,232,233,235,
  236,238,239,243,245,248,250,251,255,256,257,258,260,262,263,265,266,268,271,
  273,274,275,277,278,281,282,284,287,289,290,291,292,293,297,298,299],
 [5,6,26,31,33,41,43,47,53,58,63,67,68,71,80,86,87,89,96,105,110,121,127,130,
  133,134,138,139,141,149,152,153,166,174,175,180,189,190,193,203,205,209,210,
  212,214,219,221,222,225,230,241,242,246,253,261,264,272,276,279,285,286,288,
  294,295,300],
 [10,11,15,28,29,30,35,40,42,45,49,50,56,57,60,61,65,74,90,109,116,122,123,
  126,129,132,135,136,137,140,142,143,145,146,155,156,158,159,161,167,170,173,
  176,181,191,192,197,198,208,211,215,218,220,226,231,234,237,240,247,249,252,
  259,269,270,280]].
[[5,6,26,31,33,41,43,47,53,58,63,67,68,71,80,86,87,89,96,105,110,121,127,130,
  133,134,138,139,141,149,152,153,166,174,175,180,189,190,193,203,205,209,210,
  212,214,219,221,222,225,230,241,242,246,253,261,264,272,276,279,285,286,288,
  294,295,300],
 [1,2,3,4,7,8,9,12,13,14,16,17,18,20,21,22,23,24,25,27,32,34,36,37,38,39,44,
  46,48,51,52,54,55,59,62,64,69,72,73,75,77,79,81,82,83,88,92,93,94,95,98,99,
  100,101,103,104,107,108,114,118,119,120,124,125,128,131,144,147,148,150,151,
  154,157,160,162,163,164,165,168,169,171,172,177,178,182,183,184,186,188,194,
  195,196,199,200,201,202,204,206,207,213,216,217,223,224,227,228,232,233,235,
  236,238,239,243,245,248,250,251,255,256,257,258,260,262,263,265,266,268,271,
  273,274,275,277,278,281,282,284,287,289,290,291,292,293,297,298,299],
 [19,66,70,76,78,84,85,91,97,102,106,111,112,113,115,117,179,185,187,229,244,
  254,267,283,296]].
[[1,2,3,4,7,8,9,12,13,14,16,17,18,20,21,22,23,24,25,27,32,34,36,37,38,39,44,
  46,48,51,52,54,55,59,62,64,69,72,73,75,77,79,81,82,83,88,92,93,94,95,98,99,
  100,101,103,104,107,108,114,118,119,120,124,125,128,131,144,147,148,150,151,
  154,157,160,162,163,164,165,168,169,171,172,177,178,182,183,184,186,188,194,
  195,196,199,200,201,202,204,206,207,213,216,217,223,224,227,228,232,233,235,
  236,238,239,243,245,248,250,251,255,256,257,258,260,262,263,265,266,268,271,
  273,274,275,277,278,281,282,284,287,289,290,291,292,293,297,298,299],
 [5,6,26,31,33,41,43,47,53,58,63,67,68,71,80,86,87,89,96,105,110,121,127,130,
  133,134,138,139,141,149,152,153,166,174,175,180,189,190,193,203,205,209,210,
  212,214,219,221,222,225,230,241,242,246,253,261,264,272,276,279,285,286,288,
  294,295,300],
 [10,11,15,28,29,30,35,40,42,45,49,50,56,57,60,61,65,74,90,109,116,122,123,
  126,129,132,135,136,137,140,142,143,145,146,155,156,158,159,161,167,170,173,
  176,181,191,192,197,198,208,211,215,218,220,226,231,234,237,240,247,249,252,
  259,269,270,280]].
[[5,6,26,31,33,41,43,47,53,58,63,67,68,71,80,86,87,89,96,105,110,121,127,130,
  133,134,138,139,141,149,152,153,166,174,175,180,189,190,193,203,205,209,210,
  212,214,219,221,222,225,230,241,242,246,253,261,264,272,276,279,285,286,288,
  294,295,300],
 [1,2,3,4,7,8,9,12,13,14,16,17,18,20,21,22,23,24,25,27,32,34,36,37,38,39,44,
  46,48,51,52,54,55,59,62,64,69,72,73,75,77,79,81,82,83,88,92,93,94,95,98,99,
  100,101,103,104,107,108,114,118,119,120,124,125,128,131,144,147,148,150,151,
  154,157,160,162,163,164,165,168,169,171,172,177,178,182,183,184,186,188,194,
  195,196,199,200,201,202,204,206,207,213,216,217,223,224,227,228,232,233,235,
  236,238,239,243,245,248,250,251,255,256,257,258,260,262,263,265,266,268,271,
  273,274,275,277,278,281,282,284,287,289,290,291,292,293,297,298,299],
 [19,66,70,76,78,84,85,91,97,102,106,111,112,113,115,117,179,185,187,229,244,
  254,267,283,296]].
[[10,11,15,28,29,30,35,40,42,45,49,50,56,57,60,61,65,74,90,109,116,122,123,
  126,129,132,135,136,137,140,142,143,145,146,155,156,158,159,161,167,170,173,
  176,181,191,192,197,198,208,211,215,218,220,226,231,234,237,240,247,249,252,
  259,269,270,280],
 [19,66,70,76,78,84,85,91,97,102,106,111,112,113,115,117,179,185,187,229,244,
  254,267,283,296],
 [1,2,3,4,7,8,9,12,13,14,16,17,18,20,21,22,23,24,25,27,32,34,36,37,38,39,44,
  46,48,51,52,54,55,59,62,64,69,72,73,75,77,79,81,82,83,88,92,93,94,95,98,99,
  100,101,103,104,107,108,114,118,119,120,124,125,128,131,144,147,148,150,151,
  154,157,160,162,163,164,165,168,169,171,172,177,178,182,183,184,186,188,194,
  195,196,199,200,201,202,204,206,207,213,216,217,223,224,227,228,232,233,235,
  236,238,239,243,245,248,250,251,255,256,257,258,260,262,263,265,266,268,271,
  273,274,275,277,278,281,282,284,287,289,290,291,292,293,297,298,299]].
[[1,2,3,4,7,8,9,12,13,14,16,17,18,20,21,22,23,24,25,27,32,34,36,37,38,39,44,
  46,48,51,52,54,55,59,62,64,69,72,73,75,77,79,81,82,83,88,92,93,94,95,98,99,
  100,101,103,104,107,108,114,118,119,120,124,125,128,131,144,147,148,150,151,
  154,157,160,162,163,164,165,168,169,171,172,177,178,182,183,184,186,188,194,
  195,196,199,200,201,202,204,206,207,213,216,217,223,224,227,228,232,233,235,
  236,238,239,243,245,248,250,251,255,256,257,258,260,262,263,265,266,268,271,
  273,274,275,277,278,281,282,284,287,289,290,291,292,293,297,298,299],
 [5,6,26,31,33,41,43,47,53,58,63,67,68,71,80,86,87,89,96,105,110,121,127,130,
  133,134,138,139,141,149,152,153,166,174,175,180,189,190,193,203,205,209,210,
  212,214,219,221,222,225,230,241,242,246,253,261,264,272,276,279,285,286,288,
  294,295,300],
 [10,11,15,28,29,30,35,40,42,45,49,50,56,57,60,61,65,74,90,109,116,122,123,
  126,129,132,135,136,137,140,142,143,145,146,155,156,158,159,161,167,170,173,
  176,181,191,192,197,198,208,211,215,218,220,226,231,234,237,240,247,249,252,
  259,269,270,280]].
[[10,11,15,28,29,30,35,40,42,45,49,50,56,57,60,61,65,74,90,109,116,122,123,
  126,129,132,135,136,137,140,142,143,145,146,155,156,158,159,161,167,170,173,
  176,181,191,192,197,198,208,211,215,218,220,226,231,234,237,240,247,249,252,
  259,269,270,280],
 [19,66,70,76,78,84,85,91,97,102,106,111,112,113,115,117,179,185,187,229,244,
  254,267,283,296],
 [1,2,3,4,7,8,9,12,13,14,16,17,18,20,21,22,23,24,25,27,32,34,36,37,38,39,44,
  46,48,51,52,54,55,59,62,64,69,72,73,75,77,79,81,82,83,88,92,93,94,95,98,99,
  100,101,103,104,107,108,114,118,119,120,124,125,128,131,144,147,148,150,151,
  154,157,160,162,163,164,165,168,169,171,172,177,178,182,183,184,186,188,194,
  195,196,199,200,201,202,204,206,207,213,216,217,223,224,227,228,232,233,235,
  236,238,239,243,245,248,250,251,255,256,257,258,260,262,263,265,266,268,271,
  273,274,275,277,278,281,282,284,287,289,290,291,292,293,297,298,299]].
[[5,6,26,31,33,41,43,47,53,58,63,67,68,71,80,86,87,89,96,105,110,121,127,130,
  133,134,138,139,141,149,152,153,166,174,175,180,189,190,193,203,205,209,210,
  212,214,219,221,222,225,230,241,242,246,253,261,264,272,276,279,285,286,288,
  294,295,300],
 [1,2,3,4,7,8,9,12,13,14,16,17,18,20,21,22,23,24,25,27,32,34,36,37,38,39,44,
  46,48,51,52,54,55,59,62,64,69,72,73,75,77,79,81,82,83,88,92,93,94,95,98,99,
  100,101,103,104,107,108,114,118,119,120,124,125,128,131,144,147,148,150,151,
  154,157,160,162,163,164,165,168,169,171,172,177,178,182,183,184,186,188,194,
  195,196,199,200,201,202,204,206,207,213,216,217,223,224,227,228,232,233,235,
  236,238,239,243,245,248,250,251,255,256,257,258,260,262,263,265,266,268,271,
  273,274,275,277,278,281,282,284,287,289,290,291,292,293,297,298,299],
 [19,66,70,76,78,84,85,91,97,102,106,111,112,113,115,117,179,185,187,229,244,
  254,267,283,296]].
[[5,6,26,31,33,41,43,47,53,58,63,67,68,71,80,86,87,89,96,105,110,121,127,130,
  133,134,138,139,141,149,152,153,166,174,175,180,189,190,193,203,205,209,210,
  212,214,219,221,222,225,230,241,242,246,253,261,264,272,276,279,285,286,288,
  294,295,300],
 [1,2,3,4,7,8,9,12,13,14,16,17,18,20,21,22,23,24,25,27,32,34,36,37,38,39,44,
  46,48,51,52,54,55,59,62,64,69,72,73,75,77,79,81,82,83,88,92,93,94,95,98,99,
  100,101,103,104,107,108,114,118,119,120,124,125,128,131,144,147,148,150,151,
  154,157,160,162,163,164,165,168,169,171,172,177,178,182,183,184,186,188,194,
  195,196,199,200,201,202,204,206,207,213,216,217,223,224,227,228,232,233,235,
  236,238,239,243,245,248,250,251,255,256,257,258,260,262,263,265,266,268,271,
  273,274,275,277,278,281,282,284,287,289,290,291,292,293,297,298,299],
 [19,66,70,76,78,84,85,91,97,102,106,111,112,113,115,117,179,185,187,229,244,
  254,267,283,296]].
[[10,11,15,28,29,30,35,40,42,45,49,50,56,57,60,61,65,74,90,109,116,122,123,
  126,129,132,135,136,137,140,142,143,145,146,155,156,158,159,161,167,170,173,
  176,181,191,192,197,198,208,211,215,218,220,226,231,234,237,240,247,249,252,
  259,269,270,280],
 [19,66,70,76,78,84,85,91,97,102,106,111,112,113,115,117,179,185,187,229,244,
  254,267,283,296],
 [1,2,3,4,7,8,9,12,13,14,16,17,18,20,21,22,23,24,25,27,32,34,36,37,38,39,44,
  46,48,51,52,54,55,59,62,64,69,72,73,75,77,79,81,82,83,88,92,93,94,95,98,99,
  100,101,103,104,107,108,114,118,119,120,124,125,128,131,144,147,148,150,151,
  154,157,160,162,163,164,165,168,169,171,172,177,178,182,183,184,186,188,194,
  195,196,199,200,201,202,204,206,207,213,216,217,223,224,227,228,232,233,235,
  236,238,239,243,245,248,250,251,255,256,257,258,260,262,263,265,266,268,271,
  273,274,275,277,278,281,282,284,287,289,290,291,292,293,297,298,299]].
[[19,66,70,76,78,84,85,91,97,102,106,111,112,113,115,117,179,185,187,229,244,
  254,267,283,296],
 [10,11,15,28,29,30,35,40,42,45,49,50,56,57,60,61,65,74,90,109,116,122,123,
  126,129,132,135,136,137,140,142,143,145,146,155,156,158,159,161,167,170,173,
  176,181,191,192,197,198,208,211,215,218,220,226,231,234,237,240,247,249,252,
  259,269,270,280],
 [5,6,26,31,33,41,43,47,53,58,63,67,68,71,80,86,87,89,96,105,110,121,127,130,
  133,134,138,139,141,149,152,153,166,174,175,180,189,190,193,203,205,209,210,
  212,214,219,221,222,225,230,241,242,246,253,261,264,272,276,279,285,286,288,
  294,295,300]].
[[5,6,26,31,33,41,43,47,53,58,63,67,68,71,80,86,87,89,96,105,110,121,127,130,
  133,134,138,139,141,149,152,153,166,174,175,180,189,190,193,203,205,209,210,
  212,214,219,221,222,225,230,241,242,246,253,261,264,272,276,279,285,286,288,
  294,295,300],
 [1,2,3,4,7,8,9,12,13,14,16,17,18,20,21,22,23,24,25,27,32,34,36,37,38,39,44,
  46,48,51,52,54,55,59,62,64,69,72,73,75,77,79,81,82,83,88,92,93,94,95,98,99,
  100,101,103,104,107,108,114,118,119,120,124,125,128,131,144,147,148,150,151,
  154,157,160,162,163,164,165,168,169,171,172,177,178,182,183,184,186,188,194,
  195,196,199,200,201,202,204,206,207,213,216,217,223,224,227,228,232,233,235,
  236,238,239,243,245,248,250,251,255,256,257,258,260,262,263,265,266,268,271,
  273,274,275,277,278,281,282,284,287,289,290,291,292,293,297,298,299],
 [19,66,70,76,78,84,85,91,97,102,106,111,112,113,115,117,179,185,187,229,244,
  254,267,283,296]].
[[10,11,15,28,29,30,35,40,42,45,49,50,56,57,60,61,65,74,90,109,116,122,123,
  126,129,132,135,136,137,140,142,143,145,146,155,156,158,159,161,167,170,173,
  176,181,191,192,197,198,208,211,215,218,220,226,231,234,237,240,247,249,252,
  259,269,270,280],
 [19,66,70,76,78,84,85,91,97,102,106,111,112,113,115,117,179,185,187,229,244,
  254,267,283,296],
 [1,2,3,4,7,8,9,12,13,14,16,17,18,20,21,22,23,24,25,27,32,34,36,37,38,39,44,
  46,48,51,52,54,55,59,62,64,69,72,73,75,77,79,81,82,83,88,92,93,94,95,98,99,
  100,101,103,104,107,108,114,118,119,120,124,125,128,131,144,147,148,150,151,
  154,157,160,162,163,164,165,168,169,171,172,177,178,182,183,184,186,188,194,
  195,196,199,200,201,202,204,206,207,213,216,217,223,224,227,228,232,233,235,
  236,238,239,243,245,248,250,251,255,256,257,258,260,262,263,265,266,268,271,
  273,274,275,277,278,281,282,284,287,289,290,291,292,293,297,298,299]].
[[10,11,15,28,29,30,35,40,42,45,49,50,56,57,60,61,65,74,90,109,116,122,123,
  126,129,132,135,136,137,140,142,143,145,146,155,156,158,159,161,167,170,173,
  176,181,191,192,197,198,208,211,215,218,220,226,231,234,237,240,247,249,252,
  259,269,270,280],
 [19,66,70,76,78,84,85,91,97,102,106,111,112,113,115,117,179,185,187,229,244,
  254,267,283,296],
 [1,2,3,4,7,8,9,12,13,14,16,17,18,20,21,22,23,24,25,27,32,34,36,37,38,39,44,
  46,48,51,52,54,55,59,62,64,69,72,73,75,77,79,81,82,83,88,92,93,94,95,98,99,
  100,101,103,104,107,108,114,118,119,120,124,125,128,131,144,147,148,150,151,
  154,157,160,162,163,164,165,168,169,171,172,177,178,182,183,184,186,188,194,
  195,196,199,200,201,202,204,206,207,213,216,217,223,224,227,228,232,233,235,
  236,238,239,243,245,248,250,251,255,256,257,258,260,262,263,265,266,268,271,
  273,274,275,277,278,281,282,284,287,289,290,291,292,293,297,298,299]].
[[1,2,3,4,7,8,9,12,13,14,16,17,18,20,21,22,23,24,25,27,32,34,36,37,38,39,44,
  46,48,51,52,54,55,59,62,64,69,72,73,75,77,79,81,82,83,88,92,93,94,95,98,99,
  100,101,103,104,107,108,114,118,119,120,124,125,128,131,144,147,148,150,151,
  154,157,160,162,163,164,165,168,169,171,172,177,178,182,183,184,186,188,194,
  195,196,199,200,201,202,204,206,207,213,216,217,223,224,227,228,232,233,235,
  236,238,239,243,245,248,250,251,255,256,257,258,260,262,263,265,266,268,271,
  273,274,275,277,278,281,282,284,287,289,290,291,292,293,297,298,299],
 [5,6,26,31,33,41,43,47,53,58,63,67,68,71,80,86,87,89,96,105,110,121,127,130,
  133,134,138,139,141,149,152,153,166,174,175,180,189,190,193,203,205,209,210,
  212,214,219,221,222,225,230,241,242,246,253,261,264,272,276,279,285,286,288,
  294,295,300],
 [10,11,15,28,29,30,35,40,42,45,49,50,56,57,60,61,65,74,90,109,116,122,123,
  126,129,132,135,136,137,140,142,143,145,146,155,156,158,159,161,167,170,173,
  176,181,191,192,197,198,208,211,215,218,220,226,231,234,237,240,247,249,252,
  259,269,270,280]].
[[1,2,3,4,7,8,9,12,13,14,16,17,18,20,21,22,23,24,25,27,32,34,36,37,38,39,44,
  46,48,51,52,54,55,59,62,64,69,72,73,75,77,79,81,82,83,88,92,93,94,95,98,99,
  100,101,103,104,107,108,114,118,119,120,124,125,128,131,144,147,148,150,151,
  154,157,160,162,163,164,165,168,169,171,172,177,178,182,183,184,186,188,194,
  195,196,199,200,201,202,204,206,207,213,216,217,223,224,227,228,232,233,235,
  236,238,239,243,245,248,250,251,255,256,257,258,260,262,263,265,266,268,271,
  273,274,275,277,278,281,282,284,287,289,290,291,292,293,297,298,299],
 [5,6,26,31,33,41,43,47,53,58,63,67,68,71,80,86,87,89,96,105,110,121,127,130,
  133,134,138,139,141,149,152,153,166,174,175,180,189,190,193,203,205,209,210,
  212,214,219,221,222,225,230,241,242,246,253,261,264,272,276,279,285,286,288,
  294,295,300],
 [10,11,15,28,29,30,35,40,42,45,49,50,56,57,60,61,65,74,90,109,116,122,123,
  126,129,132,135,136,137,140,142,143,145,146,155,156,158,159,161,167,170,173,
  176,181,191,192,197,198,208,211,215,218,220,226,231,234,237,240,247,249,252,
  259,269,270,280]].
[[19,66,70,76,78,84,85,91,97,102,106,111,112,113,115,117,179,185,187,229,244,
  254,267,283,296],
 [10,11,15,28,29,30,35,40,42,45,49,50,56,57,60,61,65,74,90,109,116,122,123,
  126,129,132,135,136,137,140,142,143,145,146,155,156,158,159,161,167,170,173,
  176,181,191,192,197,198,208,211,215,218,220,226,231,234,237,240,247,249,252,
  259,269,270,280],
 [5,6,26,31,33,41,43,47,53,58,63,67,68,71,80,86,87,89,96,105,110,121,127,130,
  133,134,138,139,141,149,152,153,166,174,175,180,189,190,193,203,205,209,210,
  212,214,219,221,222,225,230,241,242,246,253,261,264,272,276,279,285,286,288,
  294,295,300]].
[[5,6,26,31,33,41,43,47,53,58,63,67,68,71,80,86,87,89,96,105,110,121,127,130,
  133,134,138,139,141,149,152,153,166,174,175,180,189,190,193,203,205,209,210,
  212,214,219,221,222,225,230,241,242,246,253,261,264,272,276,279,285,286,288,
  294,295,300],
 [1,2,3,4,7,8,9,12,13,14,16,17,18,20,21,22,23,24,25,27,32,34,36,37,38,39,44,
  46,48,51,52,54,55,59,62,64,69,72,73,75,77,79,81,82,83,88,92,93,94,95,98,99,
  100,101,103,104,107,108,114,118,119,120,124,125,128,131,144,147,148,150,151,
  154,157,160,162,163,164,165,168,169,171,172,177,178,182,183,184,186,188,194,
  195,196,199,200,201,202,204,206,207,213,216,217,223,224,227,228,232,233,235,
  236,238,239,243,245,248,250,251,255,256,257,258,260,262,263,265,266,268,271,
  273,274,275,277,278,281,282,284,287,289,290,291,292,293,297,298,299],
 [19,66,70,76,78,84,85,91,97,102,106,111,112,113,115,117,179,185,187,229,244,
  254,267,283,296]].
[[1,2,3,4,7,8,9,12,13,14,16,17,18,20,21,22,23,24,25,27,32,34,36,37,38,39,44,
  46,48,51,52,54,55,59,62,64,69,72,73,75,77,79,81,82,83,88,92,93,94,95,98,99,
  100,101,103,104,107,108,114,118,119,120,124,125,128,131,144,147,148,150,151,
  154,157,160,162,163,164,165,168,169,171,172,177,178,182,183,184,186,188,194,
  195,196,199,200,201,202,204,206,207,213,216,217,223,224,227,228,232,233,235,
  236,238,239,243,245,248,250,251,255,256,257,258,260,262,263,265,266,268,271,
  273,274,275,277,278,281,282,284,287,289,290,291,292,293,297,298,299],
 [5,6,26,31,33,41,43,47,53,58,63,67,68,71,80,86,87,89,96,105,110,121,127,130,
  133,134,138,139,141,149,152,153,166,174,175,180,189,190,193,203,205,209,210,
  212,214,219,221,222,225,230,241,242,246,253,261,264,272,276,279,285,286,288,
  294,295,300],
 [10,11,15,28,29,30,35,40,42,45,49,50,56,57,60,61,65,74,90,109,116,122,123,
  126,129,132,135,136,137,140,142,143,145,146,155,156,158,159,161,167,170,173,
  176,181,191,192,197,198,208,211,215,218,220,226,231,234,237,240,247,249,252,
  259,269,270,280]].
[[10,11,15,28,29,30,35,40,42,45,49,50,56,57,60,61,65,74,90,109,116,122,123,
  126,129,132,135,136,137,140,142,143,145,146,155,156,158,159,161,167,170,173,
  176,181,191,192,197,198,208,211,215,218,220,226,231,234,237,240,247,249,252,
  259,269,270,280],
 [19,66,70,76,78,84,85,91,97,102,106,111,112,113,115,117,179,185,187,229,244,
  254,267,283,296],
 [1,2,3,4,7,8,9,12,13,14,16,17,18,20,21,22,23,24,25,27,32,34,36,37,38,39,44,
  46,48,51,52,54,55,59,62,64,69,72,73,75,77,79,81,82,83,88,92,93,94,95,98,99,
  100,101,103,104,107,108,114,118,119,120,124,125,128,131,144,147,148,150,151,
  154,157,160,162,163,164,165,168,169,171,172,177,178,182,183,184,186,188,194,
  195,196,199,200,201,202,204,206,207,213,216,217,223,224,227,228,232,233,235,
  236,238,239,243,245,248,250,251,255,256,257,258,260,262,263,265,266,268,271,
  273,274,275,277,278,281,282,284,287,289,290,291,292,293,297,298,299]].
[[1,2,3,4,7,8,9,12,13,14,16,17,18,20,21,22,23,24,25,27,32,34,36,37,38,39,44,
  46,48,51,52,54,55,59,62,64,69,72,73,75,77,79,81,82,83,88,92,93,94,95,98,99,
  100,101,103,104,107,108,114,118,119,120,124,125,128,131,144,147,148,150,151,
  154,157,160,162,163,164,165,168,169,171,172,177,178,182,183,184,186,188,194,
  195,196,199,200,201,202,204,206,207,213,216,217,223,224,227,228,232,233,235,
  236,238,239,243,245,248,250,251,255,256,257,258,260,262,263,265,266,268,271,
  273,274,275,277,278,281,282,284,287,289,290,291,292,293,297,298,299],
 [5,6,26,31,33,41,43,47,53,58,63,67,68,71,80,86,87,89,96,105,110,121,127,130,
  133,134,138,139,141,149,152,153,166,174,175,180,189,190,193,203,205,209,210,
  212,214,219,221,222,225,230,241,242,246,253,261,264,272,276,279,285,286,288,
  294,295,300],
 [10,11,15,28,29,30,35,40,42,45,49,50,56,57,60,61,65,74,90,109,116,122,123,
  126,129,132,135,136,137,140,142,143,145,146,155,156,158,159,161,167,170,173,
  176,181,191,192,197,198,208,211,215,218,220,226,231,234,237,240,247,249,252,
  259,269,270,280]].
[[5,6,26,31,33,41,43,47,53,58,63,67,68,71,80,86,87,89,96,105,110,121,127,130,
  133,134,138,139,141,149,152,153,166,174,175,180,189,190,193,203,205,209,210,
  212,214,219,221,222,225,230,241,242,246,253,261,264,272,276,279,285,286,288,
  294,295,300],
 [1,2,3,4,7,8,9,12,13,14,16,17,18,20,21,22,23,24,25,27,32,34,36,37,38,39,44,
  46,48,51,52,54,55,59,62,64,69,72,73,75,77,79,81,82,83,88,92,93,94,95,98,99,
  100,101,103,104,107,108,114,118,119,120,124,125,128,131,144,147,148,150,151,
  154,157,160,162,163,164,165,168,169,171,172,177,178,182,183,184,186,188,194,
  195,196,199,200,201,202,204,206,207,213,216,217,223,224,227,228,232,233,235,
  236,238,239,243,245,248,250,251,255,256,257,258,260,262,263,265,266,268,271,
  273,274,275,277,278,281,282,284,287,289,290,291,292,293,297,298,299],
 [19,66,70,76,78,84,85,91,97,102,106,111,112,113,115,117,179,185,187,229,244,
  254,267,283,296]].
[[5,6,26,31,33,41,43,47,53,58,63,67,68,71,80,86,87,89,96,105,110,121,127,130,
  133,134,138,139,141,149,152,153,166,174,175,180,189,190,193,203,205,209,210,
  212,214,219,221,222,225,230,241,242,246,253,261,264,272,276,279,285,286,288,
  294,295,300],
 [1,2,3,4,7,8,9,12,13,14,16,17,18,20,21,22,23,24,25,27,32,34,36,37,38,39,44,
  46,48,51,52,54,55,59,62,64,69,72,73,75,77,79,81,82,83,88,92,93,94,95,98,99,
  100,101,103,104,107,108,114,118,119,120,124,125,128,131,144,147,148,150,151,
  154,157,160,162,163,164,165,168,169,171,172,177,178,182,183,184,186,188,194,
  195,196,199,200,201,202,204,206,207,213,216,217,223,224,227,228,232,233,235,
  236,238,239,243,245,248,250,251,255,256,257,258,260,262,263,265,266,268,271,
  273,274,275,277,278,281,282,284,287,289,290,291,292,293,297,298,299],
 [19,66,70,76,78,84,85,91,97,102,106,111,112,113,115,117,179,185,187,229,244,
  254,267,283,296]].
[[5,6,26,31,33,41,43,47,53,58,63,67,68,71,80,86,87,89,96,105,110,121,127,130,
  133,134,138,139,141,149,152,153,166,174,175,180,189,190,193,203,205,209,210,
  212,214,219,221,222,225,230,241,242,246,253,261,264,272,276,279,285,286,288,
  294,295,300],
 [1,2,3,4,7,8,9,12,13,14,16,17,18,20,21,22,23,24,25,27,32,34,36,37,38,39,44,
  46,48,51,52,54,55,59,62,64,69,72,73,75,77,79,81,82,83,88,92,93,94,95,98,99,
  100,101,103,104,107,108,114,118,119,120,124,125,128,131,144,147,148,150,151,
  154,157,160,162,163,164,165,168,169,171,172,177,178,182,183,184,186,188,194,
  195,196,199,200,201,202,204,206,207,213,216,217,223,224,227,228,232,233,235,
  236,238,239,243,245,248,250,251,255,256,257,258,260,262,263,265,266,268,271,
  273,274,275,277,278,281,282,284,287,289,290,291,292,293,297,298,299],
 [19,66,70,76,78,84,85,91,97,102,106,111,112,113,115,117,179,185,187,229,244,
  254,267,283,296]].
[[1,2,3,4,7,8,9,12,13,14,16,17,18,20,21,22,23,24,25,27,32,34,36,37,38,39,44,
  46,48,51,52,54,55,59,62,64,69,72,73,75,77,79,81,82,83,88,92,93,94,95,98,99,
  100,101,103,104,107,108,114,118,119,120,124,125,128,131,144,147,148,150,151,
  154,157,160,162,163,164,165,168,169,171,172,177,178,182,183,184,186,188,194,
  195,196,199,200,201,202,204,206,207,213,216,217,223,224,227,228,232,233,235,
  236,238,239,243,245,248,250,251,255,256,257,258,260,262,263,265,266,268,271,
  273,274,275,277,278,281,282,284,287,289,290,291,292,293,297,298,299],
 [5,6,26,31,33,41,43,47,53,58,63,67,68,71,80,86,87,89,96,105,110,121,127,130,
  133,134,138,139,141,149,152,153,166,174,175,180,189,190,193,203,205,209,210,
  212,214,219,221,222,225,230,241,242,246,253,261,264,272,276,279,285,286,288,
  294,295,300],
 [10,11,15,28,29,30,35,40,42,45,49,50,56,57,60,61,65,74,90,109,116,122,123,
  126,129,132,135,136,137,140,142,143,145,146,155,156,158,159,161,167,170,173,
  176,181,191,192,197,198,208,211,215,218,220,226,231,234,237,240,247,249,252,
  259,269,270,280]].
[[5,6,26,31,33,41,43,47,53,58,63,67,68,71,80,86,87,89,96,105,110,121,127,130,
  133,134,138,139,141,149,152,153,166,174,175,180,189,190,193,203,205,209,210,
  212,214,219,221,222,225,230,241,242,246,253,261,264,272,276,279,285,286,288,
  294,295,300],
 [1,2,3,4,7,8,9,12,13,14,16,17,18,20,21,22,23,24,25,27,32,34,36,37,38,39,44,
  46,48,51,52,54,55,59,62,64,69,72,73,75,77,79,81,82,83,88,92,93,94,95,98,99,
  100,101,103,104,107,108,114,118,119,120,124,125,128,131,144,147,148,150,151,
  154,157,160,162,163,164,165,168,169,171,172,177,178,182,183,184,186,188,194,
  195,196,199,200,201,202,204,206,207,213,216,217,223,224,227,228,232,233,235,
  236,238,239,243,245,248,250,251,255,256,257,258,260,262,263,265,266,268,271,
  273,274,275,277,278,281,282,284,287,289,290,291,292,293,297,298,299],
 [19,66,70,76,78,84,85,91,97,102,106,111,112,113,115,117,179,185,187,229,244,
  254,267,283,296]].
[[1,2,3,4,7,8,9,12,13,14,16,17,18,20,21,22,23,24,25,27,32,34,36,37,38,39,44,
  46,48,51,52,54,55,59,62,64,69,72,73,75,77,79,81,82,83,88,92,93,94,95,98,99,
  100,101,103,104,107,108,114,118,119,120,124,125,128,131,144,147,148,150,151,
  154,157,160,162,163,164,165,168,169,171,172,177,178,182,183,184,186,188,194,
  195,196,199,200,201,202,204,206,207,213,216,217,223,224,227,228,232,233,235,
  236,238,239,243,245,248,250,251,255,256,257,258,260,262,263,265,266,268,271,
  273,274,275,277,278,281,282,284,287,289,290,291,292,293,297,298,299],
 [5,6,26,31,33,41,43,47,53,58,63,67,68,71,80,86,87,89,96,105,110,121,127,130,
  133,134,138,139,141,149,152,153,166,174,175,180,189,190,193,203,205,209,210,
  212,214,219,221,222,225,230,241,242,246,253,261,264,272,276,279,285,286,288,
  294,295,300],
 [10,11,15,28,29,30,35,40,42,45,49,50,56,57,60,61,65,74,90,109,116,122,123,
  126,129,132,135,136,137,140,142,143,145,146,155,156,158,159,161,167,170,173,
  176,181,191,192,197,198,208,211,215,218,220,226,231,234,237,240,247,249,252,
  259,269,270,280]].
[[1,2,3,4,7,8,9,12,13,14,16,17,18,20,21,22,23,24,25,27,32,34,36,37,38,39,44,
  46,48,51,52,54,55,59,62,64,69,72,73,75,77,79,81,82,83,88,92,93,94,95,98,99,
  100,101,103,104,107,108,114,118,119,120,124,125,128,131,144,147,148,150,151,
  154,157,160,162,163,164,165,168,169,171,172,177,178,182,183,184,186,188,194,
