[[1,2,6,19,26,28,32,34,36,39,43,45,47,48,49,67,70,74,79,83,84,87,89,90,93,94,103,108,121,127,128,132,133,141,142,145,146,153,162,166,170,174,182,183,185,189,192,194,196,199,201,204,205,206,211,213,214,225,232,242,246,249,253,256,257,258,259,260,262,264,273,274,275,284,292,295,297,299,300],[3,9,13,14,17,24,25,29,30,31,38,40,41,42,46,50,51,58,60,63,71,72,80,85,88,91,95,99,101,102,107,111,114,117,129,138,139,143,147,150,151,157,159,167,168,169,179,180,181,187,197,202,207,212,217,222,224,230,233,237,240,241,243,244,248,268,277,278,279,285,288],[5,7,8,16,20,22,35,44,55,56,57,59,61,62,65,66,75,76,81,86,96,97,98,106,109,112,113,115,119,120,123,124,134,140,144,149,155,156,158,171,172,178,184,186,188,198,210,215,220,226,227,228,229,231,235,238,245,247,251,252,265,266,267,269,276,282,283,287,290,296,298]].
[[5,7,8,16,20,22,35,44,55,56,57,59,61,62,65,66,75,76,81,86,96,97,98,106,109,112,113,115,119,120,123,124,134,140,144,149,155,156,158,171,172,178,184,186,188,198,210,215,220,226,227,228,229,231,235,238,245,247,251,252,265,266,267,269,276,282,283,287,290,296,298],[4,10,11,12,15,18,21,23,27,33,37,52,53,54,64,68,69,73,77,78,82,92,100,104,105,110,116,118,122,125,126,130,131,135,136,137,148,152,154,160,161,163,164,165,173,175,176,177,190,191,193,195,200,203,208,209,216,218,219,221,223,234,236,239,250,254,255,261,263,270,271,272,280,281,286,289,291,293,294],[1,2,6,19,26,28,32,34,36,39,43,45,47,48,49,67,70,74,79,83,84,87,89,90,93,94,103,108,121,127,128,132,133,141,142,145,146,153,162,166,170,174,182,183,185,189,192,194,196,199,201,204,205,206,211,213,214,225,232,242,246,249,253,256,257,258,259,260,262,264,273,274,275,284,292,295,297,299,300]].
[[4,10,11,12,15,18,21,23,27,33,37,52,53,54,64,68,69,73,77,78,82,92,100,104,105,110,116,118,122,125,126,130,131,135,136,137,148,152,154,160,161,163,164,165,173,175,176,177,190,191,193,195,200,203,208,209,216,218,219,221,223,234,236,239,250,254,255,261,263,270,271,272,280,281,286,289,291,293,294],[5,7,8,16,20,22,35,44,55,56,57,59,61,62,65,66,75,76,81,86,96,97,98,106,109,112,113,115,119,120,123,124,134,140,144,149,155,156,158,171,172,178,184,186,188,198,210,215,220,226,227,228,229,231,235,238,245,247,251,252,265,266,267,269,276,282,283,287,290,296,298],[3,9,13,14,17,24,25,29,30,31,38,40,41,42,46,50,51,58,60,63,71,72,80,85,88,91,95,99,101,102,107,111,114,117,129,138,139,143,147,150,151,157,159,167,168,169,179,180,181,187,197,202,207,212,217,222,224,230,233,237,240,241,243,244,248,268,277,278,279,285,288]].
[[5,7,8,16,20,22,35,44,55,56,57,59,61,62,65,66,75,76,81,86,96,97,98,106,109,112,113,115,119,120,123,124,134,140,144,149,155,156,158,171,172,178,184,186,188,198,210,215,220,226,227,228,229,231,235,238,245,247,251,252,265,266,267,269,276,282,283,287,290,296,298],[4,10,11,12,15,18,21,23,27,33,37,52,53,54,64,68,69,73,77,78,82,92,100,104,105,110,116,118,122,125,126,130,131,135,136,137,148,152,154,160,161,163,164,165,173,175,176,177,190,191,193,195,200,203,208,209,216,218,219,221,223,234,236,239,250,254,255,261,263,270,271,272,280,281,286,289,291,293,294],[1,2,6,19,26,28,32,34,36,39,43,45,47,48,49,67,70,74,79,83,84,87,89,90,93,94,103,108,121,127,128,132,133,141,142,145,146,153,162,166,170,174,182,183,185,189,192,194,196,199,201,204,205,206,211,213,214,225,232,242,246,249,253,256,257,258,259,260,262,264,273,274,275,284,292,295,297,299,300]].
[[1,2,6,19,26,28,32,34,36,39,43,45,47,48,49,67,70,74,79,83,84,87,89,90,93,94,103,108,121,127,128,132,133,141,142,145,146,153,162,166,170,174,182,183,185,189,192,194,196,199,201,204,205,206,211,213,214,225,232,242,246,249,253,256,257,258,259,260,262,264,273,274,275,284,292,295,297,299,300],[3,9,13,14,17,24,25,29,30,31,38,40,41,42,46,50,51,58,60,63,71,72,80,85,88,91,95,99,101,102,107,111,114,117,129,138,139,143,147,150,151,157,159,167,168,169,179,180,181,187,197,202,207,212,217,222,224,230,233,237,240,241,243,244,248,268,277,278,279,285,288],[5,7,8,16,20,22,35,44,55,56,57,59,61,62,65,66,75,76,81,86,96,97,98,106,109,112,113,115,119,120,123,124,134,140,144,149,155,156,158,171,172,178,184,186,188,198,210,215,220,226,227,228,229,231,235,238,245,247,251,252,265,266,267,269,276,282,283,287,290,296,298]].
[[1,2,6,19,26,28,32,34,36,39,43,45,47,48,49,67,70,74,79,83,84,87,89,90,93,94,103,108,121,127,128,132,133,141,142,145,146,153,162,166,170,174,182,183,185,189,192,194,196,199,201,204,205,206,211,213,214,225,232,242,246,249,253,256,257,258,259,260,262,264,273,274,275,284,292,295,297,299,300],[3,9,13,14,17,24,25,29,30,31,38,40,41,42,46,50,51,58,60,63,71,72,80,85,88,91,95,99,101,102,107,111,114,117,129,138,139,143,147,150,151,157,159,167,168,169,179,180,181,187,197,202,207,212,217,222,224,230,233,237,240,241,243,244,248,268,277,278,279,285,288],[5,7,8,16,20,22,35,44,55,56,57,59,61,62,65,66,75,76,81,86,96,97,98,106,109,112,113,115,119,120,123,124,134,140,144,149,155,156,158,171,172,178,184,186,188,198,210,215,220,226,227,228,229,231,235,238,245,247,251,252,265,266,267,269,276,282,283,287,290,296,298]].
[[5,7,8,16,20,22,35,44,55,56,57,59,61,62,65,66,75,76,81,86,96,97,98,106,109,112,113,115,119,120,123,124,134,140,144,149,155,156,158,171,172,178,184,186,188,198,210,215,220,226,227,228,229,231,235,238,245,247,251,252,265,266,267,269,276,282,283,287,290,296,298],[4,10,11,12,15,18,21,23,27,33,37,52,53,54,64,68,69,73,77,78,82,92,100,104,105,110,116,118,122,125,126,130,131,135,136,137,148,152,154,160,161,163,164,165,173,175,176,177,190,191,193,195,200,203,208,209,216,218,219,221,223,234,236,239,250,254,255,261,263,270,271,272,280,281,286,289,291,293,294],[1,2,6,19,26,28,32,34,36,39,43,45,47,48,49,67,70,74,79,83,84,87,89,90,93,94,103,108,121,127,128,132,133,141,142,145,146,153,162,166,170,174,182,183,185,189,192,194,196,199,201,204,205,206,211,213,214,225,232,242,246,249,253,256,257,258,259,260,262,264,273,274,275,284,292,295,297,299,300]].
[[1,2,6,19,26,28,32,34,36,39,43,45,47,48,49,67,70,74,79,83,84,87,89,90,93,94,103,108,121,127,128,132,133,141,142,145,146,153,162,166,170,174,182,183,185,189,192,194,196,199,201,204,205,206,211,213,214,225,232,242,246,249,253,256,257,258,259,260,262,264,273,274,275,284,292,295,297,299,300],[3,9,13,14,17,24,25,29,30,31,38,40,41,42,46,50,51,58,60,63,71,72,80,85,88,91,95,99,101,102,107,111,114,117,129,138,139,143,147,150,151,157,159,167,168,169,179,180,181,187,197,202,207,212,217,222,224,230,233,237,240,241,243,244,248,268,277,278,279,285,288],[5,7,8,16,20,22,35,44,55,56,57,59,61,62,65,66,75,76,81,86,96,97,98,106,109,112,113,115,119,120,123,124,134,140,144,149,155,156,158,171,172,178,184,186,188,198,210,215,220,226,227,228,229,231,235,238,245,247,251,252,265,266,267,269,276,282,283,287,290,296,298]].
[[3,9,13,14,17,24,25,29,30,31,38,40,41,42,46,50,51,58,60,63,71,72,80,85,88,91,95,99,101,102,107,111,114,117,129,138,139,143,147,150,151,157,159,167,168,169,179,180,181,187,197,202,207,212,217,222,224,230,233,237,240,241,243,244,248,268,277,278,279,285,288],[1,2,6,19,26,28,32,34,36,39,43,45,47,48,49,67,70,74,79,83,84,87,89,90,93,94,103,108,121,127,128,132,133,141,142,145,146,153,162,166,170,174,182,183,185,189,192,194,196,199,201,204,205,206,211,213,214,225,232,242,246,249,253,256,257,258,259,260,262,264,273,274,275,284,292,295,297,299,300],[4,10,11,12,15,18,21,23,27,33,37,52,53,54,64,68,69,73,77,78,82,92,100,104,105,110,116,118,122,125,126,130,131,135,136,137,148,152,154,160,161,163,164,165,173,175,176,177,190,191,193,195,200,203,208,209,216,218,219,221,223,234,236,239,250,254,255,261,263,270,271,272,280,281,286,289,291,293,294]].
[[3,9,13,14,17,24,25,29,30,31,38,40,41,42,46,50,51,58,60,63,71,72,80,85,88,91,95,99,101,102,107,111,114,117,129,138,139,143,147,150,151,157,159,167,168,169,179,180,181,187,197,202,207,212,217,222,224,230,233,237,240,241,243,244,248,268,277,278,279,285,288],[1,2,6,19,26,28,32,34,36,39,43,45,47,48,49,67,70,74,79,83,84,87,89,90,93,94,103,108,121,127,128,132,133,141,142,145,146,153,162,166,170,174,182,183,185,189,192,194,196,199,201,204,205,206,211,213,214,225,232,242,246,249,253,256,257,258,259,260,262,264,273,274,275,284,292,295,297,299,300],[4,10,11,12,15,18,21,23,27,33,37,52,53,54,64,68,69,73,77,78,82,92,100,104,105,110,116,118,122,125,126,130,131,135,136,137,148,152,154,160,161,163,164,165,173,175,176,177,190,191,193,195,200,203,208,209,216,218,219,221,223,234,236,239,250,254,255,261,263,270,271,272,280,281,286,289,291,293,294]].
[[3,9,13,14,17,24,25,29,30,31,38,40,41,42,46,50,51,58,60,63,71,72,80,85,88,91,95,99,101,102,107,111,114,117,129,138,139,143,147,150,151,157,159,167,168,169,179,180,181,187,197,202,207,212,217,222,224,230,233,237,240,241,243,244,248,268,277,278,279,285,288],[1,2,6,19,26,28,32,34,36,39,43,45,47,48,49,67,70,74,79,83,84,87,89,90,93,94,103,108,121,127,128,132,133,141,142,145,146,153,162,166,170,174,182,183,185,189,192,194,196,199,201,204,205,206,211,213,214,225,232,242,246,249,253,256,257,258,259,260,262,264,273,274,275,284,292,295,297,299,300],[4,10,11,12,15,18,21,23,27,33,37,52,53,54,64,68,69,73,77,78,82,92,100,104,105,110,116,118,122,125,126,130,131,135,136,137,148,152,154,160,161,163,164,165,173,175,176,177,190,191,193,195,200,203,208,209,216,218,219,221,223,234,236,239,250,254,255,261,263,270,271,272,280,281,286,289,291,293,294]].
[[4,10,11,12,15,18,21,23,27,33,37,52,53,54,64,68,69,73,77,78,82,92,100,104,105,110,116,118,122,125,126,130,131,135,136,137,148,152,154,160,161,163,164,165,173,175,176,177,190,191,193,195,200,203,208,209,216,218,219,221,223,234,236,239,250,254,255,261,263,270,271,272,280,281,286,289,291,293,294],[5,7,8,16,20,22,35,44,55,56,57,59,61,62,65,66,75,76,81,86,96,97,98,106,109,112,113,115,119,120,123,124,134,140,144,149,155,156,158,171,172,178,184,186,188,198,210,215,220,226,227,228,229,231,235,238,245,247,251,252,265,266,267,269,276,282,283,287,290,296,298],[3,9,13,14,17,24,25,29,30,31,38,40,41,42,46,50,51,58,60,63,71,72,80,85,88,91,95,99,101,102,107,111,114,117,129,138,139,143,147,150,151,157,159,167,168,169,179,180,181,187,197,202,207,212,217,222,224,230,233,237,240,241,243,244,248,268,277,278,279,285,288]].
[[1,2,6,19,26,28,32,34,36,39,43,45,47,48,49,67,70,74,79,83,84,87,89,90,93,94,103,108,121,127,128,132,133,141,142,145,146,153,162,166,170,174,182,183,185,189,192,194,196,199,201,204,205,206,211,213,214,225,232,242,246,249,253,256,257,258,259,260,262,264,273,274,275,284,292,295,297,299,300],[3,9,13,14,17,24,25,29,30,31,38,40,41,42,46,50,51,58,60,63,71,72,80,85,88,91,95,99,101,102,107,111,114,117,129,138,139,143,147,150,151,157,159,167,168,169,179,180,181,187,197,202,207,212,217,222,224,230,233,237,240,241,243,244,248,268,277,278,279,285,288],[5,7,8,16,20,22,35,44,55,56,57,59,61,62,65,66,75,76,81,86,96,97,98,106,109,112,113,115,119,120,123,124,134,140,144,149,155,156,158,171,172,178,184,186,188,198,210,215,220,226,227,228,229,231,235,238,245,247,251,252,265,266,267,269,276,282,283,287,290,296,298]].
[[5,7,8,16,20,22,35,44,55,56,57,59,61,62,65,66,75,76,81,86,96,97,98,106,109,112,113,115,119,120,123,124,134,140,144,149,155,156,158,171,172,178,184,186,188,198,210,215,220,226,227,228,229,231,235,238,245,247,251,252,265,266,267,269,276,282,283,287,290,296,298],[4,10,11,12,15,18,21,23,27,33,37,52,53,54,64,68,69,73,77,78,82,92,100,104,105,110,116,118,122,125,126,130,131,135,136,137,148,152,154,160,161,163,164,165,173,175,176,177,190,191,193,195,200,203,208,209,216,218,219,221,223,234,236,239,250,254,255,261,263,270,271,272,280,281,286,289,291,293,294],[1,2,6,19,26,28,32,34,36,39,43,45,47,48,49,67,70,74,79,83,84,87,89,90,93,94,103,108,121,127,128,132,133,141,142,145,146,153,162,166,170,174,182,183,185,189,192,194,196,199,201,204,205,206,211,213,214,225,232,242,246,249,253,256,257,258,259,260,262,264,273,274,275,284,292,295,297,299,300]].
[[3,9,13,14,17,24,25,29,30,31,38,40,41,42,46,50,51,58,60,63,71,72,80,85,88,91,95,99,101,102,107,111,114,117,129,138,139,143,147,150,151,157,159,167,168,169,179,180,181,187,197,202,207,212,217,222,224,230,233,237,240,241,243,244,248,268,277,278,279,285,288],[1,2,6,19,26,28,32,34,36,39,43,45,47,48,49,67,70,74,79,83,84,87,89,90,93,94,103,108,121,127,128,132,133,141,142,145,146,153,162,166,170,174,182,183,185,189,192,194,196,199,201,204,205,206,211,213,214,225,232,242,246,249,253,256,257,258,259,260,262,264,273,274,275,284,292,295,297,299,300],[4,10,11,12,15,18,21,23,27,33,37,52,53,54,64,68,69,73,77,78,82,92,100,104,105,110,116,118,122,125,126,130,131,135,136,137,148,152,154,160,161,163,164,165,173,175,176,177,190,191,193,195,200,203,208,209,216,218,219,221,223,234,236,239,250,254,255,261,263,270,271,272,280,281,286,289,291,293,294]].
[[3,9,13,14,17,24,25,29,30,31,38,40,41,42,46,50,51,58,60,63,71,72,80,85,88,91,95,99,101,102,107,111,114,117,129,138,139,143,147,150,151,157,159,167,168,169,179,180,181,187,197,202,207,212,217,222,224,230,233,237,240,241,243,244,248,268,277,278,279,285,288],[1,2,6,19,26,28,32,34,36,39,43,45,47,48,49,67,70,74,79,83,84,87,89,90,93,94,103,108,121,127,128,132,133,141,142,145,146,153,162,166,170,174,182,183,185,189,192,194,196,199,201,204,205,206,211,213,214,225,232,242,246,249,253,256,257,258,259,260,262,264,273,274,275,284,292,295,297,299,300],[4,10,11,12,15,18,21,23,27,33,37,52,53,54,64,68,69,73,77,78,82,92,100,104,105,110,116,118,122,125,126,130,131,135,136,137,148,152,154,160,161,163,164,165,173,175,176,177,190,191,193,195,200,203,208,209,216,218,219,221,223,234,236,239,250,254,255,261,263,270,271,272,280,281,286,289,291,293,294]].
[[4,10,11,12,15,18,21,23,27,33,37,52,53,54,64,68,69,73,77,78,82,92,100,104,105,110,116,118,122,125,126,130,131,135,136,137,148,152,154,160,161,163,164,165,173,175,176,177,190,191,193,195,200,203,208,209,216,218,219,221,223,234,236,239,250,254,255,261,263,270,271,272,280,281,286,289,291,293,294],[5,7,8,16,20,22,35,44,55,56,57,59,61,62,65,66,75,76,81,86,96,97,98,106,109,112,113,115,119,120,123,124,134,140,144,149,155,156,158,171,172,178,184,186,188,198,210,215,220,226,227,228,229,231,235,238,245,247,251,252,265,266,267,269,276,282,283,287,290,296,298],[3,9,13,14,17,24,25,29,30,31,38,40,41,42,46,50,51,58,60,63,71,72,80,85,88,91,95,99,101,102,107,111,114,117,129,138,139,143,147,150,151,157,159,167,168,169,179,180,181,187,197,202,207,212,217,222,224,230,233,237,240,241,243,244,248,268,277,278,279,285,288]].
[[5,7,8,16,20,22,35,44,55,56,57,59,61,62,65,66,75,76,81,86,96,97,98,106,109,112,113,115,119,120,123,124,134,140,144,149,155,156,158,171,172,178,184,186,188,198,210,215,220,226,227,228,229,231,235,238,245,247,251,252,265,266,267,269,276,282,283,287,290,296,298],[4,10,11,12,15,18,21,23,27,33,37,52,53,54,64,68,69,73,77,78,82,92,100,104,105,110,116,118,122,125,126,130,131,135,136,137,148,152,154,160,161,163,164,165,173,175,176,177,190,191,193,195,200,203,208,209,216,218,219,221,223,234,236,239,250,254,255,261,263,270,271,272,280,281,286,289,291,293,294],[1,2,6,19,26,28,32,34,36,39,43,45,47,48,49,67,70,74,79,83,84,87,89,90,93,94,103,108,121,127,128,132,133,141,142,145,146,153,162,166,170,174,182,183,185,189,192,194,196,199,201,204,205,206,211,213,214,225,232,242,246,249,253,256,257,258,259,260,262,264,273,274,275,284,292,295,297,299,300]].
[[3,9,13,14,17,24,25,29,30,31,38,40,41,42,46,50,51,58,60,63,71,72,80,85,88,91,95,99,101,102,107,111,114,117,129,138,139,143,147,150,151,157,159,167,168,169,179,180,181,187,197,202,207,212,217,222,224,230,233,237,240,241,243,244,248,268,277,278,279,285,288],[1,2,6,19,26,28,32,34,36,39,43,45,47,48,49,67,70,74,79,83,84,87,89,90,93,94,103,108,121,127,128,132,133,141,142,145,146,153,162,166,170,174,182,183,185,189,192,194,196,199,201,204,205,206,211,213,214,225,232,242,246,249,253,256,257,258,259,260,262,264,273,274,275,284,292,295,297,299,300],[4,10,11,12,15,18,21,23,27,33,37,52,53,54,64,68,69,73,77,78,82,92,100,104,105,110,116,118,122,125,126,130,131,135,136,137,148,152,154,160,161,163,164,165,173,175,176,177,190,191,193,195,200,203,208,209,216,218,219,221,223,234,236,239,250,254,255,261,263,270,271,272,280,281,286,289,291,293,294]].
[[3,9,13,14,17,24,25,29,30,31,38,40,41,42,46,50,51,58,60,63,71,72,80,85,88,91,95,99,101,102,107,111,114,117,129,138,139,143,147,150,151,157,159,167,168,169,179,180,181,187,197,202,207,212,217,222,224,230,233,237,240,241,243,244,248,268,277,278,279,285,288],[1,2,6,19,26,28,32,34,36,39,43,45,47,48,49,67,70,74,79,83,84,87,89,90,93,94,103,108,121,127,128,132,133,141,142,145,146,153,162,166,170,174,182,183,185,189,192,194,196,199,201,204,205,206,211,213,214,225,232,242,246,249,253,256,257,258,259,260,262,264,273,274,275,284,292,295,297,299,300],[4,10,11,12,15,18,21,23,27,33,37,52,53,54,64,68,69,73,77,78,82,92,100,104,105,110,116,118,122,125,126,130,131,135,136,137,148,152,154,160,161,163,164,165,173,175,176,177,190,191,193,195,200,203,208,209,216,218,219,221,223,234,236,239,250,254,255,261,263,270,271,272,280,281,286,289,291,293,294]].
[[5,7,8,16,20,22,35,44,55,56,57,59,61,62,65,66,75,76,81,86,96,97,98,106,109,112,113,115,119,120,123,124,134,140,144,149,155,156,158,171,172,178,184,186,188,198,210,215,220,226,227,228,229,231,235,238,245,247,251,252,265,266,267,269,276,282,283,287,290,296,298],[4,10,11,12,15,18,21,23,27,33,37,52,53,54,64,68,69,73,77,78,82,92,100,104,105,110,116,118,122,125,126,130,131,135,136,137,148,152,154,160,161,163,164,165,173,175,176,177,190,191,193,195,200,203,208,209,216,218,219,221,223,234,236,239,250,254,255,261,263,270,271,272,280,281,286,289,291,293,294],[1,2,6,19,26,28,32,34,36,39,43,45,47,48,49,67,70,74,79,83,84,87,89,90,93,94,103,108,121,127,128,132,133,141,142,145,146,153,162,166,170,174,182,183,185,189,192,194,196,199,201,204,205,206,211,213,214,225,232,242,246,249,253,256,257,258,259,260,262,264,273,274,275,284,292,295,297,299,300]].
[[1,2,6,19,26,28,32,34,36,39,43,45,47,48,49,67,70,74,79,83,84,87,89,90,93,94,103,108,121,127,128,132,133,141,142,145,146,153,162,166,170,174,182,183,185,189,192,194,196,199,201,204,205,206,211,213,214,225,232,242,246,249,253,256,257,258,259,260,262,264,273,274,275,284,292,295,297,299,300],[3,9,13,14,17,24,25,29,30,31,38,40,41,42,46,50,51,58,60,63,71,72,80,85,88,91,95,99,101,102,107,111,114,117,129,138,139,143,147,150,151,157,159,167,168,169,179,180,181,187,197,202,207,212,217,222,224,230,233,237,240,241,243,244,248,268,277,278,279,285,288],[5,7,8,16,20,22,35,44,55,56,57,59,61,62,65,66,75,76,81,86,96,97,98,106,109,112,113,115,119,120,123,124,134,140,144,149,155,156,158,171,172,178,184,186,188,198,210,215,220,226,227,228,229,231,235,238,245,247,251,252,265,266,267,269,276,282,283,287,290,296,298]].
[[1,2,6,19,26,28,32,34,36,39,43,45,47,48,49,67,70,74,79,83,84,87,89,90,93,94,103,108,121,127,128,132,133,141,142,145,146,153,162,166,170,174,182,183,185,189,192,194,196,199,201,204,205,206,211,213,214,225,232,242,246,249,253,256,257,258,259,260,262,264,273,274,275,284,292,295,297,299,300],[3,9,13,14,17,24,25,29,30,31,38,40,41,42,46,50,51,58,60,63,71,72,80,85,88,91,95,99,101,102,107,111,114,117,129,138,139,143,147,150,151,157,159,167,168,169,179,180,181,187,197,202,207,212,217,222,224,230,233,237,240,241,243,244,248,268,277,278,279,285,288],[5,7,8,16,20,22,35,44,55,56,57,59,61,62,65,66,75,76,81,86,96,97,98,106,109,112,113,115,119,120,123,124,134,140,144,149,155,156,158,171,172,178,184,186,188,198,210,215,220,226,227,228,229,231,235,238,245,247,251,252,265,266,267,269,276,282,283,287,290,296,298]].
[[3,9,13,14,17,24,25,29,30,31,38,40,41,42,46,50,51,58,60,63,71,72,80,85,88,91,95,99,101,102,107,111,114,117,129,138,139,143,147,150,151,157,159,167,168,169,179,180,181,187,197,202,207,212,217,222,224,230,233,237,240,241,243,244,248,268,277,278,279,285,288],[1,2,6,19,26,28,32,34,36,39,43,45,47,48,49,67,70,74,79,83,84,87,89,90,93,94,103,108,121,127,128,132,133,141,142,145,146,153,162,166,170,174,182,183,185,189,192,194,196,199,201,204,205,206,211,213,214,225,232,242,246,249,253,256,257,258,259,260,262,264,273,274,275,284,292,295,297,299,300],[4,10,11,12,15,18,21,23,27,33,37,52,53,54,64,68,69,73,77,78,82,92,100,104,105,110,116,118,122,125,126,130,131,135,136,137,148,152,154,160,161,163,164,165,173,175,176,177,190,191,193,195,200,203,208,209,216,218,219,221,223,234,236,239,250,254,255,261,263,270,271,272,280,281,286,289,291,293,294]].
[[1,2,6,19,26,28,32,34,36,39,43,45,47,48,49,67,70,74,79,83,84,87,89,90,93,94,103,108,121,127,128,132,133,141,142,145,146,153,162,166,170,174,182,183,185,189,192,194,196,199,201,204,205,206,211,213,214,225,232,242,246,249,253,256,257,258,259,260,262,264,273,274,275,284,292,295,297,299,300],[3,9,13,14,17,24,25,29,30,31,38,40,41,42,46,50,51,58,60,63,71,72,80,85,88,91,95,99,101,102,107,111,114,117,129,138,139,143,147,150,151,157,159,167,168,169,179,180,181,187,197,202,207,212,217,222,224,230,233,237,240,241,243,244,248,268,277,278,279,285,288],[5,7,8,16,20,22,35,44,55,56,57,59,61,62,65,66,75,76,81,86,96,97,98,106,109,112,113,115,119,120,123,124,134,140,144,149,155,156,158,171,172,178,184,186,188,198,210,215,220,226,227,228,229,231,235,238,245,247,251,252,265,266,267,269,276,282,283,287,290,296,298]].
[[4,10,11,12,15,18,21,23,27,33,37,52,53,54,64,68,69,73,77,78,82,92,100,104,105,110,116,118,122,125,126,130,131,135,136,137,148,152,154,160,161,163,164,165,173,175,176,177,190,191,193,195,200,203,208,209,216,218,219,221,223,234,236,239,250,254,255,261,263,270,271,272,280,281,286,289,291,293,294],[5,7,8,16,20,22,35,44,55,56,57,59,61,62,65,66,75,76,81,86,96,97,98,106,109,112,113,115,119,120,123,124,134,140,144,149,155,156,158,171,172,178,184,186,188,198,210,215,220,226,227,228,229,231,235,238,245,247,251,252,265,266,267,269,276,282,283,287,290,296,298],[3,9,13,14,17,24,25,29,30,31,38,40,41,42,46,50,51,58,60,63,71,72,80,85,88,91,95,99,101,102,107,111,114,117,129,138,139,143,147,150,151,157,159,167,168,169,179,180,181,187,197,202,207,212,217,222,224,230,233,237,240,241,243,244,248,268,277,278,279,285,288]].
[[3,9,13,14,17,24,25,29,30,31,38,40,41,42,46,50,51,58,60,63,71,72,80,85,88,91,95,99,101,102,107,111,114,117,129,138,139,143,147,150,151,157,159,167,168,169,179,180,181,187,197,202,207,212,217,222,224,230,233,237,240,241,243,244,248,268,277,278,279,285,288],[1,2,6,19,26,28,32,34,36,39,43,45,47,48,49,67,70,74,79,83,84,87,89,90,93,94,103,108,121,127,128,132,133,141,142,145,146,153,162,166,170,174,182,183,185,189,192,194,196,199,201,204,205,206,211,213,214,225,232,242,246,249,253,256,257,258,259,260,262,264,273,274,275,284,292,295,297,299,300],[4,10,11,12,15,18,21,23,27,33,37,52,53,54,64,68,69,73,77,78,82,92,100,104,105,110,116,118,122,125,126,130,131,135,136,137,148,152,154,160,161,163,164,165,173,175,176,177,190,191,193,195,200,203,208,209,216,218,219,221,223,234,236,239,250,254,255,261,263,270,271,272,280,281,286,289,291,293,294]].
[[3,9,13,14,17,24,25,29,30,31,38,40,41,42,46,50,51,58,60,63,71,72,80,85,88,91,95,99,101,102,107,111,114,117,129,138,139,143,147,150,151,157,159,167,168,169,179,180,181,187,197,202,207,212,217,222,224,230,233,237,240,241,243,244,248,268,277,278,279,285,288],[1,2,6,19,26,28,32,34,36,39,43,45,47,48,49,67,70,74,79,83,84,87,89,90,93,94,103,108,121,127,128,132,133,141,142,145,146,153,162,166,170,174,182,183,185,189,192,194,196,199,201,204,205,206,211,213,214,225,232,242,246,249,253,256,257,258,259,260,262,264,273,274,275,284,292,295,297,299,300],[4,10,11,12,15,18,21,23,27,33,37,52,53,54,64,68,69,73,77,78,82,92,100,104,105,110,116,118,122,125,126,130,131,135,136,137,148,152,154,160,161,163,164,165,173,175,176,177,190,191,193,195,200,203,208,209,216,218,219,221,223,234,236,239,250,254,255,261,263,270,271,272,280,281,286,289,291,293,294]].
[[5,7,8,16,20,22,35,44,55,56,57,59,61,62,65,66,75,76,81,86,96,97,98,106,109,112,113,115,119,120,123,124,134,140,144,149,155,156,158,171,172,178,184,186,188,198,210,215,220,226,227,228,229,231,235,238,245,247,251,252,265,266,267,269,276,282,283,287,290,296,298],[4,10,11,12,15,18,21,23,27,33,37,52,53,54,64,68,69,73,77,78,82,92,100,104,105,110,116,118,122,125,126,130,131,135,136,137,148,152,154,160,161,163,164,165,173,175,176,177,190,191,193,195,200,203,208,209,216,218,219,221,223,234,236,239,250,254,255,261,263,270,271,272,280,281,286,289,291,293,294],[1,2,6,19,26,28,32,34,36,39,43,45,47,48,49,67,70,74,79,83,84,87,89,90,93,94,103,108,121,127,128,132,133,141,142,145,146,153,162,166,170,174,182,183,185,189,192,194,196,199,201,204,205,206,211,213,214,225,232,242,246,249,253,256,257,258,259,260,262,264,273,274,275,284,292,295,297,299,300]].
[[4,10,11,12,15,18,21,23,27,33,37,52,53,54,64,68,69,73,77,78,82,92,100,104,105,110,116,118,122,125,126,130,131,135,136,137,148,152,154,160,161,163,164,165,173,175,176,177,190,191,193,195,200,203,208,209,216,218,219,221,223,234,236,239,250,254,255,261,263,270,271,272,280,281,286,289,291,293,294],[5,7,8,16,20,22,35,44,55,56,57,59,61,62,65,66,75,76,81,86,96,97,98,106,109,112,113,115,119,120,123,124,134,140,144,149,155,156,158,171,172,178,184,186,188,198,210,215,220,226,227,228,229,231,235,238,245,247,251,252,265,266,267,269,276,282,283,287,290,296,298],[3,9,13,14,17,24,25,29,30,31,38,40,41,42,46,50,51,58,60,63,71,72,80,85,88,91,95,99,101,102,107,111,114,117,129,138,139,143,147,150,151,157,159,167,168,169,179,180,181,187,197,202,207,212,217,222,224,230,233,237,240,241,243,244,248,268,277,278,279,285,288]].
[[3,9,13,14,17,24,25,29,30,31,38,40,41,42,46,50,51,58,60,63,71,72,80,85,88,91,95,99,101,102,107,111,114,117,129,138,139,143,147,150,151,157,159,167,168,169,179,180,181,187,197,202,207,212,217,222,224,230,233,237,240,241,243,244,248,268,277,278,279,285,288],[1,2,6,19,26,28,32,34,36,39,43,45,47,48,49,67,70,74,79,83,84,87,89,90,93,94,103,108,121,127,128,132,133,141,142,145,146,153,162,166,170,174,182,183,185,189,192,194,196,199,201,204,205,206,211,213,214,225,232,242,246,249,253,256,257,258,259,260,262,264,273,274,275,284,292,295,297,299,300],[4,10,11,12,15,18,21,23,27,33,37,52,53,54,64,68,69,73,77,78,82,92,100,104,105,110,116,118,122,125,126,130,131,135,136,137,148,152,154,160,161,163,164,165,173,175,176,177,190,191,193,195,200,203,208,209,216,218,219,221,223,234,236,239,250,254,255,261,263,270,271,272,280,281,286,289,291,293,294]].
[[1,2,6,19,26,28,32,34,36,39,43,45,47,48,49,67,70,74,79,83,84,87,89,90,93,94,103,108,121,127,128,132,133,141,142,145,146,153,162,166,170,174,182,183,185,189,192,194,196,199,201,204,205,206,211,213,214,225,232,242,246,249,253,256,257,258,259,260,262,264,273,274,275,284,292,295,297,299,300],[3,9,13,14,17,24,25,29,30,31,38,40,41,42,46,50,51,58,60,63,71,72,80,85,88,91,95,99,101,102,107,111,114,117,129,138,139,143,147,150,151,157,159,167,168,169,179,180,181,187,197,202,207,212,217,222,224,230,233,237,240,241,243,244,248,268,277,278,279,285,288],[5,7,8,16,20,22,35,44,55,56,57,59,61,62,65,66,75,76,81,86,96,97,98,106,109,112,113,115,119,120,123,124,134,140,144,149,155,156,158,171,172,178,184,186,188,198,210,215,220,226,227,228,229,231,235,238,245,247,251,252,265,266,267,269,276,282,283,287,290,296,298]].
[[4,10,11,12,15,18,21,23,27,33,37,52,53,54,64,68,69,73,77,78,82,92,100,104,105,110,116,118,122,125,126,130,131,135,136,137,148,152,154,160,161,163,164,165,173,175,176,177,190,191,193,195,200,203,208,209,216,218,219,221,223,234,236,239,250,254,255,261,263,270,271,272,280,281,286,289,291,293,294],[5,7,8,16,20,22,35,44,55,56,57,59,61,62,65,66,75,76,81,86,96,97,98,106,109,112,113,115,119,120,123,124,134,140,144,149,155,156,158,171,172,178,184,186,188,198,210,215,220,226,227,228,229,231,235,238,245,247,251,252,265,266,267,269,276,282,283,287,290,296,298],[3,9,13,14,17,24,25,29,30,31,38,40,41,42,46,50,51,58,60,63,71,72,80,85,88,91,95,99,101,102,107,111,114,117,129,138,139,143,147,150,151,157,159,167,168,169,179,180,181,187,197,202,207,212,217,222,224,230,233,237,240,241,243,244,248,268,277,278,279,285,288]].
[[3,9,13,14,17,24,25,29,30,31,38,40,41,42,46,50,51,58,60,63,71,72,80,85,88,91,95,99,101,102,107,111,114,117,129,138,139,143,147,150,151,157,159,167,168,169,179,180,181,187,197,202,207,212,217,222,224,230,233,237,240,241,243,244,248,268,277,278,279,285,288],[1,2,6,19,26,28,32,34,36,39,43,45,47,48,49,67,70,74,79,83,84,87,89,90,93,94,103,108,121,127,128,132,133,141,142,145,146,153,162,166,170,174,182,183,185,189,192,194,196,199,201,204,205,206,211,213,214,225,232,242,246,249,253,256,257,258,259,260,262,264,273,274,275,284,292,295,297,299,300],[4,10,11,12,15,18,21,23,27,33,37,52,53,54,64,68,69,73,77,78,82,92,100,104,105,110,116,118,122,125,126,130,131,135,136,137,148,152,154,160,161,163,164,165,173,175,176,177,190,191,193,195,200,203,208,209,216,218,219,221,223,234,236,239,250,254,255,261,263,270,271,272,280,281,286,289,291,293,294]].
[[1,2,6,19,26,28,32,34,36,39,43,45,47,48,49,67,70,74,79,83,84,87,89,90,93,94,103,108,121,127,128,132,133,141,142,145,146,153,162,166,170,174,182,183,185,189,192,194,196,199,201,204,205,206,211,213,214,225,232,242,246,249,253,256,257,258,259,260,262,264,273,274,275,284,292,295,297,299,300],[3,9,13,14,17,24,25,29,30,31,38,40,41,42,46,50,51,58,60,63,71,72,80,85,88,91,95,99,101,102,107,111,114,117,129,138,139,143,147,150,151,157,159,167,168,169,179,180,181,187,197,202,207,212,217,222,224,230,233,237,240,241,243,244,248,268,277,278,279,285,288],[5,7,8,16,20,22,35,44,55,56,57,59,61,62,65,66,75,76,81,86,96,97,98,106,109,112,113,115,119,120,123,124,134,140,144,149,155,156,158,171,172,178,184,186,188,198,210,215,220,226,227,228,229,231,235,238,245,247,251,252,265,266,267,269,276,282,283,287,290,296,298]].
[[4,10,11,12,15,18,21,23,27,33,37,52,53,54,64,68,69,73,77,78,82,92,100,104,105,110,116,118,122,125,126,130,131,135,136,137,148,152,154,160,161,163,164,165,173,175,176,177,190,191,193,195,200,203,208,209,216,218,219,221,223,234,236,239,250,254,255,261,263,270,271,272,280,281,286,289,291,293,294],[5,7,8,16,20,22,35,44,55,56,57,59,61,62,65,66,75,76,81,86,96,97,98,106,109,112,113,115,119,120,123,124,134,140,144,149,155,156,158,171,172,178,184,186,188,198,210,215,220,226,227,228,229,231,235,238,245,247,251,252,265,266,267,269,276,282,283,287,290,296,298],[3,9,13,14,17,24,25,29,30,31,38,40,41,42,46,50,51,58,60,63,71,72,80,85,88,91,95,99,101,102,107,111,114,117,129,138,139,143,147,150,151,157,159,167,168,169,179,180,181,187,197,202,207,212,217,222,224,230,233,237,240,241,243,244,248,268,277,278,279,285,288]].
[[5,7,8,16,20,22,35,44,55,56,57,59,61,62,65,66,75,76,81,86,96,97,98,106,109,112,113,115,119,120,123,124,134,140,144,149,155,156,158,171,172,178,184,186,188,198,210,215,220,226,227,228,229,231,235,238,245,247,251,252,265,266,267,269,276,282,283,287,290,296,298],[4,10,11,12,15,18,21,23,27,33,37,52,53,54,64,68,69,73,77,78,82,92,100,104,105,110,116,118,122,125,126,130,131,135,136,137,148,152,154,160,161,163,164,165,173,175,176,177,190,191,193,195,200,203,208,209,216,218,219,221,223,234,236,239,250,254,255,261,263,270,271,272,280,281,286,289,291,293,294],[1,2,6,19,26,28,32,34,36,39,43,45,47,48,49,67,70,74,79,83,84,87,89,90,93,94,103,108,121,127,128,132,133,141,142,145,146,153,162,166,170,174,182,183,185,189,192,194,196,199,201,204,205,206,211,213,214,225,232,242,246,249,253,256,257,258,259,260,262,264,273,274,275,284,292,295,297,299,300]].
[[3,9,13,14,17,24,25,29,30,31,38,40,41,42,46,50,51,58,60,63,71,72,80,85,88,91,95,99,101,102,107,111,114,117,129,138,139,143,147,150,151,157,159,167,168,169,179,180,181,187,197,202,207,212,217,222,224,230,233,237,240,241,243,244,248,268,277,278,279,285,288],[1,2,6,19,26,28,32,34,36,39,43,45,47,48,49,67,70,74,79,83,84,87,89,90,93,94,103,108,121,127,128,132,133,141,142,145,146,153,162,166,170,174,182,183,185,189,192,194,196,199,201,204,205,206,211,213,214,225,232,242,246,249,253,256,257,258,259,260,262,264,273,274,275,284,292,295,297,299,300],[4,10,11,12,15,18,21,23,27,33,37,52,53,54,64,68,69,73,77,78,82,92,100,104,105,110,116,118,122,125,126,130,131,135,136,137,148,152,154,160,161,163,164,165,173,175,176,177,190,191,193,195,200,203,208,209,216,218,219,221,223,234,236,239,250,254,255,261,263,270,271,272,280,281,286,289,291,293,294]].
[[5,7,8,16,20,22,35,44,55,56,57,59,61,62,65,66,75,76,81,86,96,97,98,106,109,112,113,115,119,120,123,124,134,140,144,149,155,156,158,171,172,178,184,186,188,198,210,215,220,226,227,228,229,231,235,238,245,247,251,252,265,266,267,269,276,282,283,287,290,296,298],[4,10,11,12,15,18,21,23,27,33,37,52,53,54,64,68,69,73,77,78,82,92,100,104,105,110,116,118,122,125,126,130,131,135,136,137,148,152,154,160,161,163,164,165,173,175,176,177,190,191,193,195,200,203,208,209,216,218,219,221,223,234,236,239,250,254,255,261,263,270,271,272,280,281,286,289,291,293,294],[1,2,6,19,26,28,32,34,36,39,43,45,47,48,49,67,70,74,79,83,84,87,89,90,93,94,103,108,121,127,128,132,133,141,142,145,146,153,162,166,170,174,182,183,185,189,192,194,196,199,201,204,205,206,211,213,214,225,232,242,246,249,253,256,257,258,259,260,262,264,273,274,275,284,292,295,297,299,300]].
[[4,10,11,12,15,18,21,23,27,33,37,52,53,54,64,68,69,73,77,78,82,92,100,104,105,110,116,118,122,125,126,130,131,135,136,137,148,152,154,160,161,163,164,165,173,175,176,177,190,191,193,195,200,203,208,209,216,218,219,221,223,234,236,239,250,254,255,261,263,270,271,272,280,281,286,289,291,293,294],[5,7,8,16,20,22,35,44,55,56,57,59,61,62,65,66,75,76,81,86,96,97,98,106,109,112,113,115,119,120,123,124,134,140,144,149,155,156,158,171,172,178,184,186,188,198,210,215,220,226,227,228,229,231,235,238,245,247,251,252,265,266,267,269,276,282,283,287,290,296,298],[3,9,13,14,17,24,25,29,30,31,38,40,41,42,46,50,51,58,60,63,71,72,80,85,88,91,95,99,101,102,107,111,114,117,129,138,139,143,147,150,151,157,159,167,168,169,179,180,181,187,197,202,207,212,217,222,224,230,233,237,240,241,243,244,248,268,277,278,279,285,288]].
[[1,2,6,19,26,28,32,34,36,39,43,45,47,48,49,67,70,74,79,83,84,87,89,90,93,94,103,108,121,127,128,132,133,141,142,145,146,153,162,166,170,174,182,183,185,189,192,194,196,199,201,204,205,206,211,213,214,225,232,242,246,249,253,256,257,258,259,260,262,264,273,274,275,284,292,295,297,299,300],[3,9,13,14,17,24,25,29,30,31,38,40,41,42,46,50,51,58,60,63,71,72,80,85,88,91,95,99,101,102,107,111,114,117,129,138,139,143,147,150,151,157,159,167,168,169,179,180,181,187,197,202,207,212,217,222,224,230,233,237,240,241,243,244,248,268,277,278,279,285,288],[5,7,8,16,20,22,35,44,55,56,57,59,61,62,65,66,75,76,81,86,96,97,98,106,109,112,113,115,119,120,123,124,134,140,144,149,155,156,158,171,172,178,184,186,188,198,210,215,220,226,227,228,229,231,235,238,245,247,251,252,265,266,267,269,276,282,283,287,290,296,298]].
[[3,9,13,14,17,24,25,29,30,31,38,40,41,42,46,50,51,58,60,63,71,72,80,85,88,91,95,99,101,102,107,111,114,117,129,138,139,143,147,150,151,157,159,167,168,169,179,180,181,187,197,202,207,212,217,222,224,230,233,237,240,241,243,244,248,268,277,278,279,285,288],[1,2,6,19,26,28,32,34,36,39,43,45,47,48,49,67,70,74,79,83,84,87,89,90,93,94,103,108,121,127,128,132,133,141,142,145,146,153,162,166,170,174,182,183,185,189,192,194,196,199,201,204,205,206,211,213,214,225,232,242,246,249,253,256,257,258,259,260,262,264,273,274,275,284,292,295,297,299,300],[4,10,11,12,15,18,21,23,27,33,37,52,53,54,64,68,69,73,77,78,82,92,100,104,105,110,116,118,122,125,126,130,131,135,136,137,148,152,154,160,161,163,164,165,173,175,176,177,190,191,193,195,200,203,208,209,216,218,219,221,223,234,236,239,250,254,255,261,263,270,271,272,280,281,286,289,291,293,294]].
[[4,10,11,12,15,18,21,23,27,33,37,52,53,54,64,68,69,73,77,78,82,92,100,104,105,110,116,118,122,125,126,130,131,135,136,137,148,152,154,160,161,163,164,165,173,175,176,177,190,191,193,195,200,203,208,209,216,218,219,221,223,234,236,239,250,254,255,261,263,270,271,272,280,281,286,289,291,293,294],[5,7,8,16,20,22,35,44,55,56,57,59,61,62,65,66,75,76,81,86,96,97,98,106,109,112,113,115,119,120,123,124,134,140,144,149,155,156,158,171,172,178,184,186,188,198,210,215,220,226,227,228,229,231,235,238,245,247,251,252,265,266,267,269,276,282,283,287,290,296,298],[3,9,13,14,17,24,25,29,30,31,38,40,41,42,46,50,51,58,60,63,71,72,80,85,88,91,95,99,101,102,107,111,114,117,129,138,139,143,147,150,151,157,159,167,168,169,179,180,181,187,197,202,207,212,217,222,224,230,233,237,240,241,243,244,248,268,277,278,279,285,288]].
[[4,10,11,12,15,18,21,23,27,33,37,52,53,54,64,68,69,73,77,78,82,92,100,104,105,110,116,118,122,125,126,130,131,135,136,137,148,152,154,160,161,163,164,165,173,175,176,177,190,191,193,195,200,203,208,209,216,218,219,221,223,234,236,239,250,254,255,261,263,270,271,272,280,281,286,289,291,293,294],[5,7,8,16,20,22,35,44,55,56,57,59,61,62,65,66,75,76,81,86,96,97,98,106,109,112,113,115,119,120,123,124,134,140,144,149,155,156,158,171,172,178,184,186,188,198,210,215,220,226,227,228,229,231,235,238,245,247,251,252,265,266,267,269,276,282,283,287,290,296,298],[3,9,13,14,17,24,25,29,30,31,38,40,41,42,46,50,51,58,60,63,71,72,80,85,88,91,95,99,101,102,107,111,114,117,129,138,139,143,147,150,151,157,159,167,168,169,179,180,181,187,197,202,207,212,217,222,224,230,233,237,240,241,243,244,248,268,277,278,279,285,288]].
[[5,7,8,16,20,22,35,44,55,56,57,59,61,62,65,66,75,76,81,86,96,97,98,106,109,112,113,115,119,120,123,124,134,140,144,149,155,156,158,171,172,178,184,186,188,198,210,215,220,226,227,228,229,231,235,238,245,247,251,252,265,266,267,269,276,282,283,287,290,296,298],[4,10,11,12,15,18,21,23,27,33,37,52,53,54,64,68,69,73,77,78,82,92,100,104,105,110,116,118,122,125,126,130,131,135,136,137,148,152,154,160,161,163,164,165,173,175,176,177,190,191,193,195,200,203,208,209,216,218,219,221,223,234,236,239,250,254,255,261,263,270,271,272,280,281,286,289,291,293,294],[1,2,6,19,26,28,32,34,36,39,43,45,47,48,49,67,70,74,79,83,84,87,89,90,93,94,103,108,121,127,128,132,133,141,142,145,146,153,162,166,170,174,182,183,185,189,192,194,196,199,201,204,205,206,211,213,214,225,232,242,246,249,253,256,257,258,259,260,262,264,273,274,275,284,292,295,297,299,300]].
[[5,7,8,16,20,22,35,44,55,56,57,59,61,62,65,66,75,76,81,86,96,97,98,106,109,112,113,115,119,120,123,124,134,140,144,149,155,156,158,171,172,178,184,186,188,198,210,215,220,226,227,228,229,231,235,238,245,247,251,252,265,266,267,269,276,282,283,287,290,296,298],[4,10,11,12,15,18,21,23,27,33,37,52,53,54,64,68,69,73,77,78,82,92,100,104,105,110,116,118,122,125,126,130,131,135,136,137,148,152,154,160,161,163,164,165,173,175,176,177,190,191,193,195,200,203,208,209,216,218,219,221,223,234,236,239,250,254,255,261,263,270,271,272,280,281,286,289,291,293,294],[1,2,6,19,26,28,32,34,36,39,43,45,47,48,49,67,70,74,79,83,84,87,89,90,93,94,103,108,121,127,128,132,133,141,142,145,146,153,162,166,170,174,182,183,185,189,192,194,196,199,201,204,205,206,211,213,214,225,232,242,246,249,253,256,257,258,259,260,262,264,273,274,275,284,292,295,297,299,300]].
[[1,2,6,19,26,28,32,34,36,39,43,45,47,48,49,67,70,74,79,83,84,87,89,90,93,94,103,108,121,127,128,132,133,141,142,145,146,153,162,166,170,174,182,183,185,189,192,194,196,199,201,204,205,206,211,213,214,225,232,242,246,249,253,256,257,258,259,260,262,264,273,274,275,284,292,295,297,299,300],[3,9,13,14,17,24,25,29,30,31,38,40,41,42,46,50,51,58,60,63,71,72,80,85,88,91,95,99,101,102,107,111,114,117,129,138,139,143,147,150,151,157,159,167,168,169,179,180,181,187,197,202,207,212,217,222,224,230,233,237,240,241,243,244,248,268,277,278,279,285,288],[5,7,8,16,20,22,35,44,55,56,57,59,61,62,65,66,75,76,81,86,96,97,98,106,109,112,113,115,119,120,123,124,134,140,144,149,155,156,158,171,172,178,184,186,188,198,210,215,220,226,227,228,229,231,235,238,245,247,251,252,265,266,267,269,276,282,283,287,290,296,298]].
[[1,2,6,19,26,28,32,34,36,39,43,45,47,48,49,67,70,74,79,83,84,87,89,90,93,94,103,108,121,127,128,132,133,141,142,145,146,153,162,166,170,174,182,183,185,189,192,194,196,199,201,204,205,206,211,213,214,225,232,242,246,249,253,256,257,258,259,260,262,264,273,274,275,284,292,295,297,299,300],[3,9,13,14,17,24,25,29,30,31,38,40,41,42,46,50,51,58,60,63,71,72,80,85,88,91,95,99,101,102,107,111,114,117,129,138,139,143,147,150,151,157,159,167,168,169,179,180,181,187,197,202,207,212,217,222,224,230,233,237,240,241,243,244,248,268,277,278,279,285,288],[5,7,8,16,20,22,35,44,55,56,57,59,61,62,65,66,75,76,81,86,96,97,98,106,109,112,113,115,119,120,123,124,134,140,144,149,155,156,158,171,172,178,184,186,188,198,210,215,220,226,227,228,229,231,235,238,245,247,251,252,265,266,267,269,276,282,283,287,290,296,298]].
