[[6,7,10,16,19,21,31,34,36,43,46,49,52,55,60,66,67,69,71,73,80,81,92,94,105,107,108,109,111,112,119,131,133,138,139,143,150,153,156,183,189,190,192,193,196,197,199,201,203,207,211,212,213,222,224,228,231,233,235,249,254,262,263,266,269,274,279,283,288,290,291,294,296,298,299,300],[23,37,45,54,62,65,85,101,102,106,110,113,121,122,130,132,134,147,155,157,158,159,166,168,173,175,176,198,202,204,205,206,217,220,223,225,241,261,276,281,282,287,292,293],[1,2,3,4,9,11,12,13,14,20,25,32,33,39,42,50,51,53,56,61,64,72,74,76,78,82,83,84,86,89,90,91,93,95,97,98,100,104,116,117,123,124,126,127,129,135,136,140,141,142,144,146,148,149,151,152,154,161,162,172,177,179,181,182,186,194,200,208,210,214,215,218,226,227,230,232,234,236,237,238,239,240,242,244,245,247,250,252,253,256,258,259,265,268,270,271,272,275,278,284,285,286,289,295]].
[[5,8,15,17,18,22,24,26,27,28,29,30,35,38,40,41,44,47,48,57,58,59,63,68,70,75,77,79,87,88,96,99,103,114,115,118,120,125,128,137,145,160,163,164,165,167,169,170,171,174,178,180,184,185,187,188,191,195,209,216,219,221,229,243,246,248,251,255,257,260,264,267,273,277,280,297],[1,2,3,4,9,11,12,13,14,20,25,32,33,39,42,50,51,53,56,61,64,72,74,76,78,82,83,84,86,89,90,91,93,95,97,98,100,104,116,117,123,124,126,127,129,135,136,140,141,142,144,146,148,149,151,152,154,161,162,172,177,179,181,182,186,194,200,208,210,214,215,218,226,227,230,232,234,236,237,238,239,240,242,244,245,247,250,252,253,256,258,259,265,268,270,271,272,275,278,284,285,286,289,295],[23,37,45,54,62,65,85,101,102,106,110,113,121,122,130,132,134,147,155,157,158,159,166,168,173,175,176,198,202,204,205,206,217,220,223,225,241,261,276,281,282,287,292,293]].
[[23,37,45,54,62,65,85,101,102,106,110,113,121,122,130,132,134,147,155,157,158,159,166,168,173,175,176,198,202,204,205,206,217,220,223,225,241,261,276,281,282,287,292,293],[6,7,10,16,19,21,31,34,36,43,46,49,52,55,60,66,67,69,71,73,80,81,92,94,105,107,108,109,111,112,119,131,133,138,139,143,150,153,156,183,189,190,192,193,196,197,199,201,203,207,211,212,213,222,224,228,231,233,235,249,254,262,263,266,269,274,279,283,288,290,291,294,296,298,299,300],[5,8,15,17,18,22,24,26,27,28,29,30,35,38,40,41,44,47,48,57,58,59,63,68,70,75,77,79,87,88,96,99,103,114,115,118,120,125,128,137,145,160,163,164,165,167,169,170,171,174,178,180,184,185,187,188,191,195,209,216,219,221,229,243,246,248,251,255,257,260,264,267,273,277,280,297]].
[[5,8,15,17,18,22,24,26,27,28,29,30,35,38,40,41,44,47,48,57,58,59,63,68,70,75,77,79,87,88,96,99,103,114,115,118,120,125,128,137,145,160,163,164,165,167,169,170,171,174,178,180,184,185,187,188,191,195,209,216,219,221,229,243,246,248,251,255,257,260,264,267,273,277,280,297],[1,2,3,4,9,11,12,13,14,20,25,32,33,39,42,50,51,53,56,61,64,72,74,76,78,82,83,84,86,89,90,91,93,95,97,98,100,104,116,117,123,124,126,127,129,135,136,140,141,142,144,146,148,149,151,152,154,161,162,172,177,179,181,182,186,194,200,208,210,214,215,218,226,227,230,232,234,236,237,238,239,240,242,244,245,247,250,252,253,256,258,259,265,268,270,271,272,275,278,284,285,286,289,295],[23,37,45,54,62,65,85,101,102,106,110,113,121,122,130,132,134,147,155,157,158,159,166,168,173,175,176,198,202,204,205,206,217,220,223,225,241,261,276,281,282,287,292,293]].
[[1,2,3,4,9,11,12,13,14,20,25,32,33,39,42,50,51,53,56,61,64,72,74,76,78,82,83,84,86,89,90,91,93,95,97,98,100,104,116,117,123,124,126,127,129,135,136,140,141,142,144,146,148,149,151,152,154,161,162,172,177,179,181,182,186,194,200,208,210,214,215,218,226,227,230,232,234,236,237,238,239,240,242,244,245,247,250,252,253,256,258,259,265,268,270,271,272,275,278,284,285,286,289,295],[5,8,15,17,18,22,24,26,27,28,29,30,35,38,40,41,44,47,48,57,58,59,63,68,70,75,77,79,87,88,96,99,103,114,115,118,120,125,128,137,145,160,163,164,165,167,169,170,171,174,178,180,184,185,187,188,191,195,209,216,219,221,229,243,246,248,251,255,257,260,264,267,273,277,280,297],[6,7,10,16,19,21,31,34,36,43,46,49,52,55,60,66,67,69,71,73,80,81,92,94,105,107,108,109,111,112,119,131,133,138,139,143,150,153,156,183,189,190,192,193,196,197,199,201,203,207,211,212,213,222,224,228,231,233,235,249,254,262,263,266,269,274,279,283,288,290,291,294,296,298,299,300]].
[[23,37,45,54,62,65,85,101,102,106,110,113,121,122,130,132,134,147,155,157,158,159,166,168,173,175,176,198,202,204,205,206,217,220,223,225,241,261,276,281,282,287,292,293],[6,7,10,16,19,21,31,34,36,43,46,49,52,55,60,66,67,69,71,73,80,81,92,94,105,107,108,109,111,112,119,131,133,138,139,143,150,153,156,183,189,190,192,193,196,197,199,201,203,207,211,212,213,222,224,228,231,233,235,249,254,262,263,266,269,274,279,283,288,290,291,294,296,298,299,300],[5,8,15,17,18,22,24,26,27,28,29,30,35,38,40,41,44,47,48,57,58,59,63,68,70,75,77,79,87,88,96,99,103,114,115,118,120,125,128,137,145,160,163,164,165,167,169,170,171,174,178,180,184,185,187,188,191,195,209,216,219,221,229,243,246,248,251,255,257,260,264,267,273,277,280,297]].
[[6,7,10,16,19,21,31,34,36,43,46,49,52,55,60,66,67,69,71,73,80,81,92,94,105,107,108,109,111,112,119,131,133,138,139,143,150,153,156,183,189,190,192,193,196,197,199,201,203,207,211,212,213,222,224,228,231,233,235,249,254,262,263,266,269,274,279,283,288,290,291,294,296,298,299,300],[23,37,45,54,62,65,85,101,102,106,110,113,121,122,130,132,134,147,155,157,158,159,166,168,173,175,176,198,202,204,205,206,217,220,223,225,241,261,276,281,282,287,292,293],[1,2,3,4,9,11,12,13,14,20,25,32,33,39,42,50,51,53,56,61,64,72,74,76,78,82,83,84,86,89,90,91,93,95,97,98,100,104,116,117,123,124,126,127,129,135,136,140,141,142,144,146,148,149,151,152,154,161,162,172,177,179,181,182,186,194,200,208,210,214,215,218,226,227,230,232,234,236,237,238,239,240,242,244,245,247,250,252,253,256,258,259,265,268,270,271,272,275,278,284,285,286,289,295]].
[[5,8,15,17,18,22,24,26,27,28,29,30,35,38,40,41,44,47,48,57,58,59,63,68,70,75,77,79,87,88,96,99,103,114,115,118,120,125,128,137,145,160,163,164,165,167,169,170,171,174,178,180,184,185,187,188,191,195,209,216,219,221,229,243,246,248,251,255,257,260,264,267,273,277,280,297],[1,2,3,4,9,11,12,13,14,20,25,32,33,39,42,50,51,53,56,61,64,72,74,76,78,82,83,84,86,89,90,91,93,95,97,98,100,104,116,117,123,124,126,127,129,135,136,140,141,142,144,146,148,149,151,152,154,161,162,172,177,179,181,182,186,194,200,208,210,214,215,218,226,227,230,232,234,236,237,238,239,240,242,244,245,247,250,252,253,256,258,259,265,268,270,271,272,275,278,284,285,286,289,295],[23,37,45,54,62,65,85,101,102,106,110,113,121,122,130,132,134,147,155,157,158,159,166,168,173,175,176,198,202,204,205,206,217,220,223,225,241,261,276,281,282,287,292,293]].
[[1,2,3,4,9,11,12,13,14,20,25,32,33,39,42,50,51,53,56,61,64,72,74,76,78,82,83,84,86,89,90,91,93,95,97,98,100,104,116,117,123,124,126,127,129,135,136,140,141,142,144,146,148,149,151,152,154,161,162,172,177,179,181,182,186,194,200,208,210,214,215,218,226,227,230,232,234,236,237,238,239,240,242,244,245,247,250,252,253,256,258,259,265,268,270,271,272,275,278,284,285,286,289,295],[5,8,15,17,18,22,24,26,27,28,29,30,35,38,40,41,44,47,48,57,58,59,63,68,70,75,77,79,87,88,96,99,103,114,115,118,120,125,128,137,145,160,163,164,165,167,169,170,171,174,178,180,184,185,187,188,191,195,209,216,219,221,229,243,246,248,251,255,257,260,264,267,273,277,280,297],[6,7,10,16,19,21,31,34,36,43,46,49,52,55,60,66,67,69,71,73,80,81,92,94,105,107,108,109,111,112,119,131,133,138,139,143,150,153,156,183,189,190,192,193,196,197,199,201,203,207,211,212,213,222,224,228,231,233,235,249,254,262,263,266,269,274,279,283,288,290,291,294,296,298,299,300]].
[[5,8,15,17,18,22,24,26,27,28,29,30,35,38,40,41,44,47,48,57,58,59,63,68,70,75,77,79,87,88,96,99,103,114,115,118,120,125,128,137,145,160,163,164,165,167,169,170,171,174,178,180,184,185,187,188,191,195,209,216,219,221,229,243,246,248,251,255,257,260,264,267,273,277,280,297],[1,2,3,4,9,11,12,13,14,20,25,32,33,39,42,50,51,53,56,61,64,72,74,76,78,82,83,84,86,89,90,91,93,95,97,98,100,104,116,117,123,124,126,127,129,135,136,140,141,142,144,146,148,149,151,152,154,161,162,172,177,179,181,182,186,194,200,208,210,214,215,218,226,227,230,232,234,236,237,238,239,240,242,244,245,247,250,252,253,256,258,259,265,268,270,271,272,275,278,284,285,286,289,295],[23,37,45,54,62,65,85,101,102,106,110,113,121,122,130,132,134,147,155,157,158,159,166,168,173,175,176,198,202,204,205,206,217,220,223,225,241,261,276,281,282,287,292,293]].
[[1,2,3,4,9,11,12,13,14,20,25,32,33,39,42,50,51,53,56,61,64,72,74,76,78,82,83,84,86,89,90,91,93,95,97,98,100,104,116,117,123,124,126,127,129,135,136,140,141,142,144,146,148,149,151,152,154,161,162,172,177,179,181,182,186,194,200,208,210,214,215,218,226,227,230,232,234,236,237,238,239,240,242,244,245,247,250,252,253,256,258,259,265,268,270,271,272,275,278,284,285,286,289,295],[5,8,15,17,18,22,24,26,27,28,29,30,35,38,40,41,44,47,48,57,58,59,63,68,70,75,77,79,87,88,96,99,103,114,115,118,120,125,128,137,145,160,163,164,165,167,169,170,171,174,178,180,184,185,187,188,191,195,209,216,219,221,229,243,246,248,251,255,257,260,264,267,273,277,280,297],[6,7,10,16,19,21,31,34,36,43,46,49,52,55,60,66,67,69,71,73,80,81,92,94,105,107,108,109,111,112,119,131,133,138,139,143,150,153,156,183,189,190,192,193,196,197,199,201,203,207,211,212,213,222,224,228,231,233,235,249,254,262,263,266,269,274,279,283,288,290,291,294,296,298,299,300]].
[[5,8,15,17,18,22,24,26,27,28,29,30,35,38,40,41,44,47,48,57,58,59,63,68,70,75,77,79,87,88,96,99,103,114,115,118,120,125,128,137,145,160,163,164,165,167,169,170,171,174,178,180,184,185,187,188,191,195,209,216,219,221,229,243,246,248,251,255,257,260,264,267,273,277,280,297],[1,2,3,4,9,11,12,13,14,20,25,32,33,39,42,50,51,53,56,61,64,72,74,76,78,82,83,84,86,89,90,91,93,95,97,98,100,104,116,117,123,124,126,127,129,135,136,140,141,142,144,146,148,149,151,152,154,161,162,172,177,179,181,182,186,194,200,208,210,214,215,218,226,227,230,232,234,236,237,238,239,240,242,244,245,247,250,252,253,256,258,259,265,268,270,271,272,275,278,284,285,286,289,295],[23,37,45,54,62,65,85,101,102,106,110,113,121,122,130,132,134,147,155,157,158,159,166,168,173,175,176,198,202,204,205,206,217,220,223,225,241,261,276,281,282,287,292,293]].
[[5,8,15,17,18,22,24,26,27,28,29,30,35,38,40,41,44,47,48,57,58,59,63,68,70,75,77,79,87,88,96,99,103,114,115,118,120,125,128,137,145,160,163,164,165,167,169,170,171,174,178,180,184,185,187,188,191,195,209,216,219,221,229,243,246,248,251,255,257,260,264,267,273,277,280,297],[1,2,3,4,9,11,12,13,14,20,25,32,33,39,42,50,51,53,56,61,64,72,74,76,78,82,83,84,86,89,90,91,93,95,97,98,100,104,116,117,123,124,126,127,129,135,136,140,141,142,144,146,148,149,151,152,154,161,162,172,177,179,181,182,186,194,200,208,210,214,215,218,226,227,230,232,234,236,237,238,239,240,242,244,245,247,250,252,253,256,258,259,265,268,270,271,272,275,278,284,285,286,289,295],[23,37,45,54,62,65,85,101,102,106,110,113,121,122,130,132,134,147,155,157,158,159,166,168,173,175,176,198,202,204,205,206,217,220,223,225,241,261,276,281,282,287,292,293]].
[[1,2,3,4,9,11,12,13,14,20,25,32,33,39,42,50,51,53,56,61,64,72,74,76,78,82,83,84,86,89,90,91,93,95,97,98,100,104,116,117,123,124,126,127,129,135,136,140,141,142,144,146,148,149,151,152,154,161,162,172,177,179,181,182,186,194,200,208,210,214,215,218,226,227,230,232,234,236,237,238,239,240,242,244,245,247,250,252,253,256,258,259,265,268,270,271,272,275,278,284,285,286,289,295],[5,8,15,17,18,22,24,26,27,28,29,30,35,38,40,41,44,47,48,57,58,59,63,68,70,75,77,79,87,88,96,99,103,114,115,118,120,125,128,137,145,160,163,164,165,167,169,170,171,174,178,180,184,185,187,188,191,195,209,216,219,221,229,243,246,248,251,255,257,260,264,267,273,277,280,297],[6,7,10,16,19,21,31,34,36,43,46,49,52,55,60,66,67,69,71,73,80,81,92,94,105,107,108,109,111,112,119,131,133,138,139,143,150,153,156,183,189,190,192,193,196,197,199,201,203,207,211,212,213,222,224,228,231,233,235,249,254,262,263,266,269,274,279,283,288,290,291,294,296,298,299,300]].
[[23,37,45,54,62,65,85,101,102,106,110,113,121,122,130,132,134,147,155,157,158,159,166,168,173,175,176,198,202,204,205,206,217,220,223,225,241,261,276,281,282,287,292,293],[6,7,10,16,19,21,31,34,36,43,46,49,52,55,60,66,67,69,71,73,80,81,92,94,105,107,108,109,111,112,119,131,133,138,139,143,150,153,156,183,189,190,192,193,196,197,199,201,203,207,211,212,213,222,224,228,231,233,235,249,254,262,263,266,269,274,279,283,288,290,291,294,296,298,299,300],[5,8,15,17,18,22,24,26,27,28,29,30,35,38,40,41,44,47,48,57,58,59,63,68,70,75,77,79,87,88,96,99,103,114,115,118,120,125,128,137,145,160,163,164,165,167,169,170,171,174,178,180,184,185,187,188,191,195,209,216,219,221,229,243,246,248,251,255,257,260,264,267,273,277,280,297]].
[[23,37,45,54,62,65,85,101,102,106,110,113,121,122,130,132,134,147,155,157,158,159,166,168,173,175,176,198,202,204,205,206,217,220,223,225,241,261,276,281,282,287,292,293],[6,7,10,16,19,21,31,34,36,43,46,49,52,55,60,66,67,69,71,73,80,81,92,94,105,107,108,109,111,112,119,131,133,138,139,143,150,153,156,183,189,190,192,193,196,197,199,201,203,207,211,212,213,222,224,228,231,233,235,249,254,262,263,266,269,274,279,283,288,290,291,294,296,298,299,300],[5,8,15,17,18,22,24,26,27,28,29,30,35,38,40,41,44,47,48,57,58,59,63,68,70,75,77,79,87,88,96,99,103,114,115,118,120,125,128,137,145,160,163,164,165,167,169,170,171,174,178,180,184,185,187,188,191,195,209,216,219,221,229,243,246,248,251,255,257,260,264,267,273,277,280,297]].
[[6,7,10,16,19,21,31,34,36,43,46,49,52,55,60,66,67,69,71,73,80,81,92,94,105,107,108,109,111,112,119,131,133,138,139,143,150,153,156,183,189,190,192,193,196,197,199,201,203,207,211,212,213,222,224,228,231,233,235,249,254,262,263,266,269,274,279,283,288,290,291,294,296,298,299,300],[23,37,45,54,62,65,85,101,102,106,110,113,121,122,130,132,134,147,155,157,158,159,166,168,173,175,176,198,202,204,205,206,217,220,223,225,241,261,276,281,282,287,292,293],[1,2,3,4,9,11,12,13,14,20,25,32,33,39,42,50,51,53,56,61,64,72,74,76,78,82,83,84,86,89,90,91,93,95,97,98,100,104,116,117,123,124,126,127,129,135,136,140,141,142,144,146,148,149,151,152,154,161,162,172,177,179,181,182,186,194,200,208,210,214,215,218,226,227,230,232,234,236,237,238,239,240,242,244,245,247,250,252,253,256,258,259,265,268,270,271,272,275,278,284,285,286,289,295]].
[[23,37,45,54,62,65,85,101,102,106,110,113,121,122,130,132,134,147,155,157,158,159,166,168,173,175,176,198,202,204,205,206,217,220,223,225,241,261,276,281,282,287,292,293],[6,7,10,16,19,21,31,34,36,43,46,49,52,55,60,66,67,69,71,73,80,81,92,94,105,107,108,109,111,112,119,131,133,138,139,143,150,153,156,183,189,190,192,193,196,197,199,201,203,207,211,212,213,222,224,228,231,233,235,249,254,262,263,266,269,274,279,283,288,290,291,294,296,298,299,300],[5,8,15,17,18,22,24,26,27,28,29,30,35,38,40,41,44,47,48,57,58,59,63,68,70,75,77,79,87,88,96,99,103,114,115,118,120,125,128,137,145,160,163,164,165,167,169,170,171,174,178,180,184,185,187,188,191,195,209,216,219,221,229,243,246,248,251,255,257,260,264,267,273,277,280,297]].
[[1,2,3,4,9,11,12,13,14,20,25,32,33,39,42,50,51,53,56,61,64,72,74,76,78,82,83,84,86,89,90,91,93,95,97,98,100,104,116,117,123,124,126,127,129,135,136,140,141,142,144,146,148,149,151,152,154,161,162,172,177,179,181,182,186,194,200,208,210,214,215,218,226,227,230,232,234,236,237,238,239,240,242,244,245,247,250,252,253,256,258,259,265,268,270,271,272,275,278,284,285,286,289,295],[5,8,15,17,18,22,24,26,27,28,29,30,35,38,40,41,44,47,48,57,58,59,63,68,70,75,77,79,87,88,96,99,103,114,115,118,120,125,128,137,145,160,163,164,165,167,169,170,171,174,178,180,184,185,187,188,191,195,209,216,219,221,229,243,246,248,251,255,257,260,264,267,273,277,280,297],[6,7,10,16,19,21,31,34,36,43,46,49,52,55,60,66,67,69,71,73,80,81,92,94,105,107,108,109,111,112,119,131,133,138,139,143,150,153,156,183,189,190,192,193,196,197,199,201,203,207,211,212,213,222,224,228,231,233,235,249,254,262,263,266,269,274,279,283,288,290,291,294,296,298,299,300]].
[[5,8,15,17,18,22,24,26,27,28,29,30,35,38,40,41,44,47,48,57,58,59,63,68,70,75,77,79,87,88,96,99,103,114,115,118,120,125,128,137,145,160,163,164,165,167,169,170,171,174,178,180,184,185,187,188,191,195,209,216,219,221,229,243,246,248,251,255,257,260,264,267,273,277,280,297],[1,2,3,4,9,11,12,13,14,20,25,32,33,39,42,50,51,53,56,61,64,72,74,76,78,82,83,84,86,89,90,91,93,95,97,98,100,104,116,117,123,124,126,127,129,135,136,140,141,142,144,146,148,149,151,152,154,161,162,172,177,179,181,182,186,194,200,208,210,214,215,218,226,227,230,232,234,236,237,238,239,240,242,244,245,247,250,252,253,256,258,259,265,268,270,271,272,275,278,284,285,286,289,295],[23,37,45,54,62,65,85,101,102,106,110,113,121,122,130,132,134,147,155,157,158,159,166,168,173,175,176,198,202,204,205,206,217,220,223,225,241,261,276,281,282,287,292,293]].
[[6,7,10,16,19,21,31,34,36,43,46,49,52,55,60,66,67,69,71,73,80,81,92,94,105,107,108,109,111,112,119,131,133,138,139,143,150,153,156,183,189,190,192,193,196,197,199,201,203,207,211,212,213,222,224,228,231,233,235,249,254,262,263,266,269,274,279,283,288,290,291,294,296,298,299,300],[23,37,45,54,62,65,85,101,102,106,110,113,121,122,130,132,134,147,155,157,158,159,166,168,173,175,176,198,202,204,205,206,217,220,223,225,241,261,276,281,282,287,292,293],[1,2,3,4,9,11,12,13,14,20,25,32,33,39,42,50,51,53,56,61,64,72,74,76,78,82,83,84,86,89,90,91,93,95,97,98,100,104,116,117,123,124,126,127,129,135,136,140,141,142,144,146,148,149,151,152,154,161,162,172,177,179,181,182,186,194,200,208,210,214,215,218,226,227,230,232,234,236,237,238,239,240,242,244,245,247,250,252,253,256,258,259,265,268,270,271,272,275,278,284,285,286,289,295]].
[[23,37,45,54,62,65,85,101,102,106,110,113,121,122,130,132,134,147,155,157,158,159,166,168,173,175,176,198,202,204,205,206,217,220,223,225,241,261,276,281,282,287,292,293],[6,7,10,16,19,21,31,34,36,43,46,49,52,55,60,66,67,69,71,73,80,81,92,94,105,107,108,109,111,112,119,131,133,138,139,143,150,153,156,183,189,190,192,193,196,197,199,201,203,207,211,212,213,222,224,228,231,233,235,249,254,262,263,266,269,274,279,283,288,290,291,294,296,298,299,300],[5,8,15,17,18,22,24,26,27,28,29,30,35,38,40,41,44,47,48,57,58,59,63,68,70,75,77,79,87,88,96,99,103,114,115,118,120,125,128,137,145,160,163,164,165,167,169,170,171,174,178,180,184,185,187,188,191,195,209,216,219,221,229,243,246,248,251,255,257,260,264,267,273,277,280,297]].
[[23,37,45,54,62,65,85,101,102,106,110,113,121,122,130,132,134,147,155,157,158,159,166,168,173,175,176,198,202,204,205,206,217,220,223,225,241,261,276,281,282,287,292,293],[6,7,10,16,19,21,31,34,36,43,46,49,52,55,60,66,67,69,71,73,80,81,92,94,105,107,108,109,111,112,119,131,133,138,139,143,150,153,156,183,189,190,192,193,196,197,199,201,203,207,211,212,213,222,224,228,231,233,235,249,254,262,263,266,269,274,279,283,288,290,291,294,296,298,299,300],[5,8,15,17,18,22,24,26,27,28,29,30,35,38,40,41,44,47,48,57,58,59,63,68,70,75,77,79,87,88,96,99,103,114,115,118,120,125,128,137,145,160,163,164,165,167,169,170,171,174,178,180,184,185,187,188,191,195,209,216,219,221,229,243,246,248,251,255,257,260,264,267,273,277,280,297]].
[[1,2,3,4,9,11,12,13,14,20,25,32,33,39,42,50,51,53,56,61,64,72,74,76,78,82,83,84,86,89,90,91,93,95,97,98,100,104,116,117,123,124,126,127,129,135,136,140,141,142,144,146,148,149,151,152,154,161,162,172,177,179,181,182,186,194,200,208,210,214,215,218,226,227,230,232,234,236,237,238,239,240,242,244,245,247,250,252,253,256,258,259,265,268,270,271,272,275,278,284,285,286,289,295],[5,8,15,17,18,22,24,26,27,28,29,30,35,38,40,41,44,47,48,57,58,59,63,68,70,75,77,79,87,88,96,99,103,114,115,118,120,125,128,137,145,160,163,164,165,167,169,170,171,174,178,180,184,185,187,188,191,195,209,216,219,221,229,243,246,248,251,255,257,260,264,267,273,277,280,297],[6,7,10,16,19,21,31,34,36,43,46,49,52,55,60,66,67,69,71,73,80,81,92,94,105,107,108,109,111,112,119,131,133,138,139,143,150,153,156,183,189,190,192,193,196,197,199,201,203,207,211,212,213,222,224,228,231,233,235,249,254,262,263,266,269,274,279,283,288,290,291,294,296,298,299,300]].
[[23,37,45,54,62,65,85,101,102,106,110,113,121,122,130,132,134,147,155,157,158,159,166,168,173,175,176,198,202,204,205,206,217,220,223,225,241,261,276,281,282,287,292,293],[6,7,10,16,19,21,31,34,36,43,46,49,52,55,60,66,67,69,71,73,80,81,92,94,105,107,108,109,111,112,119,131,133,138,139,143,150,153,156,183,189,190,192,193,196,197,199,201,203,207,211,212,213,222,224,228,231,233,235,249,254,262,263,266,269,274,279,283,288,290,291,294,296,298,299,300],[5,8,15,17,18,22,24,26,27,28,29,30,35,38,40,41,44,47,48,57,58,59,63,68,70,75,77,79,87,88,96,99,103,114,115,118,120,125,128,137,145,160,163,164,165,167,169,170,171,174,178,180,184,185,187,188,191,195,209,216,219,221,229,243,246,248,251,255,257,260,264,267,273,277,280,297]].
[[5,8,15,17,18,22,24,26,27,28,29,30,35,38,40,41,44,47,48,57,58,59,63,68,70,75,77,79,87,88,96,99,103,114,115,118,120,125,128,137,145,160,163,164,165,167,169,170,171,174,178,180,184,185,187,188,191,195,209,216,219,221,229,243,246,248,251,255,257,260,264,267,273,277,280,297],[1,2,3,4,9,11,12,13,14,20,25,32,33,39,42,50,51,53,56,61,64,72,74,76,78,82,83,84,86,89,90,91,93,95,97,98,100,104,116,117,123,124,126,127,129,135,136,140,141,142,144,146,148,149,151,152,154,161,162,172,177,179,181,182,186,194,200,208,210,214,215,218,226,227,230,232,234,236,237,238,239,240,242,244,245,247,250,252,253,256,258,259,265,268,270,271,272,275,278,284,285,286,289,295],[23,37,45,54,62,65,85,101,102,106,110,113,121,122,130,132,134,147,155,157,158,159,166,168,173,175,176,198,202,204,205,206,217,220,223,225,241,261,276,281,282,287,292,293]].
[[6,7,10,16,19,21,31,34,36,43,46,49,52,55,60,66,67,69,71,73,80,81,92,94,105,107,108,109,111,112,119,131,133,138,139,143,150,153,156,183,189,190,192,193,196,197,199,201,203,207,211,212,213,222,224,228,231,233,235,249,254,262,263,266,269,274,279,283,288,290,291,294,296,298,299,300],[23,37,45,54,62,65,85,101,102,106,110,113,121,122,130,132,134,147,155,157,158,159,166,168,173,175,176,198,202,204,205,206,217,220,223,225,241,261,276,281,282,287,292,293],[1,2,3,4,9,11,12,13,14,20,25,32,33,39,42,50,51,53,56,61,64,72,74,76,78,82,83,84,86,89,90,91,93,95,97,98,100,104,116,117,123,124,126,127,129,135,136,140,141,142,144,146,148,149,151,152,154,161,162,172,177,179,181,182,186,194,200,208,210,214,215,218,226,227,230,232,234,236,237,238,239,240,242,244,245,247,250,252,253,256,258,259,265,268,270,271,272,275,278,284,285,286,289,295]].
[[1,2,3,4,9,11,12,13,14,20,25,32,33,39,42,50,51,53,56,61,64,72,74,76,78,82,83,84,86,89,90,91,93,95,97,98,100,104,116,117,123,124,126,127,129,135,136,140,141,142,144,146,148,149,151,152,154,161,162,172,177,179,181,182,186,194,200,208,210,214,215,218,226,227,230,232,234,236,237,238,239,240,242,244,245,247,250,252,253,256,258,259,265,268,270,271,272,275,278,284,285,286,289,295],[5,8,15,17,18,22,24,26,27,28,29,30,35,38,40,41,44,47,48,57,58,59,63,68,70,75,77,79,87,88,96,99,103,114,115,118,120,125,128,137,145,160,163,164,165,167,169,170,171,174,178,180,184,185,187,188,191,195,209,216,219,221,229,243,246,248,251,255,257,260,264,267,273,277,280,297],[6,7,10,16,19,21,31,34,36,43,46,49,52,55,60,66,67,69,71,73,80,81,92,94,105,107,108,109,111,112,119,131,133,138,139,143,150,153,156,183,189,190,192,193,196,197,199,201,203,207,211,212,213,222,224,228,231,233,235,249,254,262,263,266,269,274,279,283,288,290,291,294,296,298,299,300]].
[[23,37,45,54,62,65,85,101,102,106,110,113,121,122,130,132,134,147,155,157,158,159,166,168,173,175,176,198,202,204,205,206,217,220,223,225,241,261,276,281,282,287,292,293],[6,7,10,16,19,21,31,34,36,43,46,49,52,55,60,66,67,69,71,73,80,81,92,94,105,107,108,109,111,112,119,131,133,138,139,143,150,153,156,183,189,190,192,193,196,197,199,201,203,207,211,212,213,222,224,228,231,233,235,249,254,262,263,266,269,274,279,283,288,290,291,294,296,298,299,300],[5,8,15,17,18,22,24,26,27,28,29,30,35,38,40,41,44,47,48,57,58,59,63,68,70,75,77,79,87,88,96,99,103,114,115,118,120,125,128,137,145,160,163,164,165,167,169,170,171,174,178,180,184,185,187,188,191,195,209,216,219,221,229,243,246,248,251,255,257,260,264,267,273,277,280,297]].
[[6,7,10,16,19,21,31,34,36,43,46,49,52,55,60,66,67,69,71,73,80,81,92,94,105,107,108,109,111,112,119,131,133,138,139,143,150,153,156,183,189,190,192,193,196,197,199,201,203,207,211,212,213,222,224,228,231,233,235,249,254,262,263,266,269,274,279,283,288,290,291,294,296,298,299,300],[23,37,45,54,62,65,85,101,102,106,110,113,121,122,130,132,134,147,155,157,158,159,166,168,173,175,176,198,202,204,205,206,217,220,223,225,241,261,276,281,282,287,292,293],[1,2,3,4,9,11,12,13,14,20,25,32,33,39,42,50,51,53,56,61,64,72,74,76,78,82,83,84,86,89,90,91,93,95,97,98,100,104,116,117,123,124,126,127,129,135,136,140,141,142,144,146,148,149,151,152,154,161,162,172,177,179,181,182,186,194,200,208,210,214,215,218,226,227,230,232,234,236,237,238,239,240,242,244,245,247,250,252,253,256,258,259,265,268,270,271,272,275,278,284,285,286,289,295]].
[[6,7,10,16,19,21,31,34,36,43,46,49,52,55,60,66,67,69,71,73,80,81,92,94,105,107,108,109,111,112,119,131,133,138,139,143,150,153,156,183,189,190,192,193,196,197,199,201,203,207,211,212,213,222,224,228,231,233,235,249,254,262,263,266,269,274,279,283,288,290,291,294,296,298,299,300],[23,37,45,54,62,65,85,101,102,106,110,113,121,122,130,132,134,147,155,157,158,159,166,168,173,175,176,198,202,204,205,206,217,220,223,225,241,261,276,281,282,287,292,293],[1,2,3,4,9,11,12,13,14,20,25,32,33,39,42,50,51,53,56,61,64,72,74,76,78,82,83,84,86,89,90,91,93,95,97,98,100,104,116,117,123,124,126,127,129,135,136,140,141,142,144,146,148,149,151,152,154,161,162,172,177,179,181,182,186,194,200,208,210,214,215,218,226,227,230,232,234,236,237,238,239,240,242,244,245,247,250,252,253,256,258,259,265,268,270,271,272,275,278,284,285,286,289,295]].
[[23,37,45,54,62,65,85,101,102,106,110,113,121,122,130,132,134,147,155,157,158,159,166,168,173,175,176,198,202,204,205,206,217,220,223,225,241,261,276,281,282,287,292,293],[6,7,10,16,19,21,31,34,36,43,46,49,52,55,60,66,67,69,71,73,80,81,92,94,105,107,108,109,111,112,119,131,133,138,139,143,150,153,156,183,189,190,192,193,196,197,199,201,203,207,211,212,213,222,224,228,231,233,235,249,254,262,263,266,269,274,279,283,288,290,291,294,296,298,299,300],[5,8,15,17,18,22,24,26,27,28,29,30,35,38,40,41,44,47,48,57,58,59,63,68,70,75,77,79,87,88,96,99,103,114,115,118,120,125,128,137,145,160,163,164,165,167,169,170,171,174,178,180,184,185,187,188,191,195,209,216,219,221,229,243,246,248,251,255,257,260,264,267,273,277,280,297]].
[[23,37,45,54,62,65,85,101,102,106,110,113,121,122,130,132,134,147,155,157,158,159,166,168,173,175,176,198,202,204,205,206,217,220,223,225,241,261,276,281,282,287,292,293],[6,7,10,16,19,21,31,34,36,43,46,49,52,55,60,66,67,69,71,73,80,81,92,94,105,107,108,109,111,112,119,131,133,138,139,143,150,153,156,183,189,190,192,193,196,197,199,201,203,207,211,212,213,222,224,228,231,233,235,249,254,262,263,266,269,274,279,283,288,290,291,294,296,298,299,300],[5,8,15,17,18,22,24,26,27,28,29,30,35,38,40,41,44,47,48,57,58,59,63,68,70,75,77,79,87,88,96,99,103,114,115,118,120,125,128,137,145,160,163,164,165,167,169,170,171,174,178,180,184,185,187,188,191,195,209,216,219,221,229,243,246,248,251,255,257,260,264,267,273,277,280,297]].
[[23,37,45,54,62,65,85,101,102,106,110,113,121,122,130,132,134,147,155,157,158,159,166,168,173,175,176,198,202,204,205,206,217,220,223,225,241,261,276,281,282,287,292,293],[6,7,10,16,19,21,31,34,36,43,46,49,52,55,60,66,67,69,71,73,80,81,92,94,105,107,108,109,111,112,119,131,133,138,139,143,150,153,156,183,189,190,192,193,196,197,199,201,203,207,211,212,213,222,224,228,231,233,235,249,254,262,263,266,269,274,279,283,288,290,291,294,296,298,299,300],[5,8,15,17,18,22,24,26,27,28,29,30,35,38,40,41,44,47,48,57,58,59,63,68,70,75,77,79,87,88,96,99,103,114,115,118,120,125,128,137,145,160,163,164,165,167,169,170,171,174,178,180,184,185,187,188,191,195,209,216,219,221,229,243,246,248,251,255,257,260,264,267,273,277,280,297]].
[[23,37,45,54,62,65,85,101,102,106,110,113,121,122,130,132,134,147,155,157,158,159,166,168,173,175,176,198,202,204,205,206,217,220,223,225,241,261,276,281,282,287,292,293],[6,7,10,16,19,21,31,34,36,43,46,49,52,55,60,66,67,69,71,73,80,81,92,94,105,107,108,109,111,112,119,131,133,138,139,143,150,153,156,183,189,190,192,193,196,197,199,201,203,207,211,212,213,222,224,228,231,233,235,249,254,262,263,266,269,274,279,283,288,290,291,294,296,298,299,300],[5,8,15,17,18,22,24,26,27,28,29,30,35,38,40,41,44,47,48,57,58,59,63,68,70,75,77,79,87,88,96,99,103,114,115,118,120,125,128,137,145,160,163,164,165,167,169,170,171,174,178,180,184,185,187,188,191,195,209,216,219,221,229,243,246,248,251,255,257,260,264,267,273,277,280,297]].
[[5,8,15,17,18,22,24,26,27,28,29,30,35,38,40,41,44,47,48,57,58,59,63,68,70,75,77,79,87,88,96,99,103,114,115,118,120,125,128,137,145,160,163,164,165,167,169,170,171,174,178,180,184,185,187,188,191,195,209,216,219,221,229,243,246,248,251,255,257,260,264,267,273,277,280,297],[1,2,3,4,9,11,12,13,14,20,25,32,33,39,42,50,51,53,56,61,64,72,74,76,78,82,83,84,86,89,90,91,93,95,97,98,100,104,116,117,123,124,126,127,129,135,136,140,141,142,144,146,148,149,151,152,154,161,162,172,177,179,181,182,186,194,200,208,210,214,215,218,226,227,230,232,234,236,237,238,239,240,242,244,245,247,250,252,253,256,258,259,265,268,270,271,272,275,278,284,285,286,289,295],[23,37,45,54,62,65,85,101,102,106,110,113,121,122,130,132,134,147,155,157,158,159,166,168,173,175,176,198,202,204,205,206,217,220,223,225,241,261,276,281,282,287,292,293]].
[[1,2,3,4,9,11,12,13,14,20,25,32,33,39,42,50,51,53,56,61,64,72,74,76,78,82,83,84,86,89,90,91,93,95,97,98,100,104,116,117,123,124,126,127,129,135,136,140,141,142,144,146,148,149,151,152,154,161,162,172,177,179,181,182,186,194,200,208,210,214,215,218,226,227,230,232,234,236,237,238,239,240,242,244,245,247,250,252,253,256,258,259,265,268,270,271,272,275,278,284,285,286,289,295],[5,8,15,17,18,22,24,26,27,28,29,30,35,38,40,41,44,47,48,57,58,59,63,68,70,75,77,79,87,88,96,99,103,114,115,118,120,125,128,137,145,160,163,164,165,167,169,170,171,174,178,180,184,185,187,188,191,195,209,216,219,221,229,243,246,248,251,255,257,260,264,267,273,277,280,297],[6,7,10,16,19,21,31,34,36,43,46,49,52,55,60,66,67,69,71,73,80,81,92,94,105,107,108,109,111,112,119,131,133,138,139,143,150,153,156,183,189,190,192,193,196,197,199,201,203,207,211,212,213,222,224,228,231,233,235,249,254,262,263,266,269,274,279,283,288,290,291,294,296,298,299,300]].
[[5,8,15,17,18,22,24,26,27,28,29,30,35,38,40,41,44,47,48,57,58,59,63,68,70,75,77,79,87,88,96,99,103,114,115,118,120,125,128,137,145,160,163,164,165,167,169,170,171,174,178,180,184,185,187,188,191,195,209,216,219,221,229,243,246,248,251,255,257,260,264,267,273,277,280,297],[1,2,3,4,9,11,12,13,14,20,25,32,33,39,42,50,51,53,56,61,64,72,74,76,78,82,83,84,86,89,90,91,93,95,97,98,100,104,116,117,123,124,126,127,129,135,136,140,141,142,144,146,148,149,151,152,154,161,162,172,177,179,181,182,186,194,200,208,210,214,215,218,226,227,230,232,234,236,237,238,239,240,242,244,245,247,250,252,253,256,258,259,265,268,270,271,272,275,278,284,285,286,289,295],[23,37,45,54,62,65,85,101,102,106,110,113,121,122,130,132,134,147,155,157,158,159,166,168,173,175,176,198,202,204,205,206,217,220,223,225,241,261,276,281,282,287,292,293]].
[[6,7,10,16,19,21,31,34,36,43,46,49,52,55,60,66,67,69,71,73,80,81,92,94,105,107,108,109,111,112,119,131,133,138,139,143,150,153,156,183,189,190,192,193,196,197,199,201,203,207,211,212,213,222,224,228,231,233,235,249,254,262,263,266,269,274,279,283,288,290,291,294,296,298,299,300],[23,37,45,54,62,65,85,101,102,106,110,113,121,122,130,132,134,147,155,157,158,159,166,168,173,175,176,198,202,204,205,206,217,220,223,225,241,261,276,281,282,287,292,293],[1,2,3,4,9,11,12,13,14,20,25,32,33,39,42,50,51,53,56,61,64,72,74,76,78,82,83,84,86,89,90,91,93,95,97,98,100,104,116,117,123,124,126,127,129,135,136,140,141,142,144,146,148,149,151,152,154,161,162,172,177,179,181,182,186,194,200,208,210,214,215,218,226,227,230,232,234,236,237,238,239,240,242,244,245,247,250,252,253,256,258,259,265,268,270,271,272,275,278,284,285,286,289,295]].
[[23,37,45,54,62,65,85,101,102,106,110,113,121,122,130,132,134,147,155,157,158,159,166,168,173,175,176,198,202,204,205,206,217,220,223,225,241,261,276,281,282,287,292,293],[6,7,10,16,19,21,31,34,36,43,46,49,52,55,60,66,67,69,71,73,80,81,92,94,105,107,108,109,111,112,119,131,133,138,139,143,150,153,156,183,189,190,192,193,196,197,199,201,203,207,211,212,213,222,224,228,231,233,235,249,254,262,263,266,269,274,279,283,288,290,291,294,296,298,299,300],[5,8,15,17,18,22,24,26,27,28,29,30,35,38,40,41,44,47,48,57,58,59,63,68,70,75,77,79,87,88,96,99,103,114,115,118,120,125,128,137,145,160,163,164,165,167,169,170,171,174,178,180,184,185,187,188,191,195,209,216,219,221,229,243,246,248,251,255,257,260,264,267,273,277,280,297]].
[[6,7,10,16,19,21,31,34,36,43,46,49,52,55,60,66,67,69,71,73,80,81,92,94,105,107,108,109,111,112,119,131,133,138,139,143,150,153,156,183,189,190,192,193,196,197,199,201,203,207,211,212,213,222,224,228,231,233,235,249,254,262,263,266,269,274,279,283,288,290,291,294,296,298,299,300],[23,37,45,54,62,65,85,101,102,106,110,113,121,122,130,132,134,147,155,157,158,159,166,168,173,175,176,198,202,204,205,206,217,220,223,225,241,261,276,281,282,287,292,293],[1,2,3,4,9,11,12,13,14,20,25,32,33,39,42,50,51,53,56,61,64,72,74,76,78,82,83,84,86,89,90,91,93,95,97,98,100,104,116,117,123,124,126,127,129,135,136,140,141,142,144,146,148,149,151,152,154,161,162,172,177,179,181,182,186,194,200,208,210,214,215,218,226,227,230,232,234,236,237,238,239,240,242,244,245,247,250,252,253,256,258,259,265,268,270,271,272,275,278,284,285,286,289,295]].
[[1,2,3,4,9,11,12,13,14,20,25,32,33,39,42,50,51,53,56,61,64,72,74,76,78,82,83,84,86,89,90,91,93,95,97,98,100,104,116,117,123,124,126,127,129,135,136,140,141,142,144,146,148,149,151,152,154,161,162,172,177,179,181,182,186,194,200,208,210,214,215,218,226,227,230,232,234,236,237,238,239,240,242,244,245,247,250,252,253,256,258,259,265,268,270,271,272,275,278,284,285,286,289,295],[5,8,15,17,18,22,24,26,27,28,29,30,35,38,40,41,44,47,48,57,58,59,63,68,70,75,77,79,87,88,96,99,103,114,115,118,120,125,128,137,145,160,163,164,165,167,169,170,171,174,178,180,184,185,187,188,191,195,209,216,219,221,229,243,246,248,251,255,257,260,264,267,273,277,280,297],[6,7,10,16,19,21,31,34,36,43,46,49,52,55,60,66,67,69,71,73,80,81,92,94,105,107,108,109,111,112,119,131,133,138,139,143,150,153,156,183,189,190,192,193,196,197,199,201,203,207,211,212,213,222,224,228,231,233,235,249,254,262,263,266,269,274,279,283,288,290,291,294,296,298,299,300]].
[[23,37,45,54,62,65,85,101,102,106,110,113,121,122,130,132,134,147,155,157,158,159,166,168,173,175,176,198,202,204,205,206,217,220,223,225,241,261,276,281,282,287,292,293],[6,7,10,16,19,21,31,34,36,43,46,49,52,55,60,66,67,69,71,73,80,81,92,94,105,107,108,109,111,112,119,131,133,138,139,143,150,153,156,183,189,190,192,193,196,197,199,201,203,207,211,212,213,222,224,228,231,233,235,249,254,262,263,266,269,274,279,283,288,290,291,294,296,298,299,300],[5,8,15,17,18,22,24,26,27,28,29,30,35,38,40,41,44,47,48,57,58,59,63,68,70,75,77,79,87,88,96,99,103,114,115,118,120,125,128,137,145,160,163,164,165,167,169,170,171,174,178,180,184,185,187,188,191,195,209,216,219,221,229,243,246,248,251,255,257,260,264,267,273,277,280,297]].
[[23,37,45,54,62,65,85,101,102,106,110,113,121,122,130,132,134,147,155,157,158,159,166,168,173,175,176,198,202,204,205,206,217,220,223,225,241,261,276,281,282,287,292,293],[6,7,10,16,19,21,31,34,36,43,46,49,52,55,60,66,67,69,71,73,80,81,92,94,105,107,108,109,111,112,119,131,133,138,139,143,150,153,156,183,189,190,192,193,196,197,199,201,203,207,211,212,213,222,224,228,231,233,235,249,254,262,263,266,269,274,279,283,288,290,291,294,296,298,299,300],[5,8,15,17,18,22,24,26,27,28,29,30,35,38,40,41,44,47,48,57,58,59,63,68,70,75,77,79,87,88,96,99,103,114,115,118,120,125,128,137,145,160,163,164,165,167,169,170,171,174,178,180,184,185,187,188,191,195,209,216,219,221,229,243,246,248,251,255,257,260,264,267,273,277,280,297]].
[[23,37,45,54,62,65,85,101,102,106,110,113,121,122,130,132,134,147,155,157,158,159,166,168,173,175,176,198,202,204,205,206,217,220,223,225,241,261,276,281,282,287,292,293],[6,7,10,16,19,21,31,34,36,43,46,49,52,55,60,66,67,69,71,73,80,81,92,94,105,107,108,109,111,112,119,131,133,138,139,143,150,153,156,183,189,190,192,193,196,197,199,201,203,207,211,212,213,222,224,228,231,233,235,249,254,262,263,266,269,274,279,283,288,290,291,294,296,298,299,300],[5,8,15,17,18,22,24,26,27,28,29,30,35,38,40,41,44,47,48,57,58,59,63,68,70,75,77,79,87,88,96,99,103,114,115,118,120,125,128,137,145,160,163,164,165,167,169,170,171,174,178,180,184,185,187,188,191,195,209,216,219,221,229,243,246,248,251,255,257,260,264,267,273,277,280,297]].
[[6,7,10,16,19,21,31,34,36,43,46,49,52,55,60,66,67,69,71,73,80,81,92,94,105,107,108,109,111,112,119,131,133,138,139,143,150,153,156,183,189,190,192,193,196,197,199,201,203,207,211,212,213,222,224,228,231,233,235,249,254,262,263,266,269,274,279,283,288,290,291,294,296,298,299,300],[23,37,45,54,62,65,85,101,102,106,110,113,121,122,130,132,134,147,155,157,158,159,166,168,173,175,176,198,202,204,205,206,217,220,223,225,241,261,276,281,282,287,292,293],[1,2,3,4,9,11,12,13,14,20,25,32,33,39,42,50,51,53,56,61,64,72,74,76,78,82,83,84,86,89,90,91,93,95,97,98,100,104,116,117,123,124,126,127,129,135,136,140,141,142,144,146,148,149,151,152,154,161,162,172,177,179,181,182,186,194,200,208,210,214,215,218,226,227,230,232,234,236,237,238,239,240,242,244,245,247,250,252,253,256,258,259,265,268,270,271,272,275,278,284,285,286,289,295]].
[[6,7,10,16,19,21,31,34,36,43,46,49,52,55,60,66,67,69,71,73,80,81,92,94,105,107,108,109,111,112,119,131,133,138,139,143,150,153,156,183,189,190,192,193,196,197,199,201,203,207,211,212,213,222,224,228,231,233,235,249,254,262,263,266,269,274,279,283,288,290,291,294,296,298,299,300],[23,37,45,54,62,65,85,101,102,106,110,113,121,122,130,132,134,147,155,157,158,159,166,168,173,175,176,198,202,204,205,206,217,220,223,225,241,261,276,281,282,287,292,293],[1,2,3,4,9,11,12,13,14,20,25,32,33,39,42,50,51,53,56,61,64,72,74,76,78,82,83,84,86,89,90,91,93,95,97,98,100,104,116,117,123,124,126,127,129,135,136,140,141,142,144,146,148,149,151,152,154,161,162,172,177,179,181,182,186,194,200,208,210,214,215,218,226,227,230,232,234,236,237,238,239,240,242,244,245,247,250,252,253,256,258,259,265,268,270,271,272,275,278,284,285,286,289,295]].
[[5,8,15,17,18,22,24,26,27,28,29,30,35,38,40,41,44,47,48,57,58,59,63,68,70,75,77,79,87,88,96,99,103,114,115,118,120,125,128,137,145,160,163,164,165,167,169,170,171,174,178,180,184,185,187,188,191,195,209,216,219,221,229,243,246,248,251,255,257,260,264,267,273,277,280,297],[1,2,3,4,9,11,12,13,14,20,25,32,33,39,42,50,51,53,56,61,64,72,74,76,78,82,83,84,86,89,90,91,93,95,97,98,100,104,116,117,123,124,126,127,129,135,136,140,141,142,144,146,148,149,151,152,154,161,162,172,177,179,181,182,186,194,200,208,210,214,215,218,226,227,230,232,234,236,237,238,239,240,242,244,245,247,250,252,253,256,258,259,265,268,270,271,272,275,278,284,285,286,289,295],[23,37,45,54,62,65,85,101,102,106,110,113,121,122,130,132,134,147,155,157,158,159,166,168,173,175,176,198,202,204,205,206,217,220,223,225,241,261,276,281,282,287,292,293]].
[[1,2,3,4,9,11,12,13,14,20,25,32,33,39,42,50,51,53,56,61,64,72,74,76,78,82,83,84,86,89,90,91,93,95,97,98,100,104,116,117,123,124,126,127,129,135,136,140,141,142,144,146,148,149,151,152,154,161,162,172,177,179,181,182,186,194,200,208,210,214,215,218,226,227,230,232,234,236,237,238,239,240,242,244,245,247,250,252,253,256,258,259,265,268,270,271,272,275,278,284,285,286,289,295],[5,8,15,17,18,22,24,26,27,28,29,30,35,38,40,41,44,47,48,57,58,59,63,68,70,75,77,79,87,88,96,99,103,114,115,118,120,125,128,137,145,160,163,164,165,167,169,170,171,174,178,180,184,185,187,188,191,195,209,216,219,221,229,243,246,248,251,255,257,260,264,267,273,277,280,297],[6,7,10,16,19,21,31,34,36,43,46,49,52,55,60,66,67,69,71,73,80,81,92,94,105,107,108,109,111,112,119,131,133,138,139,143,150,153,156,183,189,190,192,193,196,197,199,201,203,207,211,212,213,222,224,228,231,233,235,249,254,262,263,266,269,274,279,283,288,290,291,294,296,298,299,300]].
