[[2,3,4,8,15,16,18,27,28,34,35,39,42,44,49,50,52,53,57,61,80,81,83,85,88,92,93,97,98,103,106,108,110,111,112,114,118,121,128,134,153,160,162,165,179,180,183,185,186,189,208,210,217,219,228,230,237,243,255,257,258,264,269,272,278,283,294],[1,6,7,9,10,11,12,19,22,23,25,29,30,36,41,43,45,46,47,48,51,54,58,59,62,63,64,69,71,77,79,84,86,91,94,99,101,107,109,113,116,117,120,124,127,129,131,132,135,137,139,141,142,143,145,147,149,151,154,157,161,164,167,171,172,173,174,176,178,181,184,187,188,195,199,200,201,202,203,211,212,214,215,221,224,225,229,232,236,241,246,247,250,252,253,254,256,262,267,270,274,276,277,279,286,289,292,293,296,297,298,299,300],[13,14,31,37,38,40,56,66,74,75,76,78,82,89,90,95,96,102,119,123,125,144,150,158,169,190,191,196,197,207,216,218,220,226,231,233,234,242,244,248,249,265,268,271,273,280,281,285,287,288,290,291,295]].
[[13,14,31,37,38,40,56,66,74,75,76,78,82,89,90,95,96,102,119,123,125,144,150,158,169,190,191,196,197,207,216,218,220,226,231,233,234,242,244,248,249,265,268,271,273,280,281,285,287,288,290,291,295],[5,17,20,21,24,26,32,33,55,60,65,67,68,70,72,73,87,100,104,105,115,122,126,130,133,136,138,140,146,148,152,155,156,159,163,166,168,170,175,177,182,192,193,194,198,204,205,206,209,213,222,223,227,235,238,239,240,245,251,259,260,261,263,266,275,282,284],[2,3,4,8,15,16,18,27,28,34,35,39,42,44,49,50,52,53,57,61,80,81,83,85,88,92,93,97,98,103,106,108,110,111,112,114,118,121,128,134,153,160,162,165,179,180,183,185,186,189,208,210,217,219,228,230,237,243,255,257,258,264,269,272,278,283,294]].
[[5,17,20,21,24,26,32,33,55,60,65,67,68,70,72,73,87,100,104,105,115,122,126,130,133,136,138,140,146,148,152,155,156,159,163,166,168,170,175,177,182,192,193,194,198,204,205,206,209,213,222,223,227,235,238,239,240,245,251,259,260,261,263,266,275,282,284],[13,14,31,37,38,40,56,66,74,75,76,78,82,89,90,95,96,102,119,123,125,144,150,158,169,190,191,196,197,207,216,218,220,226,231,233,234,242,244,248,249,265,268,271,273,280,281,285,287,288,290,291,295],[1,6,7,9,10,11,12,19,22,23,25,29,30,36,41,43,45,46,47,48,51,54,58,59,62,63,64,69,71,77,79,84,86,91,94,99,101,107,109,113,116,117,120,124,127,129,131,132,135,137,139,141,142,143,145,147,149,151,154,157,161,164,167,171,172,173,174,176,178,181,184,187,188,195,199,200,201,202,203,211,212,214,215,221,224,225,229,232,236,241,246,247,250,252,253,254,256,262,267,270,274,276,277,279,286,289,292,293,296,297,298,299,300]].
[[1,6,7,9,10,11,12,19,22,23,25,29,30,36,41,43,45,46,47,48,51,54,58,59,62,63,64,69,71,77,79,84,86,91,94,99,101,107,109,113,116,117,120,124,127,129,131,132,135,137,139,141,142,143,145,147,149,151,154,157,161,164,167,171,172,173,174,176,178,181,184,187,188,195,199,200,201,202,203,211,212,214,215,221,224,225,229,232,236,241,246,247,250,252,253,254,256,262,267,270,274,276,277,279,286,289,292,293,296,297,298,299,300],[2,3,4,8,15,16,18,27,28,34,35,39,42,44,49,50,52,53,57,61,80,81,83,85,88,92,93,97,98,103,106,108,110,111,112,114,118,121,128,134,153,160,162,165,179,180,183,185,186,189,208,210,217,219,228,230,237,243,255,257,258,264,269,272,278,283,294],[5,17,20,21,24,26,32,33,55,60,65,67,68,70,72,73,87,100,104,105,115,122,126,130,133,136,138,140,146,148,152,155,156,159,163,166,168,170,175,177,182,192,193,194,198,204,205,206,209,213,222,223,227,235,238,239,240,245,251,259,260,261,263,266,275,282,284]].
[[2,3,4,8,15,16,18,27,28,34,35,39,42,44,49,50,52,53,57,61,80,81,83,85,88,92,93,97,98,103,106,108,110,111,112,114,118,121,128,134,153,160,162,165,179,180,183,185,186,189,208,210,217,219,228,230,237,243,255,257,258,264,269,272,278,283,294],[1,6,7,9,10,11,12,19,22,23,25,29,30,36,41,43,45,46,47,48,51,54,58,59,62,63,64,69,71,77,79,84,86,91,94,99,101,107,109,113,116,117,120,124,127,129,131,132,135,137,139,141,142,143,145,147,149,151,154,157,161,164,167,171,172,173,174,176,178,181,184,187,188,195,199,200,201,202,203,211,212,214,215,221,224,225,229,232,236,241,246,247,250,252,253,254,256,262,267,270,274,276,277,279,286,289,292,293,296,297,298,299,300],[13,14,31,37,38,40,56,66,74,75,76,78,82,89,90,95,96,102,119,123,125,144,150,158,169,190,191,196,197,207,216,218,220,226,231,233,234,242,244,248,249,265,268,271,273,280,281,285,287,288,290,291,295]].
[[13,14,31,37,38,40,56,66,74,75,76,78,82,89,90,95,96,102,119,123,125,144,150,158,169,190,191,196,197,207,216,218,220,226,231,233,234,242,244,248,249,265,268,271,273,280,281,285,287,288,290,291,295],[5,17,20,21,24,26,32,33,55,60,65,67,68,70,72,73,87,100,104,105,115,122,126,130,133,136,138,140,146,148,152,155,156,159,163,166,168,170,175,177,182,192,193,194,198,204,205,206,209,213,222,223,227,235,238,239,240,245,251,259,260,261,263,266,275,282,284],[2,3,4,8,15,16,18,27,28,34,35,39,42,44,49,50,52,53,57,61,80,81,83,85,88,92,93,97,98,103,106,108,110,111,112,114,118,121,128,134,153,160,162,165,179,180,183,185,186,189,208,210,217,219,228,230,237,243,255,257,258,264,269,272,278,283,294]].
[[1,6,7,9,10,11,12,19,22,23,25,29,30,36,41,43,45,46,47,48,51,54,58,59,62,63,64,69,71,77,79,84,86,91,94,99,101,107,109,113,116,117,120,124,127,129,131,132,135,137,139,141,142,143,145,147,149,151,154,157,161,164,167,171,172,173,174,176,178,181,184,187,188,195,199,200,201,202,203,211,212,214,215,221,224,225,229,232,236,241,246,247,250,252,253,254,256,262,267,270,274,276,277,279,286,289,292,293,296,297,298,299,300],[2,3,4,8,15,16,18,27,28,34,35,39,42,44,49,50,52,53,57,61,80,81,83,85,88,92,93,97,98,103,106,108,110,111,112,114,118,121,128,134,153,160,162,165,179,180,183,185,186,189,208,210,217,219,228,230,237,243,255,257,258,264,269,272,278,283,294],[5,17,20,21,24,26,32,33,55,60,65,67,68,70,72,73,87,100,104,105,115,122,126,130,133,136,138,140,146,148,152,155,156,159,163,166,168,170,175,177,182,192,193,194,198,204,205,206,209,213,222,223,227,235,238,239,240,245,251,259,260,261,263,266,275,282,284]].
[[13,14,31,37,38,40,56,66,74,75,76,78,82,89,90,95,96,102,119,123,125,144,150,158,169,190,191,196,197,207,216,218,220,226,231,233,234,242,244,248,249,265,268,271,273,280,281,285,287,288,290,291,295],[5,17,20,21,24,26,32,33,55,60,65,67,68,70,72,73,87,100,104,105,115,122,126,130,133,136,138,140,146,148,152,155,156,159,163,166,168,170,175,177,182,192,193,194,198,204,205,206,209,213,222,223,227,235,238,239,240,245,251,259,260,261,263,266,275,282,284],[2,3,4,8,15,16,18,27,28,34,35,39,42,44,49,50,52,53,57,61,80,81,83,85,88,92,93,97,98,103,106,108,110,111,112,114,118,121,128,134,153,160,162,165,179,180,183,185,186,189,208,210,217,219,228,230,237,243,255,257,258,264,269,272,278,283,294]].
[[5,17,20,21,24,26,32,33,55,60,65,67,68,70,72,73,87,100,104,105,115,122,126,130,133,136,138,140,146,148,152,155,156,159,163,166,168,170,175,177,182,192,193,194,198,204,205,206,209,213,222,223,227,235,238,239,240,245,251,259,260,261,263,266,275,282,284],[13,14,31,37,38,40,56,66,74,75,76,78,82,89,90,95,96,102,119,123,125,144,150,158,169,190,191,196,197,207,216,218,220,226,231,233,234,242,244,248,249,265,268,271,273,280,281,285,287,288,290,291,295],[1,6,7,9,10,11,12,19,22,23,25,29,30,36,41,43,45,46,47,48,51,54,58,59,62,63,64,69,71,77,79,84,86,91,94,99,101,107,109,113,116,117,120,124,127,129,131,132,135,137,139,141,142,143,145,147,149,151,154,157,161,164,167,171,172,173,174,176,178,181,184,187,188,195,199,200,201,202,203,211,212,214,215,221,224,225,229,232,236,241,246,247,250,252,253,254,256,262,267,270,274,276,277,279,286,289,292,293,296,297,298,299,300]].
[[13,14,31,37,38,40,56,66,74,75,76,78,82,89,90,95,96,102,119,123,125,144,150,158,169,190,191,196,197,207,216,218,220,226,231,233,234,242,244,248,249,265,268,271,273,280,281,285,287,288,290,291,295],[5,17,20,21,24,26,32,33,55,60,65,67,68,70,72,73,87,100,104,105,115,122,126,130,133,136,138,140,146,148,152,155,156,159,163,166,168,170,175,177,182,192,193,194,198,204,205,206,209,213,222,223,227,235,238,239,240,245,251,259,260,261,263,266,275,282,284],[2,3,4,8,15,16,18,27,28,34,35,39,42,44,49,50,52,53,57,61,80,81,83,85,88,92,93,97,98,103,106,108,110,111,112,114,118,121,128,134,153,160,162,165,179,180,183,185,186,189,208,210,217,219,228,230,237,243,255,257,258,264,269,272,278,283,294]].
[[13,14,31,37,38,40,56,66,74,75,76,78,82,89,90,95,96,102,119,123,125,144,150,158,169,190,191,196,197,207,216,218,220,226,231,233,234,242,244,248,249,265,268,271,273,280,281,285,287,288,290,291,295],[5,17,20,21,24,26,32,33,55,60,65,67,68,70,72,73,87,100,104,105,115,122,126,130,133,136,138,140,146,148,152,155,156,159,163,166,168,170,175,177,182,192,193,194,198,204,205,206,209,213,222,223,227,235,238,239,240,245,251,259,260,261,263,266,275,282,284],[2,3,4,8,15,16,18,27,28,34,35,39,42,44,49,50,52,53,57,61,80,81,83,85,88,92,93,97,98,103,106,108,110,111,112,114,118,121,128,134,153,160,162,165,179,180,183,185,186,189,208,210,217,219,228,230,237,243,255,257,258,264,269,272,278,283,294]].
[[5,17,20,21,24,26,32,33,55,60,65,67,68,70,72,73,87,100,104,105,115,122,126,130,133,136,138,140,146,148,152,155,156,159,163,166,168,170,175,177,182,192,193,194,198,204,205,206,209,213,222,223,227,235,238,239,240,245,251,259,260,261,263,266,275,282,284],[13,14,31,37,38,40,56,66,74,75,76,78,82,89,90,95,96,102,119,123,125,144,150,158,169,190,191,196,197,207,216,218,220,226,231,233,234,242,244,248,249,265,268,271,273,280,281,285,287,288,290,291,295],[1,6,7,9,10,11,12,19,22,23,25,29,30,36,41,43,45,46,47,48,51,54,58,59,62,63,64,69,71,77,79,84,86,91,94,99,101,107,109,113,116,117,120,124,127,129,131,132,135,137,139,141,142,143,145,147,149,151,154,157,161,164,167,171,172,173,174,176,178,181,184,187,188,195,199,200,201,202,203,211,212,214,215,221,224,225,229,232,236,241,246,247,250,252,253,254,256,262,267,270,274,276,277,279,286,289,292,293,296,297,298,299,300]].
[[13,14,31,37,38,40,56,66,74,75,76,78,82,89,90,95,96,102,119,123,125,144,150,158,169,190,191,196,197,207,216,218,220,226,231,233,234,242,244,248,249,265,268,271,273,280,281,285,287,288,290,291,295],[5,17,20,21,24,26,32,33,55,60,65,67,68,70,72,73,87,100,104,105,115,122,126,130,133,136,138,140,146,148,152,155,156,159,163,166,168,170,175,177,182,192,193,194,198,204,205,206,209,213,222,223,227,235,238,239,240,245,251,259,260,261,263,266,275,282,284],[2,3,4,8,15,16,18,27,28,34,35,39,42,44,49,50,52,53,57,61,80,81,83,85,88,92,93,97,98,103,106,108,110,111,112,114,118,121,128,134,153,160,162,165,179,180,183,185,186,189,208,210,217,219,228,230,237,243,255,257,258,264,269,272,278,283,294]].
[[13,14,31,37,38,40,56,66,74,75,76,78,82,89,90,95,96,102,119,123,125,144,150,158,169,190,191,196,197,207,216,218,220,226,231,233,234,242,244,248,249,265,268,271,273,280,281,285,287,288,290,291,295],[5,17,20,21,24,26,32,33,55,60,65,67,68,70,72,73,87,100,104,105,115,122,126,130,133,136,138,140,146,148,152,155,156,159,163,166,168,170,175,177,182,192,193,194,198,204,205,206,209,213,222,223,227,235,238,239,240,245,251,259,260,261,263,266,275,282,284],[2,3,4,8,15,16,18,27,28,34,35,39,42,44,49,50,52,53,57,61,80,81,83,85,88,92,93,97,98,103,106,108,110,111,112,114,118,121,128,134,153,160,162,165,179,180,183,185,186,189,208,210,217,219,228,230,237,243,255,257,258,264,269,272,278,283,294]].
[[1,6,7,9,10,11,12,19,22,23,25,29,30,36,41,43,45,46,47,48,51,54,58,59,62,63,64,69,71,77,79,84,86,91,94,99,101,107,109,113,116,117,120,124,127,129,131,132,135,137,139,141,142,143,145,147,149,151,154,157,161,164,167,171,172,173,174,176,178,181,184,187,188,195,199,200,201,202,203,211,212,214,215,221,224,225,229,232,236,241,246,247,250,252,253,254,256,262,267,270,274,276,277,279,286,289,292,293,296,297,298,299,300],[2,3,4,8,15,16,18,27,28,34,35,39,42,44,49,50,52,53,57,61,80,81,83,85,88,92,93,97,98,103,106,108,110,111,112,114,118,121,128,134,153,160,162,165,179,180,183,185,186,189,208,210,217,219,228,230,237,243,255,257,258,264,269,272,278,283,294],[5,17,20,21,24,26,32,33,55,60,65,67,68,70,72,73,87,100,104,105,115,122,126,130,133,136,138,140,146,148,152,155,156,159,163,166,168,170,175,177,182,192,193,194,198,204,205,206,209,213,222,223,227,235,238,239,240,245,251,259,260,261,263,266,275,282,284]].
[[13,14,31,37,38,40,56,66,74,75,76,78,82,89,90,95,96,102,119,123,125,144,150,158,169,190,191,196,197,207,216,218,220,226,231,233,234,242,244,248,249,265,268,271,273,280,281,285,287,288,290,291,295],[5,17,20,21,24,26,32,33,55,60,65,67,68,70,72,73,87,100,104,105,115,122,126,130,133,136,138,140,146,148,152,155,156,159,163,166,168,170,175,177,182,192,193,194,198,204,205,206,209,213,222,223,227,235,238,239,240,245,251,259,260,261,263,266,275,282,284],[2,3,4,8,15,16,18,27,28,34,35,39,42,44,49,50,52,53,57,61,80,81,83,85,88,92,93,97,98,103,106,108,110,111,112,114,118,121,128,134,153,160,162,165,179,180,183,185,186,189,208,210,217,219,228,230,237,243,255,257,258,264,269,272,278,283,294]].
[[13,14,31,37,38,40,56,66,74,75,76,78,82,89,90,95,96,102,119,123,125,144,150,158,169,190,191,196,197,207,216,218,220,226,231,233,234,242,244,248,249,265,268,271,273,280,281,285,287,288,290,291,295],[5,17,20,21,24,26,32,33,55,60,65,67,68,70,72,73,87,100,104,105,115,122,126,130,133,136,138,140,146,148,152,155,156,159,163,166,168,170,175,177,182,192,193,194,198,204,205,206,209,213,222,223,227,235,238,239,240,245,251,259,260,261,263,266,275,282,284],[2,3,4,8,15,16,18,27,28,34,35,39,42,44,49,50,52,53,57,61,80,81,83,85,88,92,93,97,98,103,106,108,110,111,112,114,118,121,128,134,153,160,162,165,179,180,183,185,186,189,208,210,217,219,228,230,237,243,255,257,258,264,269,272,278,283,294]].
[[13,14,31,37,38,40,56,66,74,75,76,78,82,89,90,95,96,102,119,123,125,144,150,158,169,190,191,196,197,207,216,218,220,226,231,233,234,242,244,248,249,265,268,271,273,280,281,285,287,288,290,291,295],[5,17,20,21,24,26,32,33,55,60,65,67,68,70,72,73,87,100,104,105,115,122,126,130,133,136,138,140,146,148,152,155,156,159,163,166,168,170,175,177,182,192,193,194,198,204,205,206,209,213,222,223,227,235,238,239,240,245,251,259,260,261,263,266,275,282,284],[2,3,4,8,15,16,18,27,28,34,35,39,42,44,49,50,52,53,57,61,80,81,83,85,88,92,93,97,98,103,106,108,110,111,112,114,118,121,128,134,153,160,162,165,179,180,183,185,186,189,208,210,217,219,228,230,237,243,255,257,258,264,269,272,278,283,294]].
[[2,3,4,8,15,16,18,27,28,34,35,39,42,44,49,50,52,53,57,61,80,81,83,85,88,92,93,97,98,103,106,108,110,111,112,114,118,121,128,134,153,160,162,165,179,180,183,185,186,189,208,210,217,219,228,230,237,243,255,257,258,264,269,272,278,283,294],[1,6,7,9,10,11,12,19,22,23,25,29,30,36,41,43,45,46,47,48,51,54,58,59,62,63,64,69,71,77,79,84,86,91,94,99,101,107,109,113,116,117,120,124,127,129,131,132,135,137,139,141,142,143,145,147,149,151,154,157,161,164,167,171,172,173,174,176,178,181,184,187,188,195,199,200,201,202,203,211,212,214,215,221,224,225,229,232,236,241,246,247,250,252,253,254,256,262,267,270,274,276,277,279,286,289,292,293,296,297,298,299,300],[13,14,31,37,38,40,56,66,74,75,76,78,82,89,90,95,96,102,119,123,125,144,150,158,169,190,191,196,197,207,216,218,220,226,231,233,234,242,244,248,249,265,268,271,273,280,281,285,287,288,290,291,295]].
[[13,14,31,37,38,40,56,66,74,75,76,78,82,89,90,95,96,102,119,123,125,144,150,158,169,190,191,196,197,207,216,218,220,226,231,233,234,242,244,248,249,265,268,271,273,280,281,285,287,288,290,291,295],[5,17,20,21,24,26,32,33,55,60,65,67,68,70,72,73,87,100,104,105,115,122,126,130,133,136,138,140,146,148,152,155,156,159,163,166,168,170,175,177,182,192,193,194,198,204,205,206,209,213,222,223,227,235,238,239,240,245,251,259,260,261,263,266,275,282,284],[2,3,4,8,15,16,18,27,28,34,35,39,42,44,49,50,52,53,57,61,80,81,83,85,88,92,93,97,98,103,106,108,110,111,112,114,118,121,128,134,153,160,162,165,179,180,183,185,186,189,208,210,217,219,228,230,237,243,255,257,258,264,269,272,278,283,294]].
[[5,17,20,21,24,26,32,33,55,60,65,67,68,70,72,73,87,100,104,105,115,122,126,130,133,136,138,140,146,148,152,155,156,159,163,166,168,170,175,177,182,192,193,194,198,204,205,206,209,213,222,223,227,235,238,239,240,245,251,259,260,261,263,266,275,282,284],[13,14,31,37,38,40,56,66,74,75,76,78,82,89,90,95,96,102,119,123,125,144,150,158,169,190,191,196,197,207,216,218,220,226,231,233,234,242,244,248,249,265,268,271,273,280,281,285,287,288,290,291,295],[1,6,7,9,10,11,12,19,22,23,25,29,30,36,41,43,45,46,47,48,51,54,58,59,62,63,64,69,71,77,79,84,86,91,94,99,101,107,109,113,116,117,120,124,127,129,131,132,135,137,139,141,142,143,145,147,149,151,154,157,161,164,167,171,172,173,174,176,178,181,184,187,188,195,199,200,201,202,203,211,212,214,215,221,224,225,229,232,236,241,246,247,250,252,253,254,256,262,267,270,274,276,277,279,286,289,292,293,296,297,298,299,300]].
[[13,14,31,37,38,40,56,66,74,75,76,78,82,89,90,95,96,102,119,123,125,144,150,158,169,190,191,196,197,207,216,218,220,226,231,233,234,242,244,248,249,265,268,271,273,280,281,285,287,288,290,291,295],[5,17,20,21,24,26,32,33,55,60,65,67,68,70,72,73,87,100,104,105,115,122,126,130,133,136,138,140,146,148,152,155,156,159,163,166,168,170,175,177,182,192,193,194,198,204,205,206,209,213,222,223,227,235,238,239,240,245,251,259,260,261,263,266,275,282,284],[2,3,4,8,15,16,18,27,28,34,35,39,42,44,49,50,52,53,57,61,80,81,83,85,88,92,93,97,98,103,106,108,110,111,112,114,118,121,128,134,153,160,162,165,179,180,183,185,186,189,208,210,217,219,228,230,237,243,255,257,258,264,269,272,278,283,294]].
[[13,14,31,37,38,40,56,66,74,75,76,78,82,89,90,95,96,102,119,123,125,144,150,158,169,190,191,196,197,207,216,218,220,226,231,233,234,242,244,248,249,265,268,271,273,280,281,285,287,288,290,291,295],[5,17,20,21,24,26,32,33,55,60,65,67,68,70,72,73,87,100,104,105,115,122,126,130,133,136,138,140,146,148,152,155,156,159,163,166,168,170,175,177,182,192,193,194,198,204,205,206,209,213,222,223,227,235,238,239,240,245,251,259,260,261,263,266,275,282,284],[2,3,4,8,15,16,18,27,28,34,35,39,42,44,49,50,52,53,57,61,80,81,83,85,88,92,93,97,98,103,106,108,110,111,112,114,118,121,128,134,153,160,162,165,179,180,183,185,186,189,208,210,217,219,228,230,237,243,255,257,258,264,269,272,278,283,294]].
[[13,14,31,37,38,40,56,66,74,75,76,78,82,89,90,95,96,102,119,123,125,144,150,158,169,190,191,196,197,207,216,218,220,226,231,233,234,242,244,248,249,265,268,271,273,280,281,285,287,288,290,291,295],[5,17,20,21,24,26,32,33,55,60,65,67,68,70,72,73,87,100,104,105,115,122,126,130,133,136,138,140,146,148,152,155,156,159,163,166,168,170,175,177,182,192,193,194,198,204,205,206,209,213,222,223,227,235,238,239,240,245,251,259,260,261,263,266,275,282,284],[2,3,4,8,15,16,18,27,28,34,35,39,42,44,49,50,52,53,57,61,80,81,83,85,88,92,93,97,98,103,106,108,110,111,112,114,118,121,128,134,153,160,162,165,179,180,183,185,186,189,208,210,217,219,228,230,237,243,255,257,258,264,269,272,278,283,294]].
[[2,3,4,8,15,16,18,27,28,34,35,39,42,44,49,50,52,53,57,61,80,81,83,85,88,92,93,97,98,103,106,108,110,111,112,114,118,121,128,134,153,160,162,165,179,180,183,185,186,189,208,210,217,219,228,230,237,243,255,257,258,264,269,272,278,283,294],[1,6,7,9,10,11,12,19,22,23,25,29,30,36,41,43,45,46,47,48,51,54,58,59,62,63,64,69,71,77,79,84,86,91,94,99,101,107,109,113,116,117,120,124,127,129,131,132,135,137,139,141,142,143,145,147,149,151,154,157,161,164,167,171,172,173,174,176,178,181,184,187,188,195,199,200,201,202,203,211,212,214,215,221,224,225,229,232,236,241,246,247,250,252,253,254,256,262,267,270,274,276,277,279,286,289,292,293,296,297,298,299,300],[13,14,31,37,38,40,56,66,74,75,76,78,82,89,90,95,96,102,119,123,125,144,150,158,169,190,191,196,197,207,216,218,220,226,231,233,234,242,244,248,249,265,268,271,273,280,281,285,287,288,290,291,295]].
[[1,6,7,9,10,11,12,19,22,23,25,29,30,36,41,43,45,46,47,48,51,54,58,59,62,63,64,69,71,77,79,84,86,91,94,99,101,107,109,113,116,117,120,124,127,129,131,132,135,137,139,141,142,143,145,147,149,151,154,157,161,164,167,171,172,173,174,176,178,181,184,187,188,195,199,200,201,202,203,211,212,214,215,221,224,225,229,232,236,241,246,247,250,252,253,254,256,262,267,270,274,276,277,279,286,289,292,293,296,297,298,299,300],[2,3,4,8,15,16,18,27,28,34,35,39,42,44,49,50,52,53,57,61,80,81,83,85,88,92,93,97,98,103,106,108,110,111,112,114,118,121,128,134,153,160,162,165,179,180,183,185,186,189,208,210,217,219,228,230,237,243,255,257,258,264,269,272,278,283,294],[5,17,20,21,24,26,32,33,55,60,65,67,68,70,72,73,87,100,104,105,115,122,126,130,133,136,138,140,146,148,152,155,156,159,163,166,168,170,175,177,182,192,193,194,198,204,205,206,209,213,222,223,227,235,238,239,240,245,251,259,260,261,263,266,275,282,284]].
[[2,3,4,8,15,16,18,27,28,34,35,39,42,44,49,50,52,53,57,61,80,81,83,85,88,92,93,97,98,103,106,108,110,111,112,114,118,121,128,134,153,160,162,165,179,180,183,185,186,189,208,210,217,219,228,230,237,243,255,257,258,264,269,272,278,283,294],[1,6,7,9,10,11,12,19,22,23,25,29,30,36,41,43,45,46,47,48,51,54,58,59,62,63,64,69,71,77,79,84,86,91,94,99,101,107,109,113,116,117,120,124,127,129,131,132,135,137,139,141,142,143,145,147,149,151,154,157,161,164,167,171,172,173,174,176,178,181,184,187,188,195,199,200,201,202,203,211,212,214,215,221,224,225,229,232,236,241,246,247,250,252,253,254,256,262,267,270,274,276,277,279,286,289,292,293,296,297,298,299,300],[13,14,31,37,38,40,56,66,74,75,76,78,82,89,90,95,96,102,119,123,125,144,150,158,169,190,191,196,197,207,216,218,220,226,231,233,234,242,244,248,249,265,268,271,273,280,281,285,287,288,290,291,295]].
[[13,14,31,37,38,40,56,66,74,75,76,78,82,89,90,95,96,102,119,123,125,144,150,158,169,190,191,196,197,207,216,218,220,226,231,233,234,242,244,248,249,265,268,271,273,280,281,285,287,288,290,291,295],[5,17,20,21,24,26,32,33,55,60,65,67,68,70,72,73,87,100,104,105,115,122,126,130,133,136,138,140,146,148,152,155,156,159,163,166,168,170,175,177,182,192,193,194,198,204,205,206,209,213,222,223,227,235,238,239,240,245,251,259,260,261,263,266,275,282,284],[2,3,4,8,15,16,18,27,28,34,35,39,42,44,49,50,52,53,57,61,80,81,83,85,88,92,93,97,98,103,106,108,110,111,112,114,118,121,128,134,153,160,162,165,179,180,183,185,186,189,208,210,217,219,228,230,237,243,255,257,258,264,269,272,278,283,294]].
[[13,14,31,37,38,40,56,66,74,75,76,78,82,89,90,95,96,102,119,123,125,144,150,158,169,190,191,196,197,207,216,218,220,226,231,233,234,242,244,248,249,265,268,271,273,280,281,285,287,288,290,291,295],[5,17,20,21,24,26,32,33,55,60,65,67,68,70,72,73,87,100,104,105,115,122,126,130,133,136,138,140,146,148,152,155,156,159,163,166,168,170,175,177,182,192,193,194,198,204,205,206,209,213,222,223,227,235,238,239,240,245,251,259,260,261,263,266,275,282,284],[2,3,4,8,15,16,18,27,28,34,35,39,42,44,49,50,52,53,57,61,80,81,83,85,88,92,93,97,98,103,106,108,110,111,112,114,118,121,128,134,153,160,162,165,179,180,183,185,186,189,208,210,217,219,228,230,237,243,255,257,258,264,269,272,278,283,294]].
[[5,17,20,21,24,26,32,33,55,60,65,67,68,70,72,73,87,100,104,105,115,122,126,130,133,136,138,140,146,148,152,155,156,159,163,166,168,170,175,177,182,192,193,194,198,204,205,206,209,213,222,223,227,235,238,239,240,245,251,259,260,261,263,266,275,282,284],[13,14,31,37,38,40,56,66,74,75,76,78,82,89,90,95,96,102,119,123,125,144,150,158,169,190,191,196,197,207,216,218,220,226,231,233,234,242,244,248,249,265,268,271,273,280,281,285,287,288,290,291,295],[1,6,7,9,10,11,12,19,22,23,25,29,30,36,41,43,45,46,47,48,51,54,58,59,62,63,64,69,71,77,79,84,86,91,94,99,101,107,109,113,116,117,120,124,127,129,131,132,135,137,139,141,142,143,145,147,149,151,154,157,161,164,167,171,172,173,174,176,178,181,184,187,188,195,199,200,201,202,203,211,212,214,215,221,224,225,229,232,236,241,246,247,250,252,253,254,256,262,267,270,274,276,277,279,286,289,292,293,296,297,298,299,300]].
[[5,17,20,21,24,26,32,33,55,60,65,67,68,70,72,73,87,100,104,105,115,122,126,130,133,136,138,140,146,148,152,155,156,159,163,166,168,170,175,177,182,192,193,194,198,204,205,206,209,213,222,223,227,235,238,239,240,245,251,259,260,261,263,266,275,282,284],[13,14,31,37,38,40,56,66,74,75,76,78,82,89,90,95,96,102,119,123,125,144,150,158,169,190,191,196,197,207,216,218,220,226,231,233,234,242,244,248,249,265,268,271,273,280,281,285,287,288,290,291,295],[1,6,7,9,10,11,12,19,22,23,25,29,30,36,41,43,45,46,47,48,51,54,58,59,62,63,64,69,71,77,79,84,86,91,94,99,101,107,109,113,116,117,120,124,127,129,131,132,135,137,139,141,142,143,145,147,149,151,154,157,161,164,167,171,172,173,174,176,178,181,184,187,188,195,199,200,201,202,203,211,212,214,215,221,224,225,229,232,236,241,246,247,250,252,253,254,256,262,267,270,274,276,277,279,286,289,292,293,296,297,298,299,300]].
[[13,14,31,37,38,40,56,66,74,75,76,78,82,89,90,95,96,102,119,123,125,144,150,158,169,190,191,196,197,207,216,218,220,226,231,233,234,242,244,248,249,265,268,271,273,280,281,285,287,288,290,291,295],[5,17,20,21,24,26,32,33,55,60,65,67,68,70,72,73,87,100,104,105,115,122,126,130,133,136,138,140,146,148,152,155,156,159,163,166,168,170,175,177,182,192,193,194,198,204,205,206,209,213,222,223,227,235,238,239,240,245,251,259,260,261,263,266,275,282,284],[2,3,4,8,15,16,18,27,28,34,35,39,42,44,49,50,52,53,57,61,80,81,83,85,88,92,93,97,98,103,106,108,110,111,112,114,118,121,128,134,153,160,162,165,179,180,183,185,186,189,208,210,217,219,228,230,237,243,255,257,258,264,269,272,278,283,294]].
[[13,14,31,37,38,40,56,66,74,75,76,78,82,89,90,95,96,102,119,123,125,144,150,158,169,190,191,196,197,207,216,218,220,226,231,233,234,242,244,248,249,265,268,271,273,280,281,285,287,288,290,291,295],[5,17,20,21,24,26,32,33,55,60,65,67,68,70,72,73,87,100,104,105,115,122,126,130,133,136,138,140,146,148,152,155,156,159,163,166,168,170,175,177,182,192,193,194,198,204,205,206,209,213,222,223,227,235,238,239,240,245,251,259,260,261,263,266,275,282,284],[2,3,4,8,15,16,18,27,28,34,35,39,42,44,49,50,52,53,57,61,80,81,83,85,88,92,93,97,98,103,106,108,110,111,112,114,118,121,128,134,153,160,162,165,179,180,183,185,186,189,208,210,217,219,228,230,237,243,255,257,258,264,269,272,278,283,294]].
[[2,3,4,8,15,16,18,27,28,34,35,39,42,44,49,50,52,53,57,61,80,81,83,85,88,92,93,97,98,103,106,108,110,111,112,114,118,121,128,134,153,160,162,165,179,180,183,185,186,189,208,210,217,219,228,230,237,243,255,257,258,264,269,272,278,283,294],[1,6,7,9,10,11,12,19,22,23,25,29,30,36,41,43,45,46,47,48,51,54,58,59,62,63,64,69,71,77,79,84,86,91,94,99,101,107,109,113,116,117,120,124,127,129,131,132,135,137,139,141,142,143,145,147,149,151,154,157,161,164,167,171,172,173,174,176,178,181,184,187,188,195,199,200,201,202,203,211,212,214,215,221,224,225,229,232,236,241,246,247,250,252,253,254,256,262,267,270,274,276,277,279,286,289,292,293,296,297,298,299,300],[13,14,31,37,38,40,56,66,74,75,76,78,82,89,90,95,96,102,119,123,125,144,150,158,169,190,191,196,197,207,216,218,220,226,231,233,234,242,244,248,249,265,268,271,273,280,281,285,287,288,290,291,295]].
[[5,17,20,21,24,26,32,33,55,60,65,67,68,70,72,73,87,100,104,105,115,122,126,130,133,136,138,140,146,148,152,155,156,159,163,166,168,170,175,177,182,192,193,194,198,204,205,206,209,213,222,223,227,235,238,239,240,245,251,259,260,261,263,266,275,282,284],[13,14,31,37,38,40,56,66,74,75,76,78,82,89,90,95,96,102,119,123,125,144,150,158,169,190,191,196,197,207,216,218,220,226,231,233,234,242,244,248,249,265,268,271,273,280,281,285,287,288,290,291,295],[1,6,7,9,10,11,12,19,22,23,25,29,30,36,41,43,45,46,47,48,51,54,58,59,62,63,64,69,71,77,79,84,86,91,94,99,101,107,109,113,116,117,120,124,127,129,131,132,135,137,139,141,142,143,145,147,149,151,154,157,161,164,167,171,172,173,174,176,178,181,184,187,188,195,199,200,201,202,203,211,212,214,215,221,224,225,229,232,236,241,246,247,250,252,253,254,256,262,267,270,274,276,277,279,286,289,292,293,296,297,298,299,300]].
[[13,14,31,37,38,40,56,66,74,75,76,78,82,89,90,95,96,102,119,123,125,144,150,158,169,190,191,196,197,207,216,218,220,226,231,233,234,242,244,248,249,265,268,271,273,280,281,285,287,288,290,291,295],[5,17,20,21,24,26,32,33,55,60,65,67,68,70,72,73,87,100,104,105,115,122,126,130,133,136,138,140,146,148,152,155,156,159,163,166,168,170,175,177,182,192,193,194,198,204,205,206,209,213,222,223,227,235,238,239,240,245,251,259,260,261,263,266,275,282,284],[2,3,4,8,15,16,18,27,28,34,35,39,42,44,49,50,52,53,57,61,80,81,83,85,88,92,93,97,98,103,106,108,110,111,112,114,118,121,128,134,153,160,162,165,179,180,183,185,186,189,208,210,217,219,228,230,237,243,255,257,258,264,269,272,278,283,294]].
[[13,14,31,37,38,40,56,66,74,75,76,78,82,89,90,95,96,102,119,123,125,144,150,158,169,190,191,196,197,207,216,218,220,226,231,233,234,242,244,248,249,265,268,271,273,280,281,285,287,288,290,291,295],[5,17,20,21,24,26,32,33,55,60,65,67,68,70,72,73,87,100,104,105,115,122,126,130,133,136,138,140,146,148,152,155,156,159,163,166,168,170,175,177,182,192,193,194,198,204,205,206,209,213,222,223,227,235,238,239,240,245,251,259,260,261,263,266,275,282,284],[2,3,4,8,15,16,18,27,28,34,35,39,42,44,49,50,52,53,57,61,80,81,83,85,88,92,93,97,98,103,106,108,110,111,112,114,118,121,128,134,153,160,162,165,179,180,183,185,186,189,208,210,217,219,228,230,237,243,255,257,258,264,269,272,278,283,294]].
[[13,14,31,37,38,40,56,66,74,75,76,78,82,89,90,95,96,102,119,123,125,144,150,158,169,190,191,196,197,207,216,218,220,226,231,233,234,242,244,248,249,265,268,271,273,280,281,285,287,288,290,291,295],[5,17,20,21,24,26,32,33,55,60,65,67,68,70,72,73,87,100,104,105,115,122,126,130,133,136,138,140,146,148,152,155,156,159,163,166,168,170,175,177,182,192,193,194,198,204,205,206,209,213,222,223,227,235,238,239,240,245,251,259,260,261,263,266,275,282,284],[2,3,4,8,15,16,18,27,28,34,35,39,42,44,49,50,52,53,57,61,80,81,83,85,88,92,93,97,98,103,106,108,110,111,112,114,118,121,128,134,153,160,162,165,179,180,183,185,186,189,208,210,217,219,228,230,237,243,255,257,258,264,269,272,278,283,294]].
[[5,17,20,21,24,26,32,33,55,60,65,67,68,70,72,73,87,100,104,105,115,122,126,130,133,136,138,140,146,148,152,155,156,159,163,166,168,170,175,177,182,192,193,194,198,204,205,206,209,213,222,223,227,235,238,239,240,245,251,259,260,261,263,266,275,282,284],[13,14,31,37,38,40,56,66,74,75,76,78,82,89,90,95,96,102,119,123,125,144,150,158,169,190,191,196,197,207,216,218,220,226,231,233,234,242,244,248,249,265,268,271,273,280,281,285,287,288,290,291,295],[1,6,7,9,10,11,12,19,22,23,25,29,30,36,41,43,45,46,47,48,51,54,58,59,62,63,64,69,71,77,79,84,86,91,94,99,101,107,109,113,116,117,120,124,127,129,131,132,135,137,139,141,142,143,145,147,149,151,154,157,161,164,167,171,172,173,174,176,178,181,184,187,188,195,199,200,201,202,203,211,212,214,215,221,224,225,229,232,236,241,246,247,250,252,253,254,256,262,267,270,274,276,277,279,286,289,292,293,296,297,298,299,300]].
[[2,3,4,8,15,16,18,27,28,34,35,39,42,44,49,50,52,53,57,61,80,81,83,85,88,92,93,97,98,103,106,108,110,111,112,114,118,121,128,134,153,160,162,165,179,180,183,185,186,189,208,210,217,219,228,230,237,243,255,257,258,264,269,272,278,283,294],[1,6,7,9,10,11,12,19,22,23,25,29,30,36,41,43,45,46,47,48,51,54,58,59,62,63,64,69,71,77,79,84,86,91,94,99,101,107,109,113,116,117,120,124,127,129,131,132,135,137,139,141,142,143,145,147,149,151,154,157,161,164,167,171,172,173,174,176,178,181,184,187,188,195,199,200,201,202,203,211,212,214,215,221,224,225,229,232,236,241,246,247,250,252,253,254,256,262,267,270,274,276,277,279,286,289,292,293,296,297,298,299,300],[13,14,31,37,38,40,56,66,74,75,76,78,82,89,90,95,96,102,119,123,125,144,150,158,169,190,191,196,197,207,216,218,220,226,231,233,234,242,244,248,249,265,268,271,273,280,281,285,287,288,290,291,295]].
[[5,17,20,21,24,26,32,33,55,60,65,67,68,70,72,73,87,100,104,105,115,122,126,130,133,136,138,140,146,148,152,155,156,159,163,166,168,170,175,177,182,192,193,194,198,204,205,206,209,213,222,223,227,235,238,239,240,245,251,259,260,261,263,266,275,282,284],[13,14,31,37,38,40,56,66,74,75,76,78,82,89,90,95,96,102,119,123,125,144,150,158,169,190,191,196,197,207,216,218,220,226,231,233,234,242,244,248,249,265,268,271,273,280,281,285,287,288,290,291,295],[1,6,7,9,10,11,12,19,22,23,25,29,30,36,41,43,45,46,47,48,51,54,58,59,62,63,64,69,71,77,79,84,86,91,94,99,101,107,109,113,116,117,120,124,127,129,131,132,135,137,139,141,142,143,145,147,149,151,154,157,161,164,167,171,172,173,174,176,178,181,184,187,188,195,199,200,201,202,203,211,212,214,215,221,224,225,229,232,236,241,246,247,250,252,253,254,256,262,267,270,274,276,277,279,286,289,292,293,296,297,298,299,300]].
[[5,17,20,21,24,26,32,33,55,60,65,67,68,70,72,73,87,100,104,105,115,122,126,130,133,136,138,140,146,148,152,155,156,159,163,166,168,170,175,177,182,192,193,194,198,204,205,206,209,213,222,223,227,235,238,239,240,245,251,259,260,261,263,266,275,282,284],[13,14,31,37,38,40,56,66,74,75,76,78,82,89,90,95,96,102,119,123,125,144,150,158,169,190,191,196,197,207,216,218,220,226,231,233,234,242,244,248,249,265,268,271,273,280,281,285,287,288,290,291,295],[1,6,7,9,10,11,12,19,22,23,25,29,30,36,41,43,45,46,47,48,51,54,58,59,62,63,64,69,71,77,79,84,86,91,94,99,101,107,109,113,116,117,120,124,127,129,131,132,135,137,139,141,142,143,145,147,149,151,154,157,161,164,167,171,172,173,174,176,178,181,184,187,188,195,199,200,201,202,203,211,212,214,215,221,224,225,229,232,236,241,246,247,250,252,253,254,256,262,267,270,274,276,277,279,286,289,292,293,296,297,298,299,300]].
[[13,14,31,37,38,40,56,66,74,75,76,78,82,89,90,95,96,102,119,123,125,144,150,158,169,190,191,196,197,207,216,218,220,226,231,233,234,242,244,248,249,265,268,271,273,280,281,285,287,288,290,291,295],[5,17,20,21,24,26,32,33,55,60,65,67,68,70,72,73,87,100,104,105,115,122,126,130,133,136,138,140,146,148,152,155,156,159,163,166,168,170,175,177,182,192,193,194,198,204,205,206,209,213,222,223,227,235,238,239,240,245,251,259,260,261,263,266,275,282,284],[2,3,4,8,15,16,18,27,28,34,35,39,42,44,49,50,52,53,57,61,80,81,83,85,88,92,93,97,98,103,106,108,110,111,112,114,118,121,128,134,153,160,162,165,179,180,183,185,186,189,208,210,217,219,228,230,237,243,255,257,258,264,269,272,278,283,294]].
[[1,6,7,9,10,11,12,19,22,23,25,29,30,36,41,43,45,46,47,48,51,54,58,59,62,63,64,69,71,77,79,84,86,91,94,99,101,107,109,113,116,117,120,124,127,129,131,132,135,137,139,141,142,143,145,147,149,151,154,157,161,164,167,171,172,173,174,176,178,181,184,187,188,195,199,200,201,202,203,211,212,214,215,221,224,225,229,232,236,241,246,247,250,252,253,254,256,262,267,270,274,276,277,279,286,289,292,293,296,297,298,299,300],[2,3,4,8,15,16,18,27,28,34,35,39,42,44,49,50,52,53,57,61,80,81,83,85,88,92,93,97,98,103,106,108,110,111,112,114,118,121,128,134,153,160,162,165,179,180,183,185,186,189,208,210,217,219,228,230,237,243,255,257,258,264,269,272,278,283,294],[5,17,20,21,24,26,32,33,55,60,65,67,68,70,72,73,87,100,104,105,115,122,126,130,133,136,138,140,146,148,152,155,156,159,163,166,168,170,175,177,182,192,193,194,198,204,205,206,209,213,222,223,227,235,238,239,240,245,251,259,260,261,263,266,275,282,284]].
[[13,14,31,37,38,40,56,66,74,75,76,78,82,89,90,95,96,102,119,123,125,144,150,158,169,190,191,196,197,207,216,218,220,226,231,233,234,242,244,248,249,265,268,271,273,280,281,285,287,288,290,291,295],[5,17,20,21,24,26,32,33,55,60,65,67,68,70,72,73,87,100,104,105,115,122,126,130,133,136,138,140,146,148,152,155,156,159,163,166,168,170,175,177,182,192,193,194,198,204,205,206,209,213,222,223,227,235,238,239,240,245,251,259,260,261,263,266,275,282,284],[2,3,4,8,15,16,18,27,28,34,35,39,42,44,49,50,52,53,57,61,80,81,83,85,88,92,93,97,98,103,106,108,110,111,112,114,118,121,128,134,153,160,162,165,179,180,183,185,186,189,208,210,217,219,228,230,237,243,255,257,258,264,269,272,278,283,294]].
[[13,14,31,37,38,40,56,66,74,75,76,78,82,89,90,95,96,102,119,123,125,144,150,158,169,190,191,196,197,207,216,218,220,226,231,233,234,242,244,248,249,265,268,271,273,280,281,285,287,288,290,291,295],[5,17,20,21,24,26,32,33,55,60,65,67,68,70,72,73,87,100,104,105,115,122,126,130,133,136,138,140,146,148,152,155,156,159,163,166,168,170,175,177,182,192,193,194,198,204,205,206,209,213,222,223,227,235,238,239,240,245,251,259,260,261,263,266,275,282,284],[2,3,4,8,15,16,18,27,28,34,35,39,42,44,49,50,52,53,57,61,80,81,83,85,88,92,93,97,98,103,106,108,110,111,112,114,118,121,128,134,153,160,162,165,179,180,183,185,186,189,208,210,217,219,228,230,237,243,255,257,258,264,269,272,278,283,294]].
[[13,14,31,37,38,40,56,66,74,75,76,78,82,89,90,95,96,102,119,123,125,144,150,158,169,190,191,196,197,207,216,218,220,226,231,233,234,242,244,248,249,265,268,271,273,280,281,285,287,288,290,291,295],[5,17,20,21,24,26,32,33,55,60,65,67,68,70,72,73,87,100,104,105,115,122,126,130,133,136,138,140,146,148,152,155,156,159,163,166,168,170,175,177,182,192,193,194,198,204,205,206,209,213,222,223,227,235,238,239,240,245,251,259,260,261,263,266,275,282,284],[2,3,4,8,15,16,18,27,28,34,35,39,42,44,49,50,52,53,57,61,80,81,83,85,88,92,93,97,98,103,106,108,110,111,112,114,118,121,128,134,153,160,162,165,179,180,183,185,186,189,208,210,217,219,228,230,237,243,255,257,258,264,269,272,278,283,294]].
[[13,14,31,37,38,40,56,66,74,75,76,78,82,89,90,95,96,102,119,123,125,144,150,158,169,190,191,196,197,207,216,218,220,226,231,233,234,242,244,248,249,265,268,271,273,280,281,285,287,288,290,291,295],[5,17,20,21,24,26,32,33,55,60,65,67,68,70,72,73,87,100,104,105,115,122,126,130,133,136,138,140,146,148,152,155,156,159,163,166,168,170,175,177,182,192,193,194,198,204,205,206,209,213,222,223,227,235,238,239,240,245,251,259,260,261,263,266,275,282,284],[2,3,4,8,15,16,18,27,28,34,35,39,42,44,49,50,52,53,57,61,80,81,83,85,88,92,93,97,98,103,106,108,110,111,112,114,118,121,128,134,153,160,162,165,179,180,183,185,186,189,208,210,217,219,228,230,237,243,255,257,258,264,269,272,278,283,294]].
[[5,17,20,21,24,26,32,33,55,60,65,67,68,70,72,73,87,100,104,105,115,122,126,130,133,136,138,140,146,148,152,155,156,159,163,166,168,170,175,177,182,192,193,194,198,204,205,206,209,213,222,223,227,235,238,239,240,245,251,259,260,261,263,266,275,282,284],[13,14,31,37,38,40,56,66,74,75,76,78,82,89,90,95,96,102,119,123,125,144,150,158,169,190,191,196,197,207,216,218,220,226,231,233,234,242,244,248,249,265,268,271,273,280,281,285,287,288,290,291,295],[1,6,7,9,10,11,12,19,22,23,25,29,30,36,41,43,45,46,47,48,51,54,58,59,62,63,64,69,71,77,79,84,86,91,94,99,101,107,109,113,116,117,120,124,127,129,131,132,135,137,139,141,142,143,145,147,149,151,154,157,161,164,167,171,172,173,174,176,178,181,184,187,188,195,199,200,201,202,203,211,212,214,215,221,224,225,229,232,236,241,246,247,250,252,253,254,256,262,267,270,274,276,277,279,286,289,292,293,296,297,298,299,300]].
[[13,14,31,37,38,40,56,66,74,75,76,78,82,89,90,95,96,102,119,123,125,144,150,158,169,190,191,196,197,207,216,218,220,226,231,233,234,242,244,248,249,265,268,271,273,280,281,285,287,288,290,291,295],[5,17,20,21,24,26,32,33,55,60,65,67,68,70,72,73,87,100,104,105,115,122,126,130,133,136,138,140,146,148,152,155,156,159,163,166,168,170,175,177,182,192,193,194,198,204,205,206,209,213,222,223,227,235,238,239,240,245,251,259,260,261,263,266,275,282,284],[2,3,4,8,15,16,18,27,28,34,35,39,42,44,49,50,52,53,57,61,80,81,83,85,88,92,93,97,98,103,106,108,110,111,112,114,118,121,128,134,153,160,162,165,179,180,183,185,186,189,208,210,217,219,228,230,237,243,255,257,258,264,269,272,278,283,294]].
[[13,14,31,37,38,40,56,66,74,75,76,78,82,89,90,95,96,102,119,123,125,144,150,158,169,190,191,196,197,207,216,218,220,226,231,233,234,242,244,248,249,265,268,271,273,280,281,285,287,288,290,291,295],[5,17,20,21,24,26,32,33,55,60,65,67,68,70,72,73,87,100,104,105,115,122,126,130,133,136,138,140,146,148,152,155,156,159,163,166,168,170,175,177,182,192,193,194,198,204,205,206,209,213,222,223,227,235,238,239,240,245,251,259,260,261,263,266,275,282,284],[2,3,4,8,15,16,18,27,28,34,35,39,42,44,49,50,52,53,57,61,80,81,83,85,88,92,93,97,98,103,106,108,110,111,112,114,118,121,128,134,153,160,162,165,179,180,183,185,186,189,208,210,217,219,228,230,237,243,255,257,258,264,269,272,278,283,294]].
