[[1,2,3,4,9,10,11,12,13,14,16,20,22,25,28,30,32,33,38,39,40,42,46,47,50,51,53,
  54,56,61,63,64,68,72,74,75,76,78,82,83,84,86,89,90,91,93,95,97,98,100,104,
  109,116,117,119,121,123,124,126,127,129,131,132,133,135,136,138,140,141,142,
  144,145,146,148,149,151,152,154,160,161,162,169,172,177,179,181,182,184,185,
  186,189,193,194,196,197,200,201,207,208,210,211,214,215,216,217,218,221,226,
  227,228,229,230,232,234,236,237,238,239,240,242,244,245,246,247,248,249,250,
  252,253,256,258,259,260,262,265,268,270,271,272,275,278,280,284,285,286,289,
  295],
 [5,8,15,17,18,24,26,27,29,35,41,44,48,57,58,59,62,70,77,79,87,88,96,99,102,
  103,114,115,118,120,125,128,134,137,158,159,163,164,165,167,170,171,174,178,
  180,187,188,191,195,206,209,219,243,251,255,257,264,267,273,277,282,287,297],
 [6,7,19,21,31,34,36,43,49,52,55,60,66,67,69,71,73,80,81,92,94,105,107,108,
  111,112,139,143,150,153,155,156,183,190,192,199,203,205,212,213,222,224,225,
  231,233,235,241,254,263,266,269,274,279,283,288,290,291,292,294,296,298,299,
  300]].
[[1,2,3,4,9,10,11,12,13,14,16,20,22,25,28,30,32,33,38,39,40,42,46,47,50,51,53,
  54,56,61,63,64,68,72,74,75,76,78,82,83,84,86,89,90,91,93,95,97,98,100,104,
  109,116,117,119,121,123,124,126,127,129,131,132,133,135,136,138,140,141,142,
  144,145,146,148,149,151,152,154,160,161,162,169,172,177,179,181,182,184,185,
  186,189,193,194,196,197,200,201,207,208,210,211,214,215,216,217,218,221,226,
  227,228,229,230,232,234,236,237,238,239,240,242,244,245,246,247,248,249,250,
  252,253,256,258,259,260,262,265,268,270,271,272,275,278,280,284,285,286,289,
  295],
 [5,8,15,17,18,24,26,27,29,35,41,44,48,57,58,59,62,70,77,79,87,88,96,99,102,
  103,114,115,118,120,125,128,134,137,158,159,163,164,165,167,170,171,174,178,
  180,187,188,191,195,206,209,219,243,251,255,257,264,267,273,277,282,287,297],
 [6,7,19,21,31,34,36,43,49,52,55,60,66,67,69,71,73,80,81,92,94,105,107,108,
  111,112,139,143,150,153,155,156,183,190,192,199,203,205,212,213,222,224,225,
  231,233,235,241,254,263,266,269,274,279,283,288,290,291,292,294,296,298,299,
  300]].
[[1,2,3,4,9,10,11,12,13,14,16,20,22,25,28,30,32,33,38,39,40,42,46,47,50,51,53,
  54,56,61,63,64,68,72,74,75,76,78,82,83,84,86,89,90,91,93,95,97,98,100,104,
  109,116,117,119,121,123,124,126,127,129,131,132,133,135,136,138,140,141,142,
  144,145,146,148,149,151,152,154,160,161,162,169,172,177,179,181,182,184,185,
  186,189,193,194,196,197,200,201,207,208,210,211,214,215,216,217,218,221,226,
  227,228,229,230,232,234,236,237,238,239,240,242,244,245,246,247,248,249,250,
  252,253,256,258,259,260,262,265,268,270,271,272,275,278,280,284,285,286,289,
  295],
 [5,8,15,17,18,24,26,27,29,35,41,44,48,57,58,59,62,70,77,79,87,88,96,99,102,
  103,114,115,118,120,125,128,134,137,158,159,163,164,165,167,170,171,174,178,
  180,187,188,191,195,206,209,219,243,251,255,257,264,267,273,277,282,287,297],
 [6,7,19,21,31,34,36,43,49,52,55,60,66,67,69,71,73,80,81,92,94,105,107,108,
  111,112,139,143,150,153,155,156,183,190,192,199,203,205,212,213,222,224,225,
  231,233,235,241,254,263,266,269,274,279,283,288,290,291,292,294,296,298,299,
  300]].
[[5,8,15,17,18,24,26,27,29,35,41,44,48,57,58,59,62,70,77,79,87,88,96,99,102,
  103,114,115,118,120,125,128,134,137,158,159,163,164,165,167,170,171,174,178,
  180,187,188,191,195,206,209,219,243,251,255,257,264,267,273,277,282,287,297],
 [1,2,3,4,9,10,11,12,13,14,16,20,22,25,28,30,32,33,38,39,40,42,46,47,50,51,53,
  54,56,61,63,64,68,72,74,75,76,78,82,83,84,86,89,90,91,93,95,97,98,100,104,
  109,116,117,119,121,123,124,126,127,129,131,132,133,135,136,138,140,141,142,
  144,145,146,148,149,151,152,154,160,161,162,169,172,177,179,181,182,184,185,
  186,189,193,194,196,197,200,201,207,208,210,211,214,215,216,217,218,221,226,
  227,228,229,230,232,234,236,237,238,239,240,242,244,245,246,247,248,249,250,
  252,253,256,258,259,260,262,265,268,270,271,272,275,278,280,284,285,286,289,
  295],
 [23,37,45,65,85,101,106,110,113,122,130,147,157,166,168,173,175,176,198,202,
  204,220,223,261,276,281,293]].
[[1,2,3,4,9,10,11,12,13,14,16,20,22,25,28,30,32,33,38,39,40,42,46,47,50,51,53,
  54,56,61,63,64,68,72,74,75,76,78,82,83,84,86,89,90,91,93,95,97,98,100,104,
  109,116,117,119,121,123,124,126,127,129,131,132,133,135,136,138,140,141,142,
  144,145,146,148,149,151,152,154,160,161,162,169,172,177,179,181,182,184,185,
  186,189,193,194,196,197,200,201,207,208,210,211,214,215,216,217,218,221,226,
  227,228,229,230,232,234,236,237,238,239,240,242,244,245,246,247,248,249,250,
  252,253,256,258,259,260,262,265,268,270,271,272,275,278,280,284,285,286,289,
  295],
 [5,8,15,17,18,24,26,27,29,35,41,44,48,57,58,59,62,70,77,79,87,88,96,99,102,
  103,114,115,118,120,125,128,134,137,158,159,163,164,165,167,170,171,174,178,
  180,187,188,191,195,206,209,219,243,251,255,257,264,267,273,277,282,287,297],
 [6,7,19,21,31,34,36,43,49,52,55,60,66,67,69,71,73,80,81,92,94,105,107,108,
  111,112,139,143,150,153,155,156,183,190,192,199,203,205,212,213,222,224,225,
  231,233,235,241,254,263,266,269,274,279,283,288,290,291,292,294,296,298,299,
  300]].
[[1,2,3,4,9,10,11,12,13,14,16,20,22,25,28,30,32,33,38,39,40,42,46,47,50,51,53,
  54,56,61,63,64,68,72,74,75,76,78,82,83,84,86,89,90,91,93,95,97,98,100,104,
  109,116,117,119,121,123,124,126,127,129,131,132,133,135,136,138,140,141,142,
  144,145,146,148,149,151,152,154,160,161,162,169,172,177,179,181,182,184,185,
  186,189,193,194,196,197,200,201,207,208,210,211,214,215,216,217,218,221,226,
  227,228,229,230,232,234,236,237,238,239,240,242,244,245,246,247,248,249,250,
  252,253,256,258,259,260,262,265,268,270,271,272,275,278,280,284,285,286,289,
  295],
 [5,8,15,17,18,24,26,27,29,35,41,44,48,57,58,59,62,70,77,79,87,88,96,99,102,
  103,114,115,118,120,125,128,134,137,158,159,163,164,165,167,170,171,174,178,
  180,187,188,191,195,206,209,219,243,251,255,257,264,267,273,277,282,287,297],
 [6,7,19,21,31,34,36,43,49,52,55,60,66,67,69,71,73,80,81,92,94,105,107,108,
  111,112,139,143,150,153,155,156,183,190,192,199,203,205,212,213,222,224,225,
  231,233,235,241,254,263,266,269,274,279,283,288,290,291,292,294,296,298,299,
  300]].
[[6,7,19,21,31,34,36,43,49,52,55,60,66,67,69,71,73,80,81,92,94,105,107,108,
  111,112,139,143,150,153,155,156,183,190,192,199,203,205,212,213,222,224,225,
  231,233,235,241,254,263,266,269,274,279,283,288,290,291,292,294,296,298,299,
  300],
 [23,37,45,65,85,101,106,110,113,122,130,147,157,166,168,173,175,176,198,202,
  204,220,223,261,276,281,293],
 [1,2,3,4,9,10,11,12,13,14,16,20,22,25,28,30,32,33,38,39,40,42,46,47,50,51,53,
  54,56,61,63,64,68,72,74,75,76,78,82,83,84,86,89,90,91,93,95,97,98,100,104,
  109,116,117,119,121,123,124,126,127,129,131,132,133,135,136,138,140,141,142,
  144,145,146,148,149,151,152,154,160,161,162,169,172,177,179,181,182,184,185,
  186,189,193,194,196,197,200,201,207,208,210,211,214,215,216,217,218,221,226,
  227,228,229,230,232,234,236,237,238,239,240,242,244,245,246,247,248,249,250,
  252,253,256,258,259,260,262,265,268,270,271,272,275,278,280,284,285,286,289,
  295]].
[[1,2,3,4,9,10,11,12,13,14,16,20,22,25,28,30,32,33,38,39,40,42,46,47,50,51,53,
  54,56,61,63,64,68,72,74,75,76,78,82,83,84,86,89,90,91,93,95,97,98,100,104,
  109,116,117,119,121,123,124,126,127,129,131,132,133,135,136,138,140,141,142,
  144,145,146,148,149,151,152,154,160,161,162,169,172,177,179,181,182,184,185,
  186,189,193,194,196,197,200,201,207,208,210,211,214,215,216,217,218,221,226,
  227,228,229,230,232,234,236,237,238,239,240,242,244,245,246,247,248,249,250,
  252,253,256,258,259,260,262,265,268,270,271,272,275,278,280,284,285,286,289,
  295],
 [5,8,15,17,18,24,26,27,29,35,41,44,48,57,58,59,62,70,77,79,87,88,96,99,102,
  103,114,115,118,120,125,128,134,137,158,159,163,164,165,167,170,171,174,178,
  180,187,188,191,195,206,209,219,243,251,255,257,264,267,273,277,282,287,297],
 [6,7,19,21,31,34,36,43,49,52,55,60,66,67,69,71,73,80,81,92,94,105,107,108,
  111,112,139,143,150,153,155,156,183,190,192,199,203,205,212,213,222,224,225,
  231,233,235,241,254,263,266,269,274,279,283,288,290,291,292,294,296,298,299,
  300]].
[[1,2,3,4,9,10,11,12,13,14,16,20,22,25,28,30,32,33,38,39,40,42,46,47,50,51,53,
  54,56,61,63,64,68,72,74,75,76,78,82,83,84,86,89,90,91,93,95,97,98,100,104,
  109,116,117,119,121,123,124,126,127,129,131,132,133,135,136,138,140,141,142,
  144,145,146,148,149,151,152,154,160,161,162,169,172,177,179,181,182,184,185,
  186,189,193,194,196,197,200,201,207,208,210,211,214,215,216,217,218,221,226,
  227,228,229,230,232,234,236,237,238,239,240,242,244,245,246,247,248,249,250,
  252,253,256,258,259,260,262,265,268,270,271,272,275,278,280,284,285,286,289,
  295],
 [5,8,15,17,18,24,26,27,29,35,41,44,48,57,58,59,62,70,77,79,87,88,96,99,102,
  103,114,115,118,120,125,128,134,137,158,159,163,164,165,167,170,171,174,178,
  180,187,188,191,195,206,209,219,243,251,255,257,264,267,273,277,282,287,297],
 [6,7,19,21,31,34,36,43,49,52,55,60,66,67,69,71,73,80,81,92,94,105,107,108,
  111,112,139,143,150,153,155,156,183,190,192,199,203,205,212,213,222,224,225,
  231,233,235,241,254,263,266,269,274,279,283,288,290,291,292,294,296,298,299,
  300]].
[[5,8,15,17,18,24,26,27,29,35,41,44,48,57,58,59,62,70,77,79,87,88,96,99,102,
  103,114,115,118,120,125,128,134,137,158,159,163,164,165,167,170,171,174,178,
  180,187,188,191,195,206,209,219,243,251,255,257,264,267,273,277,282,287,297],
 [1,2,3,4,9,10,11,12,13,14,16,20,22,25,28,30,32,33,38,39,40,42,46,47,50,51,53,
  54,56,61,63,64,68,72,74,75,76,78,82,83,84,86,89,90,91,93,95,97,98,100,104,
  109,116,117,119,121,123,124,126,127,129,131,132,133,135,136,138,140,141,142,
  144,145,146,148,149,151,152,154,160,161,162,169,172,177,179,181,182,184,185,
  186,189,193,194,196,197,200,201,207,208,210,211,214,215,216,217,218,221,226,
  227,228,229,230,232,234,236,237,238,239,240,242,244,245,246,247,248,249,250,
  252,253,256,258,259,260,262,265,268,270,271,272,275,278,280,284,285,286,289,
  295],
 [23,37,45,65,85,101,106,110,113,122,130,147,157,166,168,173,175,176,198,202,
  204,220,223,261,276,281,293]].
[[1,2,3,4,9,10,11,12,13,14,16,20,22,25,28,30,32,33,38,39,40,42,46,47,50,51,53,
  54,56,61,63,64,68,72,74,75,76,78,82,83,84,86,89,90,91,93,95,97,98,100,104,
  109,116,117,119,121,123,124,126,127,129,131,132,133,135,136,138,140,141,142,
  144,145,146,148,149,151,152,154,160,161,162,169,172,177,179,181,182,184,185,
  186,189,193,194,196,197,200,201,207,208,210,211,214,215,216,217,218,221,226,
  227,228,229,230,232,234,236,237,238,239,240,242,244,245,246,247,248,249,250,
  252,253,256,258,259,260,262,265,268,270,271,272,275,278,280,284,285,286,289,
  295],
 [5,8,15,17,18,24,26,27,29,35,41,44,48,57,58,59,62,70,77,79,87,88,96,99,102,
  103,114,115,118,120,125,128,134,137,158,159,163,164,165,167,170,171,174,178,
  180,187,188,191,195,206,209,219,243,251,255,257,264,267,273,277,282,287,297],
 [6,7,19,21,31,34,36,43,49,52,55,60,66,67,69,71,73,80,81,92,94,105,107,108,
  111,112,139,143,150,153,155,156,183,190,192,199,203,205,212,213,222,224,225,
  231,233,235,241,254,263,266,269,274,279,283,288,290,291,292,294,296,298,299,
  300]].
[[1,2,3,4,9,10,11,12,13,14,16,20,22,25,28,30,32,33,38,39,40,42,46,47,50,51,53,
  54,56,61,63,64,68,72,74,75,76,78,82,83,84,86,89,90,91,93,95,97,98,100,104,
  109,116,117,119,121,123,124,126,127,129,131,132,133,135,136,138,140,141,142,
  144,145,146,148,149,151,152,154,160,161,162,169,172,177,179,181,182,184,185,
  186,189,193,194,196,197,200,201,207,208,210,211,214,215,216,217,218,221,226,
  227,228,229,230,232,234,236,237,238,239,240,242,244,245,246,247,248,249,250,
  252,253,256,258,259,260,262,265,268,270,271,272,275,278,280,284,285,286,289,
  295],
 [5,8,15,17,18,24,26,27,29,35,41,44,48,57,58,59,62,70,77,79,87,88,96,99,102,
  103,114,115,118,120,125,128,134,137,158,159,163,164,165,167,170,171,174,178,
  180,187,188,191,195,206,209,219,243,251,255,257,264,267,273,277,282,287,297],
 [6,7,19,21,31,34,36,43,49,52,55,60,66,67,69,71,73,80,81,92,94,105,107,108,
  111,112,139,143,150,153,155,156,183,190,192,199,203,205,212,213,222,224,225,
  231,233,235,241,254,263,266,269,274,279,283,288,290,291,292,294,296,298,299,
  300]].
[[5,8,15,17,18,24,26,27,29,35,41,44,48,57,58,59,62,70,77,79,87,88,96,99,102,
  103,114,115,118,120,125,128,134,137,158,159,163,164,165,167,170,171,174,178,
  180,187,188,191,195,206,209,219,243,251,255,257,264,267,273,277,282,287,297],
 [1,2,3,4,9,10,11,12,13,14,16,20,22,25,28,30,32,33,38,39,40,42,46,47,50,51,53,
  54,56,61,63,64,68,72,74,75,76,78,82,83,84,86,89,90,91,93,95,97,98,100,104,
  109,116,117,119,121,123,124,126,127,129,131,132,133,135,136,138,140,141,142,
  144,145,146,148,149,151,152,154,160,161,162,169,172,177,179,181,182,184,185,
  186,189,193,194,196,197,200,201,207,208,210,211,214,215,216,217,218,221,226,
  227,228,229,230,232,234,236,237,238,239,240,242,244,245,246,247,248,249,250,
  252,253,256,258,259,260,262,265,268,270,271,272,275,278,280,284,285,286,289,
  295],
 [23,37,45,65,85,101,106,110,113,122,130,147,157,166,168,173,175,176,198,202,
  204,220,223,261,276,281,293]].
[[1,2,3,4,9,10,11,12,13,14,16,20,22,25,28,30,32,33,38,39,40,42,46,47,50,51,53,
  54,56,61,63,64,68,72,74,75,76,78,82,83,84,86,89,90,91,93,95,97,98,100,104,
  109,116,117,119,121,123,124,126,127,129,131,132,133,135,136,138,140,141,142,
  144,145,146,148,149,151,152,154,160,161,162,169,172,177,179,181,182,184,185,
  186,189,193,194,196,197,200,201,207,208,210,211,214,215,216,217,218,221,226,
  227,228,229,230,232,234,236,237,238,239,240,242,244,245,246,247,248,249,250,
  252,253,256,258,259,260,262,265,268,270,271,272,275,278,280,284,285,286,289,
  295],
 [5,8,15,17,18,24,26,27,29,35,41,44,48,57,58,59,62,70,77,79,87,88,96,99,102,
  103,114,115,118,120,125,128,134,137,158,159,163,164,165,167,170,171,174,178,
  180,187,188,191,195,206,209,219,243,251,255,257,264,267,273,277,282,287,297],
 [6,7,19,21,31,34,36,43,49,52,55,60,66,67,69,71,73,80,81,92,94,105,107,108,
  111,112,139,143,150,153,155,156,183,190,192,199,203,205,212,213,222,224,225,
  231,233,235,241,254,263,266,269,274,279,283,288,290,291,292,294,296,298,299,
  300]].
[[23,37,45,65,85,101,106,110,113,122,130,147,157,166,168,173,175,176,198,202,
  204,220,223,261,276,281,293],
 [6,7,19,21,31,34,36,43,49,52,55,60,66,67,69,71,73,80,81,92,94,105,107,108,
  111,112,139,143,150,153,155,156,183,190,192,199,203,205,212,213,222,224,225,
  231,233,235,241,254,263,266,269,274,279,283,288,290,291,292,294,296,298,299,
  300],
 [5,8,15,17,18,24,26,27,29,35,41,44,48,57,58,59,62,70,77,79,87,88,96,99,102,
  103,114,115,118,120,125,128,134,137,158,159,163,164,165,167,170,171,174,178,
  180,187,188,191,195,206,209,219,243,251,255,257,264,267,273,277,282,287,
  297]].
[[6,7,19,21,31,34,36,43,49,52,55,60,66,67,69,71,73,80,81,92,94,105,107,108,
  111,112,139,143,150,153,155,156,183,190,192,199,203,205,212,213,222,224,225,
  231,233,235,241,254,263,266,269,274,279,283,288,290,291,292,294,296,298,299,
  300],
 [23,37,45,65,85,101,106,110,113,122,130,147,157,166,168,173,175,176,198,202,
  204,220,223,261,276,281,293],
 [1,2,3,4,9,10,11,12,13,14,16,20,22,25,28,30,32,33,38,39,40,42,46,47,50,51,53,
  54,56,61,63,64,68,72,74,75,76,78,82,83,84,86,89,90,91,93,95,97,98,100,104,
  109,116,117,119,121,123,124,126,127,129,131,132,133,135,136,138,140,141,142,
  144,145,146,148,149,151,152,154,160,161,162,169,172,177,179,181,182,184,185,
  186,189,193,194,196,197,200,201,207,208,210,211,214,215,216,217,218,221,226,
  227,228,229,230,232,234,236,237,238,239,240,242,244,245,246,247,248,249,250,
  252,253,256,258,259,260,262,265,268,270,271,272,275,278,280,284,285,286,289,
  295]].
[[6,7,19,21,31,34,36,43,49,52,55,60,66,67,69,71,73,80,81,92,94,105,107,108,
  111,112,139,143,150,153,155,156,183,190,192,199,203,205,212,213,222,224,225,
  231,233,235,241,254,263,266,269,274,279,283,288,290,291,292,294,296,298,299,
  300],
 [23,37,45,65,85,101,106,110,113,122,130,147,157,166,168,173,175,176,198,202,
  204,220,223,261,276,281,293],
 [1,2,3,4,9,10,11,12,13,14,16,20,22,25,28,30,32,33,38,39,40,42,46,47,50,51,53,
  54,56,61,63,64,68,72,74,75,76,78,82,83,84,86,89,90,91,93,95,97,98,100,104,
  109,116,117,119,121,123,124,126,127,129,131,132,133,135,136,138,140,141,142,
  144,145,146,148,149,151,152,154,160,161,162,169,172,177,179,181,182,184,185,
  186,189,193,194,196,197,200,201,207,208,210,211,214,215,216,217,218,221,226,
  227,228,229,230,232,234,236,237,238,239,240,242,244,245,246,247,248,249,250,
  252,253,256,258,259,260,262,265,268,270,271,272,275,278,280,284,285,286,289,
  295]].
[[6,7,19,21,31,34,36,43,49,52,55,60,66,67,69,71,73,80,81,92,94,105,107,108,
  111,112,139,143,150,153,155,156,183,190,192,199,203,205,212,213,222,224,225,
  231,233,235,241,254,263,266,269,274,279,283,288,290,291,292,294,296,298,299,
  300],
 [23,37,45,65,85,101,106,110,113,122,130,147,157,166,168,173,175,176,198,202,
  204,220,223,261,276,281,293],
 [1,2,3,4,9,10,11,12,13,14,16,20,22,25,28,30,32,33,38,39,40,42,46,47,50,51,53,
  54,56,61,63,64,68,72,74,75,76,78,82,83,84,86,89,90,91,93,95,97,98,100,104,
  109,116,117,119,121,123,124,126,127,129,131,132,133,135,136,138,140,141,142,
  144,145,146,148,149,151,152,154,160,161,162,169,172,177,179,181,182,184,185,
  186,189,193,194,196,197,200,201,207,208,210,211,214,215,216,217,218,221,226,
  227,228,229,230,232,234,236,237,238,239,240,242,244,245,246,247,248,249,250,
  252,253,256,258,259,260,262,265,268,270,271,272,275,278,280,284,285,286,289,
  295]].
[[1,2,3,4,9,10,11,12,13,14,16,20,22,25,28,30,32,33,38,39,40,42,46,47,50,51,53,
  54,56,61,63,64,68,72,74,75,76,78,82,83,84,86,89,90,91,93,95,97,98,100,104,
  109,116,117,119,121,123,124,126,127,129,131,132,133,135,136,138,140,141,142,
  144,145,146,148,149,151,152,154,160,161,162,169,172,177,179,181,182,184,185,
  186,189,193,194,196,197,200,201,207,208,210,211,214,215,216,217,218,221,226,
  227,228,229,230,232,234,236,237,238,239,240,242,244,245,246,247,248,249,250,
  252,253,256,258,259,260,262,265,268,270,271,272,275,278,280,284,285,286,289,
  295],
 [5,8,15,17,18,24,26,27,29,35,41,44,48,57,58,59,62,70,77,79,87,88,96,99,102,
  103,114,115,118,120,125,128,134,137,158,159,163,164,165,167,170,171,174,178,
  180,187,188,191,195,206,209,219,243,251,255,257,264,267,273,277,282,287,297],
 [6,7,19,21,31,34,36,43,49,52,55,60,66,67,69,71,73,80,81,92,94,105,107,108,
  111,112,139,143,150,153,155,156,183,190,192,199,203,205,212,213,222,224,225,
  231,233,235,241,254,263,266,269,274,279,283,288,290,291,292,294,296,298,299,
  300]].
[[1,2,3,4,9,10,11,12,13,14,16,20,22,25,28,30,32,33,38,39,40,42,46,47,50,51,53,
  54,56,61,63,64,68,72,74,75,76,78,82,83,84,86,89,90,91,93,95,97,98,100,104,
  109,116,117,119,121,123,124,126,127,129,131,132,133,135,136,138,140,141,142,
  144,145,146,148,149,151,152,154,160,161,162,169,172,177,179,181,182,184,185,
  186,189,193,194,196,197,200,201,207,208,210,211,214,215,216,217,218,221,226,
  227,228,229,230,232,234,236,237,238,239,240,242,244,245,246,247,248,249,250,
  252,253,256,258,259,260,262,265,268,270,271,272,275,278,280,284,285,286,289,
  295],
 [5,8,15,17,18,24,26,27,29,35,41,44,48,57,58,59,62,70,77,79,87,88,96,99,102,
  103,114,115,118,120,125,128,134,137,158,159,163,164,165,167,170,171,174,178,
  180,187,188,191,195,206,209,219,243,251,255,257,264,267,273,277,282,287,297],
 [6,7,19,21,31,34,36,43,49,52,55,60,66,67,69,71,73,80,81,92,94,105,107,108,
  111,112,139,143,150,153,155,156,183,190,192,199,203,205,212,213,222,224,225,
  231,233,235,241,254,263,266,269,274,279,283,288,290,291,292,294,296,298,299,
  300]].
[[1,2,3,4,9,10,11,12,13,14,16,20,22,25,28,30,32,33,38,39,40,42,46,47,50,51,53,
  54,56,61,63,64,68,72,74,75,76,78,82,83,84,86,89,90,91,93,95,97,98,100,104,
  109,116,117,119,121,123,124,126,127,129,131,132,133,135,136,138,140,141,142,
  144,145,146,148,149,151,152,154,160,161,162,169,172,177,179,181,182,184,185,
  186,189,193,194,196,197,200,201,207,208,210,211,214,215,216,217,218,221,226,
  227,228,229,230,232,234,236,237,238,239,240,242,244,245,246,247,248,249,250,
  252,253,256,258,259,260,262,265,268,270,271,272,275,278,280,284,285,286,289,
  295],
 [5,8,15,17,18,24,26,27,29,35,41,44,48,57,58,59,62,70,77,79,87,88,96,99,102,
  103,114,115,118,120,125,128,134,137,158,159,163,164,165,167,170,171,174,178,
  180,187,188,191,195,206,209,219,243,251,255,257,264,267,273,277,282,287,297],
 [6,7,19,21,31,34,36,43,49,52,55,60,66,67,69,71,73,80,81,92,94,105,107,108,
  111,112,139,143,150,153,155,156,183,190,192,199,203,205,212,213,222,224,225,
  231,233,235,241,254,263,266,269,274,279,283,288,290,291,292,294,296,298,299,
  300]].
[[23,37,45,65,85,101,106,110,113,122,130,147,157,166,168,173,175,176,198,202,
  204,220,223,261,276,281,293],
 [6,7,19,21,31,34,36,43,49,52,55,60,66,67,69,71,73,80,81,92,94,105,107,108,
  111,112,139,143,150,153,155,156,183,190,192,199,203,205,212,213,222,224,225,
  231,233,235,241,254,263,266,269,274,279,283,288,290,291,292,294,296,298,299,
  300],
 [5,8,15,17,18,24,26,27,29,35,41,44,48,57,58,59,62,70,77,79,87,88,96,99,102,
  103,114,115,118,120,125,128,134,137,158,159,163,164,165,167,170,171,174,178,
  180,187,188,191,195,206,209,219,243,251,255,257,264,267,273,277,282,287,
  297]].
[[5,8,15,17,18,24,26,27,29,35,41,44,48,57,58,59,62,70,77,79,87,88,96,99,102,
  103,114,115,118,120,125,128,134,137,158,159,163,164,165,167,170,171,174,178,
  180,187,188,191,195,206,209,219,243,251,255,257,264,267,273,277,282,287,297],
 [1,2,3,4,9,10,11,12,13,14,16,20,22,25,28,30,32,33,38,39,40,42,46,47,50,51,53,
  54,56,61,63,64,68,72,74,75,76,78,82,83,84,86,89,90,91,93,95,97,98,100,104,
  109,116,117,119,121,123,124,126,127,129,131,132,133,135,136,138,140,141,142,
  144,145,146,148,149,151,152,154,160,161,162,169,172,177,179,181,182,184,185,
  186,189,193,194,196,197,200,201,207,208,210,211,214,215,216,217,218,221,226,
  227,228,229,230,232,234,236,237,238,239,240,242,244,245,246,247,248,249,250,
  252,253,256,258,259,260,262,265,268,270,271,272,275,278,280,284,285,286,289,
  295],
 [23,37,45,65,85,101,106,110,113,122,130,147,157,166,168,173,175,176,198,202,
  204,220,223,261,276,281,293]].
[[1,2,3,4,9,10,11,12,13,14,16,20,22,25,28,30,32,33,38,39,40,42,46,47,50,51,53,
  54,56,61,63,64,68,72,74,75,76,78,82,83,84,86,89,90,91,93,95,97,98,100,104,
  109,116,117,119,121,123,124,126,127,129,131,132,133,135,136,138,140,141,142,
  144,145,146,148,149,151,152,154,160,161,162,169,172,177,179,181,182,184,185,
  186,189,193,194,196,197,200,201,207,208,210,211,214,215,216,217,218,221,226,
  227,228,229,230,232,234,236,237,238,239,240,242,244,245,246,247,248,249,250,
  252,253,256,258,259,260,262,265,268,270,271,272,275,278,280,284,285,286,289,
  295],
 [5,8,15,17,18,24,26,27,29,35,41,44,48,57,58,59,62,70,77,79,87,88,96,99,102,
  103,114,115,118,120,125,128,134,137,158,159,163,164,165,167,170,171,174,178,
  180,187,188,191,195,206,209,219,243,251,255,257,264,267,273,277,282,287,297],
 [6,7,19,21,31,34,36,43,49,52,55,60,66,67,69,71,73,80,81,92,94,105,107,108,
  111,112,139,143,150,153,155,156,183,190,192,199,203,205,212,213,222,224,225,
  231,233,235,241,254,263,266,269,274,279,283,288,290,291,292,294,296,298,299,
  300]].
[[1,2,3,4,9,10,11,12,13,14,16,20,22,25,28,30,32,33,38,39,40,42,46,47,50,51,53,
  54,56,61,63,64,68,72,74,75,76,78,82,83,84,86,89,90,91,93,95,97,98,100,104,
  109,116,117,119,121,123,124,126,127,129,131,132,133,135,136,138,140,141,142,
  144,145,146,148,149,151,152,154,160,161,162,169,172,177,179,181,182,184,185,
  186,189,193,194,196,197,200,201,207,208,210,211,214,215,216,217,218,221,226,
  227,228,229,230,232,234,236,237,238,239,240,242,244,245,246,247,248,249,250,
  252,253,256,258,259,260,262,265,268,270,271,272,275,278,280,284,285,286,289,
  295],
 [5,8,15,17,18,24,26,27,29,35,41,44,48,57,58,59,62,70,77,79,87,88,96,99,102,
  103,114,115,118,120,125,128,134,137,158,159,163,164,165,167,170,171,174,178,
  180,187,188,191,195,206,209,219,243,251,255,257,264,267,273,277,282,287,297],
 [6,7,19,21,31,34,36,43,49,52,55,60,66,67,69,71,73,80,81,92,94,105,107,108,
  111,112,139,143,150,153,155,156,183,190,192,199,203,205,212,213,222,224,225,
  231,233,235,241,254,263,266,269,274,279,283,288,290,291,292,294,296,298,299,
  300]].
[[5,8,15,17,18,24,26,27,29,35,41,44,48,57,58,59,62,70,77,79,87,88,96,99,102,
  103,114,115,118,120,125,128,134,137,158,159,163,164,165,167,170,171,174,178,
  180,187,188,191,195,206,209,219,243,251,255,257,264,267,273,277,282,287,297],
 [1,2,3,4,9,10,11,12,13,14,16,20,22,25,28,30,32,33,38,39,40,42,46,47,50,51,53,
  54,56,61,63,64,68,72,74,75,76,78,82,83,84,86,89,90,91,93,95,97,98,100,104,
  109,116,117,119,121,123,124,126,127,129,131,132,133,135,136,138,140,141,142,
  144,145,146,148,149,151,152,154,160,161,162,169,172,177,179,181,182,184,185,
  186,189,193,194,196,197,200,201,207,208,210,211,214,215,216,217,218,221,226,
  227,228,229,230,232,234,236,237,238,239,240,242,244,245,246,247,248,249,250,
  252,253,256,258,259,260,262,265,268,270,271,272,275,278,280,284,285,286,289,
  295],
 [23,37,45,65,85,101,106,110,113,122,130,147,157,166,168,173,175,176,198,202,
  204,220,223,261,276,281,293]].
[[1,2,3,4,9,10,11,12,13,14,16,20,22,25,28,30,32,33,38,39,40,42,46,47,50,51,53,
  54,56,61,63,64,68,72,74,75,76,78,82,83,84,86,89,90,91,93,95,97,98,100,104,
  109,116,117,119,121,123,124,126,127,129,131,132,133,135,136,138,140,141,142,
  144,145,146,148,149,151,152,154,160,161,162,169,172,177,179,181,182,184,185,
  186,189,193,194,196,197,200,201,207,208,210,211,214,215,216,217,218,221,226,
  227,228,229,230,232,234,236,237,238,239,240,242,244,245,246,247,248,249,250,
  252,253,256,258,259,260,262,265,268,270,271,272,275,278,280,284,285,286,289,
  295],
 [5,8,15,17,18,24,26,27,29,35,41,44,48,57,58,59,62,70,77,79,87,88,96,99,102,
  103,114,115,118,120,125,128,134,137,158,159,163,164,165,167,170,171,174,178,
  180,187,188,191,195,206,209,219,243,251,255,257,264,267,273,277,282,287,297],
 [6,7,19,21,31,34,36,43,49,52,55,60,66,67,69,71,73,80,81,92,94,105,107,108,
  111,112,139,143,150,153,155,156,183,190,192,199,203,205,212,213,222,224,225,
  231,233,235,241,254,263,266,269,274,279,283,288,290,291,292,294,296,298,299,
  300]].
[[1,2,3,4,9,10,11,12,13,14,16,20,22,25,28,30,32,33,38,39,40,42,46,47,50,51,53,
  54,56,61,63,64,68,72,74,75,76,78,82,83,84,86,89,90,91,93,95,97,98,100,104,
  109,116,117,119,121,123,124,126,127,129,131,132,133,135,136,138,140,141,142,
  144,145,146,148,149,151,152,154,160,161,162,169,172,177,179,181,182,184,185,
  186,189,193,194,196,197,200,201,207,208,210,211,214,215,216,217,218,221,226,
  227,228,229,230,232,234,236,237,238,239,240,242,244,245,246,247,248,249,250,
  252,253,256,258,259,260,262,265,268,270,271,272,275,278,280,284,285,286,289,
  295],
 [5,8,15,17,18,24,26,27,29,35,41,44,48,57,58,59,62,70,77,79,87,88,96,99,102,
  103,114,115,118,120,125,128,134,137,158,159,163,164,165,167,170,171,174,178,
  180,187,188,191,195,206,209,219,243,251,255,257,264,267,273,277,282,287,297],
 [6,7,19,21,31,34,36,43,49,52,55,60,66,67,69,71,73,80,81,92,94,105,107,108,
  111,112,139,143,150,153,155,156,183,190,192,199,203,205,212,213,222,224,225,
  231,233,235,241,254,263,266,269,274,279,283,288,290,291,292,294,296,298,299,
  300]].
[[5,8,15,17,18,24,26,27,29,35,41,44,48,57,58,59,62,70,77,79,87,88,96,99,102,
  103,114,115,118,120,125,128,134,137,158,159,163,164,165,167,170,171,174,178,
  180,187,188,191,195,206,209,219,243,251,255,257,264,267,273,277,282,287,297],
 [1,2,3,4,9,10,11,12,13,14,16,20,22,25,28,30,32,33,38,39,40,42,46,47,50,51,53,
  54,56,61,63,64,68,72,74,75,76,78,82,83,84,86,89,90,91,93,95,97,98,100,104,
  109,116,117,119,121,123,124,126,127,129,131,132,133,135,136,138,140,141,142,
  144,145,146,148,149,151,152,154,160,161,162,169,172,177,179,181,182,184,185,
  186,189,193,194,196,197,200,201,207,208,210,211,214,215,216,217,218,221,226,
  227,228,229,230,232,234,236,237,238,239,240,242,244,245,246,247,248,249,250,
  252,253,256,258,259,260,262,265,268,270,271,272,275,278,280,284,285,286,289,
  295],
 [23,37,45,65,85,101,106,110,113,122,130,147,157,166,168,173,175,176,198,202,
  204,220,223,261,276,281,293]].
[[1,2,3,4,9,10,11,12,13,14,16,20,22,25,28,30,32,33,38,39,40,42,46,47,50,51,53,
  54,56,61,63,64,68,72,74,75,76,78,82,83,84,86,89,90,91,93,95,97,98,100,104,
  109,116,117,119,121,123,124,126,127,129,131,132,133,135,136,138,140,141,142,
  144,145,146,148,149,151,152,154,160,161,162,169,172,177,179,181,182,184,185,
  186,189,193,194,196,197,200,201,207,208,210,211,214,215,216,217,218,221,226,
  227,228,229,230,232,234,236,237,238,239,240,242,244,245,246,247,248,249,250,
  252,253,256,258,259,260,262,265,268,270,271,272,275,278,280,284,285,286,289,
  295],
 [5,8,15,17,18,24,26,27,29,35,41,44,48,57,58,59,62,70,77,79,87,88,96,99,102,
  103,114,115,118,120,125,128,134,137,158,159,163,164,165,167,170,171,174,178,
  180,187,188,191,195,206,209,219,243,251,255,257,264,267,273,277,282,287,297],
 [6,7,19,21,31,34,36,43,49,52,55,60,66,67,69,71,73,80,81,92,94,105,107,108,
  111,112,139,143,150,153,155,156,183,190,192,199,203,205,212,213,222,224,225,
  231,233,235,241,254,263,266,269,274,279,283,288,290,291,292,294,296,298,299,
  300]].
[[1,2,3,4,9,10,11,12,13,14,16,20,22,25,28,30,32,33,38,39,40,42,46,47,50,51,53,
  54,56,61,63,64,68,72,74,75,76,78,82,83,84,86,89,90,91,93,95,97,98,100,104,
  109,116,117,119,121,123,124,126,127,129,131,132,133,135,136,138,140,141,142,
  144,145,146,148,149,151,152,154,160,161,162,169,172,177,179,181,182,184,185,
  186,189,193,194,196,197,200,201,207,208,210,211,214,215,216,217,218,221,226,
  227,228,229,230,232,234,236,237,238,239,240,242,244,245,246,247,248,249,250,
  252,253,256,258,259,260,262,265,268,270,271,272,275,278,280,284,285,286,289,
  295],
 [5,8,15,17,18,24,26,27,29,35,41,44,48,57,58,59,62,70,77,79,87,88,96,99,102,
  103,114,115,118,120,125,128,134,137,158,159,163,164,165,167,170,171,174,178,
  180,187,188,191,195,206,209,219,243,251,255,257,264,267,273,277,282,287,297],
 [6,7,19,21,31,34,36,43,49,52,55,60,66,67,69,71,73,80,81,92,94,105,107,108,
  111,112,139,143,150,153,155,156,183,190,192,199,203,205,212,213,222,224,225,
  231,233,235,241,254,263,266,269,274,279,283,288,290,291,292,294,296,298,299,
  300]].
[[1,2,3,4,9,10,11,12,13,14,16,20,22,25,28,30,32,33,38,39,40,42,46,47,50,51,53,
  54,56,61,63,64,68,72,74,75,76,78,82,83,84,86,89,90,91,93,95,97,98,100,104,
  109,116,117,119,121,123,124,126,127,129,131,132,133,135,136,138,140,141,142,
  144,145,146,148,149,151,152,154,160,161,162,169,172,177,179,181,182,184,185,
  186,189,193,194,196,197,200,201,207,208,210,211,214,215,216,217,218,221,226,
  227,228,229,230,232,234,236,237,238,239,240,242,244,245,246,247,248,249,250,
  252,253,256,258,259,260,262,265,268,270,271,272,275,278,280,284,285,286,289,
  295],
 [5,8,15,17,18,24,26,27,29,35,41,44,48,57,58,59,62,70,77,79,87,88,96,99,102,
  103,114,115,118,120,125,128,134,137,158,159,163,164,165,167,170,171,174,178,
  180,187,188,191,195,206,209,219,243,251,255,257,264,267,273,277,282,287,297],
 [6,7,19,21,31,34,36,43,49,52,55,60,66,67,69,71,73,80,81,92,94,105,107,108,
  111,112,139,143,150,153,155,156,183,190,192,199,203,205,212,213,222,224,225,
  231,233,235,241,254,263,266,269,274,279,283,288,290,291,292,294,296,298,299,
  300]].
[[1,2,3,4,9,10,11,12,13,14,16,20,22,25,28,30,32,33,38,39,40,42,46,47,50,51,53,
  54,56,61,63,64,68,72,74,75,76,78,82,83,84,86,89,90,91,93,95,97,98,100,104,
  109,116,117,119,121,123,124,126,127,129,131,132,133,135,136,138,140,141,142,
  144,145,146,148,149,151,152,154,160,161,162,169,172,177,179,181,182,184,185,
  186,189,193,194,196,197,200,201,207,208,210,211,214,215,216,217,218,221,226,
  227,228,229,230,232,234,236,237,238,239,240,242,244,245,246,247,248,249,250,
  252,253,256,258,259,260,262,265,268,270,271,272,275,278,280,284,285,286,289,
  295],
 [5,8,15,17,18,24,26,27,29,35,41,44,48,57,58,59,62,70,77,79,87,88,96,99,102,
  103,114,115,118,120,125,128,134,137,158,159,163,164,165,167,170,171,174,178,
  180,187,188,191,195,206,209,219,243,251,255,257,264,267,273,277,282,287,297],
 [6,7,19,21,31,34,36,43,49,52,55,60,66,67,69,71,73,80,81,92,94,105,107,108,
  111,112,139,143,150,153,155,156,183,190,192,199,203,205,212,213,222,224,225,
  231,233,235,241,254,263,266,269,274,279,283,288,290,291,292,294,296,298,299,
  300]].
[[5,8,15,17,18,24,26,27,29,35,41,44,48,57,58,59,62,70,77,79,87,88,96,99,102,
  103,114,115,118,120,125,128,134,137,158,159,163,164,165,167,170,171,174,178,
  180,187,188,191,195,206,209,219,243,251,255,257,264,267,273,277,282,287,297],
 [1,2,3,4,9,10,11,12,13,14,16,20,22,25,28,30,32,33,38,39,40,42,46,47,50,51,53,
  54,56,61,63,64,68,72,74,75,76,78,82,83,84,86,89,90,91,93,95,97,98,100,104,
  109,116,117,119,121,123,124,126,127,129,131,132,133,135,136,138,140,141,142,
  144,145,146,148,149,151,152,154,160,161,162,169,172,177,179,181,182,184,185,
  186,189,193,194,196,197,200,201,207,208,210,211,214,215,216,217,218,221,226,
  227,228,229,230,232,234,236,237,238,239,240,242,244,245,246,247,248,249,250,
  252,253,256,258,259,260,262,265,268,270,271,272,275,278,280,284,285,286,289,
  295],
 [23,37,45,65,85,101,106,110,113,122,130,147,157,166,168,173,175,176,198,202,
  204,220,223,261,276,281,293]].
[[23,37,45,65,85,101,106,110,113,122,130,147,157,166,168,173,175,176,198,202,
  204,220,223,261,276,281,293],
 [6,7,19,21,31,34,36,43,49,52,55,60,66,67,69,71,73,80,81,92,94,105,107,108,
  111,112,139,143,150,153,155,156,183,190,192,199,203,205,212,213,222,224,225,
  231,233,235,241,254,263,266,269,274,279,283,288,290,291,292,294,296,298,299,
  300],
 [5,8,15,17,18,24,26,27,29,35,41,44,48,57,58,59,62,70,77,79,87,88,96,99,102,
  103,114,115,118,120,125,128,134,137,158,159,163,164,165,167,170,171,174,178,
  180,187,188,191,195,206,209,219,243,251,255,257,264,267,273,277,282,287,
  297]].
[[1,2,3,4,9,10,11,12,13,14,16,20,22,25,28,30,32,33,38,39,40,42,46,47,50,51,53,
  54,56,61,63,64,68,72,74,75,76,78,82,83,84,86,89,90,91,93,95,97,98,100,104,
  109,116,117,119,121,123,124,126,127,129,131,132,133,135,136,138,140,141,142,
  144,145,146,148,149,151,152,154,160,161,162,169,172,177,179,181,182,184,185,
  186,189,193,194,196,197,200,201,207,208,210,211,214,215,216,217,218,221,226,
  227,228,229,230,232,234,236,237,238,239,240,242,244,245,246,247,248,249,250,
  252,253,256,258,259,260,262,265,268,270,271,272,275,278,280,284,285,286,289,
  295],
 [5,8,15,17,18,24,26,27,29,35,41,44,48,57,58,59,62,70,77,79,87,88,96,99,102,
  103,114,115,118,120,125,128,134,137,158,159,163,164,165,167,170,171,174,178,
  180,187,188,191,195,206,209,219,243,251,255,257,264,267,273,277,282,287,297],
 [6,7,19,21,31,34,36,43,49,52,55,60,66,67,69,71,73,80,81,92,94,105,107,108,
  111,112,139,143,150,153,155,156,183,190,192,199,203,205,212,213,222,224,225,
  231,233,235,241,254,263,266,269,274,279,283,288,290,291,292,294,296,298,299,
  300]].
[[1,2,3,4,9,10,11,12,13,14,16,20,22,25,28,30,32,33,38,39,40,42,46,47,50,51,53,
  54,56,61,63,64,68,72,74,75,76,78,82,83,84,86,89,90,91,93,95,97,98,100,104,
  109,116,117,119,121,123,124,126,127,129,131,132,133,135,136,138,140,141,142,
  144,145,146,148,149,151,152,154,160,161,162,169,172,177,179,181,182,184,185,
  186,189,193,194,196,197,200,201,207,208,210,211,214,215,216,217,218,221,226,
  227,228,229,230,232,234,236,237,238,239,240,242,244,245,246,247,248,249,250,
  252,253,256,258,259,260,262,265,268,270,271,272,275,278,280,284,285,286,289,
  295],
 [5,8,15,17,18,24,26,27,29,35,41,44,48,57,58,59,62,70,77,79,87,88,96,99,102,
  103,114,115,118,120,125,128,134,137,158,159,163,164,165,167,170,171,174,178,
  180,187,188,191,195,206,209,219,243,251,255,257,264,267,273,277,282,287,297],
 [6,7,19,21,31,34,36,43,49,52,55,60,66,67,69,71,73,80,81,92,94,105,107,108,
  111,112,139,143,150,153,155,156,183,190,192,199,203,205,212,213,222,224,225,
  231,233,235,241,254,263,266,269,274,279,283,288,290,291,292,294,296,298,299,
  300]].
[[5,8,15,17,18,24,26,27,29,35,41,44,48,57,58,59,62,70,77,79,87,88,96,99,102,
  103,114,115,118,120,125,128,134,137,158,159,163,164,165,167,170,171,174,178,
  180,187,188,191,195,206,209,219,243,251,255,257,264,267,273,277,282,287,297],
 [1,2,3,4,9,10,11,12,13,14,16,20,22,25,28,30,32,33,38,39,40,42,46,47,50,51,53,
  54,56,61,63,64,68,72,74,75,76,78,82,83,84,86,89,90,91,93,95,97,98,100,104,
  109,116,117,119,121,123,124,126,127,129,131,132,133,135,136,138,140,141,142,
  144,145,146,148,149,151,152,154,160,161,162,169,172,177,179,181,182,184,185,
  186,189,193,194,196,197,200,201,207,208,210,211,214,215,216,217,218,221,226,
  227,228,229,230,232,234,236,237,238,239,240,242,244,245,246,247,248,249,250,
  252,253,256,258,259,260,262,265,268,270,271,272,275,278,280,284,285,286,289,
  295],
 [23,37,45,65,85,101,106,110,113,122,130,147,157,166,168,173,175,176,198,202,
  204,220,223,261,276,281,293]].
[[6,7,19,21,31,34,36,43,49,52,55,60,66,67,69,71,73,80,81,92,94,105,107,108,
  111,112,139,143,150,153,155,156,183,190,192,199,203,205,212,213,222,224,225,
  231,233,235,241,254,263,266,269,274,279,283,288,290,291,292,294,296,298,299,
  300],
 [23,37,45,65,85,101,106,110,113,122,130,147,157,166,168,173,175,176,198,202,
  204,220,223,261,276,281,293],
 [1,2,3,4,9,10,11,12,13,14,16,20,22,25,28,30,32,33,38,39,40,42,46,47,50,51,53,
  54,56,61,63,64,68,72,74,75,76,78,82,83,84,86,89,90,91,93,95,97,98,100,104,
  109,116,117,119,121,123,124,126,127,129,131,132,133,135,136,138,140,141,142,
  144,145,146,148,149,151,152,154,160,161,162,169,172,177,179,181,182,184,185,
  186,189,193,194,196,197,200,201,207,208,210,211,214,215,216,217,218,221,226,
  227,228,229,230,232,234,236,237,238,239,240,242,244,245,246,247,248,249,250,
  252,253,256,258,259,260,262,265,268,270,271,272,275,278,280,284,285,286,289,
  295]].
[[5,8,15,17,18,24,26,27,29,35,41,44,48,57,58,59,62,70,77,79,87,88,96,99,102,
  103,114,115,118,120,125,128,134,137,158,159,163,164,165,167,170,171,174,178,
  180,187,188,191,195,206,209,219,243,251,255,257,264,267,273,277,282,287,297],
 [1,2,3,4,9,10,11,12,13,14,16,20,22,25,28,30,32,33,38,39,40,42,46,47,50,51,53,
  54,56,61,63,64,68,72,74,75,76,78,82,83,84,86,89,90,91,93,95,97,98,100,104,
  109,116,117,119,121,123,124,126,127,129,131,132,133,135,136,138,140,141,142,
  144,145,146,148,149,151,152,154,160,161,162,169,172,177,179,181,182,184,185,
  186,189,193,194,196,197,200,201,207,208,210,211,214,215,216,217,218,221,226,
  227,228,229,230,232,234,236,237,238,239,240,242,244,245,246,247,248,249,250,
  252,253,256,258,259,260,262,265,268,270,271,272,275,278,280,284,285,286,289,
  295],
 [23,37,45,65,85,101,106,110,113,122,130,147,157,166,168,173,175,176,198,202,
  204,220,223,261,276,281,293]].
[[1,2,3,4,9,10,11,12,13,14,16,20,22,25,28,30,32,33,38,39,40,42,46,47,50,51,53,
  54,56,61,63,64,68,72,74,75,76,78,82,83,84,86,89,90,91,93,95,97,98,100,104,
  109,116,117,119,121,123,124,126,127,129,131,132,133,135,136,138,140,141,142,
  144,145,146,148,149,151,152,154,160,161,162,169,172,177,179,181,182,184,185,
  186,189,193,194,196,197,200,201,207,208,210,211,214,215,216,217,218,221,226,
  227,228,229,230,232,234,236,237,238,239,240,242,244,245,246,247,248,249,250,
  252,253,256,258,259,260,262,265,268,270,271,272,275,278,280,284,285,286,289,
  295],
 [5,8,15,17,18,24,26,27,29,35,41,44,48,57,58,59,62,70,77,79,87,88,96,99,102,
  103,114,115,118,120,125,128,134,137,158,159,163,164,165,167,170,171,174,178,
  180,187,188,191,195,206,209,219,243,251,255,257,264,267,273,277,282,287,297],
 [6,7,19,21,31,34,36,43,49,52,55,60,66,67,69,71,73,80,81,92,94,105,107,108,
  111,112,139,143,150,153,155,156,183,190,192,199,203,205,212,213,222,224,225,
  231,233,235,241,254,263,266,269,274,279,283,288,290,291,292,294,296,298,299,
  300]].
[[1,2,3,4,9,10,11,12,13,14,16,20,22,25,28,30,32,33,38,39,40,42,46,47,50,51,53,
  54,56,61,63,64,68,72,74,75,76,78,82,83,84,86,89,90,91,93,95,97,98,100,104,
  109,116,117,119,121,123,124,126,127,129,131,132,133,135,136,138,140,141,142,
  144,145,146,148,149,151,152,154,160,161,162,169,172,177,179,181,182,184,185,
  186,189,193,194,196,197,200,201,207,208,210,211,214,215,216,217,218,221,226,
  227,228,229,230,232,234,236,237,238,239,240,242,244,245,246,247,248,249,250,
  252,253,256,258,259,260,262,265,268,270,271,272,275,278,280,284,285,286,289,
  295],
