[[2,4,6,7,19,20,29,33,34,42,46,51,53,57,63,66,67,69,71,76,80,81,83,90,91,94,97,102,103,108,110,111,116,119,125,129,130,131,132,134,139,143,147,148,151,157,166,171,172,173,175,184,185,190,193,196,200,210,216,221,224,228,231,235,237,240,252,267,270,274,281,286,288,289,294,295,296,297,300],[1,5,21,36,43,47,60,62,64,65,75,79,84,96,109,112,113,118,126,136,137,165,182,195,199,202,213,217,238,241,242,247,248,249,260,261,263,264,268,285,298],[3,10,13,14,16,17,18,22,23,24,26,27,28,31,32,35,45,48,49,55,58,68,72,77,78,82,85,86,87,88,89,92,93,95,98,99,100,101,104,106,107,117,120,121,123,127,141,145,146,150,154,155,156,160,162,163,167,170,176,177,180,186,188,197,198,203,204,205,206,209,211,212,218,219,222,229,230,233,234,239,244,245,250,251,254,256,257,258,262,266,269,272,275,276,277,278,279,280,283,287,290]].
[[3,10,13,14,16,17,18,22,23,24,26,27,28,31,32,35,45,48,49,55,58,68,72,77,78,82,85,86,87,88,89,92,93,95,98,99,100,101,104,106,107,117,120,121,123,127,141,145,146,150,154,155,156,160,162,163,167,170,176,177,180,186,188,197,198,203,204,205,206,209,211,212,218,219,222,229,230,233,234,239,244,245,250,251,254,256,257,258,262,266,269,272,275,276,277,278,279,280,283,287,290],[8,9,11,12,15,25,30,37,38,39,40,41,44,50,52,54,56,59,61,70,73,74,105,114,115,122,124,128,133,135,138,140,142,144,149,152,153,158,159,161,164,168,169,174,178,179,181,183,187,189,191,192,194,201,207,208,214,215,220,223,225,226,227,232,236,243,246,253,255,259,265,271,273,282,284,291,292,293,299],[2,4,6,7,19,20,29,33,34,42,46,51,53,57,63,66,67,69,71,76,80,81,83,90,91,94,97,102,103,108,110,111,116,119,125,129,130,131,132,134,139,143,147,148,151,157,166,171,172,173,175,184,185,190,193,196,200,210,216,221,224,228,231,235,237,240,252,267,270,274,281,286,288,289,294,295,296,297,300]].
[[3,10,13,14,16,17,18,22,23,24,26,27,28,31,32,35,45,48,49,55,58,68,72,77,78,82,85,86,87,88,89,92,93,95,98,99,100,101,104,106,107,117,120,121,123,127,141,145,146,150,154,155,156,160,162,163,167,170,176,177,180,186,188,197,198,203,204,205,206,209,211,212,218,219,222,229,230,233,234,239,244,245,250,251,254,256,257,258,262,266,269,272,275,276,277,278,279,280,283,287,290],[8,9,11,12,15,25,30,37,38,39,40,41,44,50,52,54,56,59,61,70,73,74,105,114,115,122,124,128,133,135,138,140,142,144,149,152,153,158,159,161,164,168,169,174,178,179,181,183,187,189,191,192,194,201,207,208,214,215,220,223,225,226,227,232,236,243,246,253,255,259,265,271,273,282,284,291,292,293,299],[2,4,6,7,19,20,29,33,34,42,46,51,53,57,63,66,67,69,71,76,80,81,83,90,91,94,97,102,103,108,110,111,116,119,125,129,130,131,132,134,139,143,147,148,151,157,166,171,172,173,175,184,185,190,193,196,200,210,216,221,224,228,231,235,237,240,252,267,270,274,281,286,288,289,294,295,296,297,300]].
[[3,10,13,14,16,17,18,22,23,24,26,27,28,31,32,35,45,48,49,55,58,68,72,77,78,82,85,86,87,88,89,92,93,95,98,99,100,101,104,106,107,117,120,121,123,127,141,145,146,150,154,155,156,160,162,163,167,170,176,177,180,186,188,197,198,203,204,205,206,209,211,212,218,219,222,229,230,233,234,239,244,245,250,251,254,256,257,258,262,266,269,272,275,276,277,278,279,280,283,287,290],[8,9,11,12,15,25,30,37,38,39,40,41,44,50,52,54,56,59,61,70,73,74,105,114,115,122,124,128,133,135,138,140,142,144,149,152,153,158,159,161,164,168,169,174,178,179,181,183,187,189,191,192,194,201,207,208,214,215,220,223,225,226,227,232,236,243,246,253,255,259,265,271,273,282,284,291,292,293,299],[2,4,6,7,19,20,29,33,34,42,46,51,53,57,63,66,67,69,71,76,80,81,83,90,91,94,97,102,103,108,110,111,116,119,125,129,130,131,132,134,139,143,147,148,151,157,166,171,172,173,175,184,185,190,193,196,200,210,216,221,224,228,231,235,237,240,252,267,270,274,281,286,288,289,294,295,296,297,300]].
[[3,10,13,14,16,17,18,22,23,24,26,27,28,31,32,35,45,48,49,55,58,68,72,77,78,82,85,86,87,88,89,92,93,95,98,99,100,101,104,106,107,117,120,121,123,127,141,145,146,150,154,155,156,160,162,163,167,170,176,177,180,186,188,197,198,203,204,205,206,209,211,212,218,219,222,229,230,233,234,239,244,245,250,251,254,256,257,258,262,266,269,272,275,276,277,278,279,280,283,287,290],[8,9,11,12,15,25,30,37,38,39,40,41,44,50,52,54,56,59,61,70,73,74,105,114,115,122,124,128,133,135,138,140,142,144,149,152,153,158,159,161,164,168,169,174,178,179,181,183,187,189,191,192,194,201,207,208,214,215,220,223,225,226,227,232,236,243,246,253,255,259,265,271,273,282,284,291,292,293,299],[2,4,6,7,19,20,29,33,34,42,46,51,53,57,63,66,67,69,71,76,80,81,83,90,91,94,97,102,103,108,110,111,116,119,125,129,130,131,132,134,139,143,147,148,151,157,166,171,172,173,175,184,185,190,193,196,200,210,216,221,224,228,231,235,237,240,252,267,270,274,281,286,288,289,294,295,296,297,300]].
[[8,9,11,12,15,25,30,37,38,39,40,41,44,50,52,54,56,59,61,70,73,74,105,114,115,122,124,128,133,135,138,140,142,144,149,152,153,158,159,161,164,168,169,174,178,179,181,183,187,189,191,192,194,201,207,208,214,215,220,223,225,226,227,232,236,243,246,253,255,259,265,271,273,282,284,291,292,293,299],[3,10,13,14,16,17,18,22,23,24,26,27,28,31,32,35,45,48,49,55,58,68,72,77,78,82,85,86,87,88,89,92,93,95,98,99,100,101,104,106,107,117,120,121,123,127,141,145,146,150,154,155,156,160,162,163,167,170,176,177,180,186,188,197,198,203,204,205,206,209,211,212,218,219,222,229,230,233,234,239,244,245,250,251,254,256,257,258,262,266,269,272,275,276,277,278,279,280,283,287,290],[1,5,21,36,43,47,60,62,64,65,75,79,84,96,109,112,113,118,126,136,137,165,182,195,199,202,213,217,238,241,242,247,248,249,260,261,263,264,268,285,298]].
[[3,10,13,14,16,17,18,22,23,24,26,27,28,31,32,35,45,48,49,55,58,68,72,77,78,82,85,86,87,88,89,92,93,95,98,99,100,101,104,106,107,117,120,121,123,127,141,145,146,150,154,155,156,160,162,163,167,170,176,177,180,186,188,197,198,203,204,205,206,209,211,212,218,219,222,229,230,233,234,239,244,245,250,251,254,256,257,258,262,266,269,272,275,276,277,278,279,280,283,287,290],[8,9,11,12,15,25,30,37,38,39,40,41,44,50,52,54,56,59,61,70,73,74,105,114,115,122,124,128,133,135,138,140,142,144,149,152,153,158,159,161,164,168,169,174,178,179,181,183,187,189,191,192,194,201,207,208,214,215,220,223,225,226,227,232,236,243,246,253,255,259,265,271,273,282,284,291,292,293,299],[2,4,6,7,19,20,29,33,34,42,46,51,53,57,63,66,67,69,71,76,80,81,83,90,91,94,97,102,103,108,110,111,116,119,125,129,130,131,132,134,139,143,147,148,151,157,166,171,172,173,175,184,185,190,193,196,200,210,216,221,224,228,231,235,237,240,252,267,270,274,281,286,288,289,294,295,296,297,300]].
[[3,10,13,14,16,17,18,22,23,24,26,27,28,31,32,35,45,48,49,55,58,68,72,77,78,82,85,86,87,88,89,92,93,95,98,99,100,101,104,106,107,117,120,121,123,127,141,145,146,150,154,155,156,160,162,163,167,170,176,177,180,186,188,197,198,203,204,205,206,209,211,212,218,219,222,229,230,233,234,239,244,245,250,251,254,256,257,258,262,266,269,272,275,276,277,278,279,280,283,287,290],[8,9,11,12,15,25,30,37,38,39,40,41,44,50,52,54,56,59,61,70,73,74,105,114,115,122,124,128,133,135,138,140,142,144,149,152,153,158,159,161,164,168,169,174,178,179,181,183,187,189,191,192,194,201,207,208,214,215,220,223,225,226,227,232,236,243,246,253,255,259,265,271,273,282,284,291,292,293,299],[2,4,6,7,19,20,29,33,34,42,46,51,53,57,63,66,67,69,71,76,80,81,83,90,91,94,97,102,103,108,110,111,116,119,125,129,130,131,132,134,139,143,147,148,151,157,166,171,172,173,175,184,185,190,193,196,200,210,216,221,224,228,231,235,237,240,252,267,270,274,281,286,288,289,294,295,296,297,300]].
[[1,5,21,36,43,47,60,62,64,65,75,79,84,96,109,112,113,118,126,136,137,165,182,195,199,202,213,217,238,241,242,247,248,249,260,261,263,264,268,285,298],[2,4,6,7,19,20,29,33,34,42,46,51,53,57,63,66,67,69,71,76,80,81,83,90,91,94,97,102,103,108,110,111,116,119,125,129,130,131,132,134,139,143,147,148,151,157,166,171,172,173,175,184,185,190,193,196,200,210,216,221,224,228,231,235,237,240,252,267,270,274,281,286,288,289,294,295,296,297,300],[8,9,11,12,15,25,30,37,38,39,40,41,44,50,52,54,56,59,61,70,73,74,105,114,115,122,124,128,133,135,138,140,142,144,149,152,153,158,159,161,164,168,169,174,178,179,181,183,187,189,191,192,194,201,207,208,214,215,220,223,225,226,227,232,236,243,246,253,255,259,265,271,273,282,284,291,292,293,299]].
[[3,10,13,14,16,17,18,22,23,24,26,27,28,31,32,35,45,48,49,55,58,68,72,77,78,82,85,86,87,88,89,92,93,95,98,99,100,101,104,106,107,117,120,121,123,127,141,145,146,150,154,155,156,160,162,163,167,170,176,177,180,186,188,197,198,203,204,205,206,209,211,212,218,219,222,229,230,233,234,239,244,245,250,251,254,256,257,258,262,266,269,272,275,276,277,278,279,280,283,287,290],[8,9,11,12,15,25,30,37,38,39,40,41,44,50,52,54,56,59,61,70,73,74,105,114,115,122,124,128,133,135,138,140,142,144,149,152,153,158,159,161,164,168,169,174,178,179,181,183,187,189,191,192,194,201,207,208,214,215,220,223,225,226,227,232,236,243,246,253,255,259,265,271,273,282,284,291,292,293,299],[2,4,6,7,19,20,29,33,34,42,46,51,53,57,63,66,67,69,71,76,80,81,83,90,91,94,97,102,103,108,110,111,116,119,125,129,130,131,132,134,139,143,147,148,151,157,166,171,172,173,175,184,185,190,193,196,200,210,216,221,224,228,231,235,237,240,252,267,270,274,281,286,288,289,294,295,296,297,300]].
[[2,4,6,7,19,20,29,33,34,42,46,51,53,57,63,66,67,69,71,76,80,81,83,90,91,94,97,102,103,108,110,111,116,119,125,129,130,131,132,134,139,143,147,148,151,157,166,171,172,173,175,184,185,190,193,196,200,210,216,221,224,228,231,235,237,240,252,267,270,274,281,286,288,289,294,295,296,297,300],[1,5,21,36,43,47,60,62,64,65,75,79,84,96,109,112,113,118,126,136,137,165,182,195,199,202,213,217,238,241,242,247,248,249,260,261,263,264,268,285,298],[3,10,13,14,16,17,18,22,23,24,26,27,28,31,32,35,45,48,49,55,58,68,72,77,78,82,85,86,87,88,89,92,93,95,98,99,100,101,104,106,107,117,120,121,123,127,141,145,146,150,154,155,156,160,162,163,167,170,176,177,180,186,188,197,198,203,204,205,206,209,211,212,218,219,222,229,230,233,234,239,244,245,250,251,254,256,257,258,262,266,269,272,275,276,277,278,279,280,283,287,290]].
[[2,4,6,7,19,20,29,33,34,42,46,51,53,57,63,66,67,69,71,76,80,81,83,90,91,94,97,102,103,108,110,111,116,119,125,129,130,131,132,134,139,143,147,148,151,157,166,171,172,173,175,184,185,190,193,196,200,210,216,221,224,228,231,235,237,240,252,267,270,274,281,286,288,289,294,295,296,297,300],[1,5,21,36,43,47,60,62,64,65,75,79,84,96,109,112,113,118,126,136,137,165,182,195,199,202,213,217,238,241,242,247,248,249,260,261,263,264,268,285,298],[3,10,13,14,16,17,18,22,23,24,26,27,28,31,32,35,45,48,49,55,58,68,72,77,78,82,85,86,87,88,89,92,93,95,98,99,100,101,104,106,107,117,120,121,123,127,141,145,146,150,154,155,156,160,162,163,167,170,176,177,180,186,188,197,198,203,204,205,206,209,211,212,218,219,222,229,230,233,234,239,244,245,250,251,254,256,257,258,262,266,269,272,275,276,277,278,279,280,283,287,290]].
[[8,9,11,12,15,25,30,37,38,39,40,41,44,50,52,54,56,59,61,70,73,74,105,114,115,122,124,128,133,135,138,140,142,144,149,152,153,158,159,161,164,168,169,174,178,179,181,183,187,189,191,192,194,201,207,208,214,215,220,223,225,226,227,232,236,243,246,253,255,259,265,271,273,282,284,291,292,293,299],[3,10,13,14,16,17,18,22,23,24,26,27,28,31,32,35,45,48,49,55,58,68,72,77,78,82,85,86,87,88,89,92,93,95,98,99,100,101,104,106,107,117,120,121,123,127,141,145,146,150,154,155,156,160,162,163,167,170,176,177,180,186,188,197,198,203,204,205,206,209,211,212,218,219,222,229,230,233,234,239,244,245,250,251,254,256,257,258,262,266,269,272,275,276,277,278,279,280,283,287,290],[1,5,21,36,43,47,60,62,64,65,75,79,84,96,109,112,113,118,126,136,137,165,182,195,199,202,213,217,238,241,242,247,248,249,260,261,263,264,268,285,298]].
[[3,10,13,14,16,17,18,22,23,24,26,27,28,31,32,35,45,48,49,55,58,68,72,77,78,82,85,86,87,88,89,92,93,95,98,99,100,101,104,106,107,117,120,121,123,127,141,145,146,150,154,155,156,160,162,163,167,170,176,177,180,186,188,197,198,203,204,205,206,209,211,212,218,219,222,229,230,233,234,239,244,245,250,251,254,256,257,258,262,266,269,272,275,276,277,278,279,280,283,287,290],[8,9,11,12,15,25,30,37,38,39,40,41,44,50,52,54,56,59,61,70,73,74,105,114,115,122,124,128,133,135,138,140,142,144,149,152,153,158,159,161,164,168,169,174,178,179,181,183,187,189,191,192,194,201,207,208,214,215,220,223,225,226,227,232,236,243,246,253,255,259,265,271,273,282,284,291,292,293,299],[2,4,6,7,19,20,29,33,34,42,46,51,53,57,63,66,67,69,71,76,80,81,83,90,91,94,97,102,103,108,110,111,116,119,125,129,130,131,132,134,139,143,147,148,151,157,166,171,172,173,175,184,185,190,193,196,200,210,216,221,224,228,231,235,237,240,252,267,270,274,281,286,288,289,294,295,296,297,300]].
[[2,4,6,7,19,20,29,33,34,42,46,51,53,57,63,66,67,69,71,76,80,81,83,90,91,94,97,102,103,108,110,111,116,119,125,129,130,131,132,134,139,143,147,148,151,157,166,171,172,173,175,184,185,190,193,196,200,210,216,221,224,228,231,235,237,240,252,267,270,274,281,286,288,289,294,295,296,297,300],[1,5,21,36,43,47,60,62,64,65,75,79,84,96,109,112,113,118,126,136,137,165,182,195,199,202,213,217,238,241,242,247,248,249,260,261,263,264,268,285,298],[3,10,13,14,16,17,18,22,23,24,26,27,28,31,32,35,45,48,49,55,58,68,72,77,78,82,85,86,87,88,89,92,93,95,98,99,100,101,104,106,107,117,120,121,123,127,141,145,146,150,154,155,156,160,162,163,167,170,176,177,180,186,188,197,198,203,204,205,206,209,211,212,218,219,222,229,230,233,234,239,244,245,250,251,254,256,257,258,262,266,269,272,275,276,277,278,279,280,283,287,290]].
[[1,5,21,36,43,47,60,62,64,65,75,79,84,96,109,112,113,118,126,136,137,165,182,195,199,202,213,217,238,241,242,247,248,249,260,261,263,264,268,285,298],[2,4,6,7,19,20,29,33,34,42,46,51,53,57,63,66,67,69,71,76,80,81,83,90,91,94,97,102,103,108,110,111,116,119,125,129,130,131,132,134,139,143,147,148,151,157,166,171,172,173,175,184,185,190,193,196,200,210,216,221,224,228,231,235,237,240,252,267,270,274,281,286,288,289,294,295,296,297,300],[8,9,11,12,15,25,30,37,38,39,40,41,44,50,52,54,56,59,61,70,73,74,105,114,115,122,124,128,133,135,138,140,142,144,149,152,153,158,159,161,164,168,169,174,178,179,181,183,187,189,191,192,194,201,207,208,214,215,220,223,225,226,227,232,236,243,246,253,255,259,265,271,273,282,284,291,292,293,299]].
[[8,9,11,12,15,25,30,37,38,39,40,41,44,50,52,54,56,59,61,70,73,74,105,114,115,122,124,128,133,135,138,140,142,144,149,152,153,158,159,161,164,168,169,174,178,179,181,183,187,189,191,192,194,201,207,208,214,215,220,223,225,226,227,232,236,243,246,253,255,259,265,271,273,282,284,291,292,293,299],[3,10,13,14,16,17,18,22,23,24,26,27,28,31,32,35,45,48,49,55,58,68,72,77,78,82,85,86,87,88,89,92,93,95,98,99,100,101,104,106,107,117,120,121,123,127,141,145,146,150,154,155,156,160,162,163,167,170,176,177,180,186,188,197,198,203,204,205,206,209,211,212,218,219,222,229,230,233,234,239,244,245,250,251,254,256,257,258,262,266,269,272,275,276,277,278,279,280,283,287,290],[1,5,21,36,43,47,60,62,64,65,75,79,84,96,109,112,113,118,126,136,137,165,182,195,199,202,213,217,238,241,242,247,248,249,260,261,263,264,268,285,298]].
[[8,9,11,12,15,25,30,37,38,39,40,41,44,50,52,54,56,59,61,70,73,74,105,114,115,122,124,128,133,135,138,140,142,144,149,152,153,158,159,161,164,168,169,174,178,179,181,183,187,189,191,192,194,201,207,208,214,215,220,223,225,226,227,232,236,243,246,253,255,259,265,271,273,282,284,291,292,293,299],[3,10,13,14,16,17,18,22,23,24,26,27,28,31,32,35,45,48,49,55,58,68,72,77,78,82,85,86,87,88,89,92,93,95,98,99,100,101,104,106,107,117,120,121,123,127,141,145,146,150,154,155,156,160,162,163,167,170,176,177,180,186,188,197,198,203,204,205,206,209,211,212,218,219,222,229,230,233,234,239,244,245,250,251,254,256,257,258,262,266,269,272,275,276,277,278,279,280,283,287,290],[1,5,21,36,43,47,60,62,64,65,75,79,84,96,109,112,113,118,126,136,137,165,182,195,199,202,213,217,238,241,242,247,248,249,260,261,263,264,268,285,298]].
[[3,10,13,14,16,17,18,22,23,24,26,27,28,31,32,35,45,48,49,55,58,68,72,77,78,82,85,86,87,88,89,92,93,95,98,99,100,101,104,106,107,117,120,121,123,127,141,145,146,150,154,155,156,160,162,163,167,170,176,177,180,186,188,197,198,203,204,205,206,209,211,212,218,219,222,229,230,233,234,239,244,245,250,251,254,256,257,258,262,266,269,272,275,276,277,278,279,280,283,287,290],[8,9,11,12,15,25,30,37,38,39,40,41,44,50,52,54,56,59,61,70,73,74,105,114,115,122,124,128,133,135,138,140,142,144,149,152,153,158,159,161,164,168,169,174,178,179,181,183,187,189,191,192,194,201,207,208,214,215,220,223,225,226,227,232,236,243,246,253,255,259,265,271,273,282,284,291,292,293,299],[2,4,6,7,19,20,29,33,34,42,46,51,53,57,63,66,67,69,71,76,80,81,83,90,91,94,97,102,103,108,110,111,116,119,125,129,130,131,132,134,139,143,147,148,151,157,166,171,172,173,175,184,185,190,193,196,200,210,216,221,224,228,231,235,237,240,252,267,270,274,281,286,288,289,294,295,296,297,300]].
[[3,10,13,14,16,17,18,22,23,24,26,27,28,31,32,35,45,48,49,55,58,68,72,77,78,82,85,86,87,88,89,92,93,95,98,99,100,101,104,106,107,117,120,121,123,127,141,145,146,150,154,155,156,160,162,163,167,170,176,177,180,186,188,197,198,203,204,205,206,209,211,212,218,219,222,229,230,233,234,239,244,245,250,251,254,256,257,258,262,266,269,272,275,276,277,278,279,280,283,287,290],[8,9,11,12,15,25,30,37,38,39,40,41,44,50,52,54,56,59,61,70,73,74,105,114,115,122,124,128,133,135,138,140,142,144,149,152,153,158,159,161,164,168,169,174,178,179,181,183,187,189,191,192,194,201,207,208,214,215,220,223,225,226,227,232,236,243,246,253,255,259,265,271,273,282,284,291,292,293,299],[2,4,6,7,19,20,29,33,34,42,46,51,53,57,63,66,67,69,71,76,80,81,83,90,91,94,97,102,103,108,110,111,116,119,125,129,130,131,132,134,139,143,147,148,151,157,166,171,172,173,175,184,185,190,193,196,200,210,216,221,224,228,231,235,237,240,252,267,270,274,281,286,288,289,294,295,296,297,300]].
[[3,10,13,14,16,17,18,22,23,24,26,27,28,31,32,35,45,48,49,55,58,68,72,77,78,82,85,86,87,88,89,92,93,95,98,99,100,101,104,106,107,117,120,121,123,127,141,145,146,150,154,155,156,160,162,163,167,170,176,177,180,186,188,197,198,203,204,205,206,209,211,212,218,219,222,229,230,233,234,239,244,245,250,251,254,256,257,258,262,266,269,272,275,276,277,278,279,280,283,287,290],[8,9,11,12,15,25,30,37,38,39,40,41,44,50,52,54,56,59,61,70,73,74,105,114,115,122,124,128,133,135,138,140,142,144,149,152,153,158,159,161,164,168,169,174,178,179,181,183,187,189,191,192,194,201,207,208,214,215,220,223,225,226,227,232,236,243,246,253,255,259,265,271,273,282,284,291,292,293,299],[2,4,6,7,19,20,29,33,34,42,46,51,53,57,63,66,67,69,71,76,80,81,83,90,91,94,97,102,103,108,110,111,116,119,125,129,130,131,132,134,139,143,147,148,151,157,166,171,172,173,175,184,185,190,193,196,200,210,216,221,224,228,231,235,237,240,252,267,270,274,281,286,288,289,294,295,296,297,300]].
[[3,10,13,14,16,17,18,22,23,24,26,27,28,31,32,35,45,48,49,55,58,68,72,77,78,82,85,86,87,88,89,92,93,95,98,99,100,101,104,106,107,117,120,121,123,127,141,145,146,150,154,155,156,160,162,163,167,170,176,177,180,186,188,197,198,203,204,205,206,209,211,212,218,219,222,229,230,233,234,239,244,245,250,251,254,256,257,258,262,266,269,272,275,276,277,278,279,280,283,287,290],[8,9,11,12,15,25,30,37,38,39,40,41,44,50,52,54,56,59,61,70,73,74,105,114,115,122,124,128,133,135,138,140,142,144,149,152,153,158,159,161,164,168,169,174,178,179,181,183,187,189,191,192,194,201,207,208,214,215,220,223,225,226,227,232,236,243,246,253,255,259,265,271,273,282,284,291,292,293,299],[2,4,6,7,19,20,29,33,34,42,46,51,53,57,63,66,67,69,71,76,80,81,83,90,91,94,97,102,103,108,110,111,116,119,125,129,130,131,132,134,139,143,147,148,151,157,166,171,172,173,175,184,185,190,193,196,200,210,216,221,224,228,231,235,237,240,252,267,270,274,281,286,288,289,294,295,296,297,300]].
[[8,9,11,12,15,25,30,37,38,39,40,41,44,50,52,54,56,59,61,70,73,74,105,114,115,122,124,128,133,135,138,140,142,144,149,152,153,158,159,161,164,168,169,174,178,179,181,183,187,189,191,192,194,201,207,208,214,215,220,223,225,226,227,232,236,243,246,253,255,259,265,271,273,282,284,291,292,293,299],[3,10,13,14,16,17,18,22,23,24,26,27,28,31,32,35,45,48,49,55,58,68,72,77,78,82,85,86,87,88,89,92,93,95,98,99,100,101,104,106,107,117,120,121,123,127,141,145,146,150,154,155,156,160,162,163,167,170,176,177,180,186,188,197,198,203,204,205,206,209,211,212,218,219,222,229,230,233,234,239,244,245,250,251,254,256,257,258,262,266,269,272,275,276,277,278,279,280,283,287,290],[1,5,21,36,43,47,60,62,64,65,75,79,84,96,109,112,113,118,126,136,137,165,182,195,199,202,213,217,238,241,242,247,248,249,260,261,263,264,268,285,298]].
[[3,10,13,14,16,17,18,22,23,24,26,27,28,31,32,35,45,48,49,55,58,68,72,77,78,82,85,86,87,88,89,92,93,95,98,99,100,101,104,106,107,117,120,121,123,127,141,145,146,150,154,155,156,160,162,163,167,170,176,177,180,186,188,197,198,203,204,205,206,209,211,212,218,219,222,229,230,233,234,239,244,245,250,251,254,256,257,258,262,266,269,272,275,276,277,278,279,280,283,287,290],[8,9,11,12,15,25,30,37,38,39,40,41,44,50,52,54,56,59,61,70,73,74,105,114,115,122,124,128,133,135,138,140,142,144,149,152,153,158,159,161,164,168,169,174,178,179,181,183,187,189,191,192,194,201,207,208,214,215,220,223,225,226,227,232,236,243,246,253,255,259,265,271,273,282,284,291,292,293,299],[2,4,6,7,19,20,29,33,34,42,46,51,53,57,63,66,67,69,71,76,80,81,83,90,91,94,97,102,103,108,110,111,116,119,125,129,130,131,132,134,139,143,147,148,151,157,166,171,172,173,175,184,185,190,193,196,200,210,216,221,224,228,231,235,237,240,252,267,270,274,281,286,288,289,294,295,296,297,300]].
[[1,5,21,36,43,47,60,62,64,65,75,79,84,96,109,112,113,118,126,136,137,165,182,195,199,202,213,217,238,241,242,247,248,249,260,261,263,264,268,285,298],[2,4,6,7,19,20,29,33,34,42,46,51,53,57,63,66,67,69,71,76,80,81,83,90,91,94,97,102,103,108,110,111,116,119,125,129,130,131,132,134,139,143,147,148,151,157,166,171,172,173,175,184,185,190,193,196,200,210,216,221,224,228,231,235,237,240,252,267,270,274,281,286,288,289,294,295,296,297,300],[8,9,11,12,15,25,30,37,38,39,40,41,44,50,52,54,56,59,61,70,73,74,105,114,115,122,124,128,133,135,138,140,142,144,149,152,153,158,159,161,164,168,169,174,178,179,181,183,187,189,191,192,194,201,207,208,214,215,220,223,225,226,227,232,236,243,246,253,255,259,265,271,273,282,284,291,292,293,299]].
[[1,5,21,36,43,47,60,62,64,65,75,79,84,96,109,112,113,118,126,136,137,165,182,195,199,202,213,217,238,241,242,247,248,249,260,261,263,264,268,285,298],[2,4,6,7,19,20,29,33,34,42,46,51,53,57,63,66,67,69,71,76,80,81,83,90,91,94,97,102,103,108,110,111,116,119,125,129,130,131,132,134,139,143,147,148,151,157,166,171,172,173,175,184,185,190,193,196,200,210,216,221,224,228,231,235,237,240,252,267,270,274,281,286,288,289,294,295,296,297,300],[8,9,11,12,15,25,30,37,38,39,40,41,44,50,52,54,56,59,61,70,73,74,105,114,115,122,124,128,133,135,138,140,142,144,149,152,153,158,159,161,164,168,169,174,178,179,181,183,187,189,191,192,194,201,207,208,214,215,220,223,225,226,227,232,236,243,246,253,255,259,265,271,273,282,284,291,292,293,299]].
[[2,4,6,7,19,20,29,33,34,42,46,51,53,57,63,66,67,69,71,76,80,81,83,90,91,94,97,102,103,108,110,111,116,119,125,129,130,131,132,134,139,143,147,148,151,157,166,171,172,173,175,184,185,190,193,196,200,210,216,221,224,228,231,235,237,240,252,267,270,274,281,286,288,289,294,295,296,297,300],[1,5,21,36,43,47,60,62,64,65,75,79,84,96,109,112,113,118,126,136,137,165,182,195,199,202,213,217,238,241,242,247,248,249,260,261,263,264,268,285,298],[3,10,13,14,16,17,18,22,23,24,26,27,28,31,32,35,45,48,49,55,58,68,72,77,78,82,85,86,87,88,89,92,93,95,98,99,100,101,104,106,107,117,120,121,123,127,141,145,146,150,154,155,156,160,162,163,167,170,176,177,180,186,188,197,198,203,204,205,206,209,211,212,218,219,222,229,230,233,234,239,244,245,250,251,254,256,257,258,262,266,269,272,275,276,277,278,279,280,283,287,290]].
[[3,10,13,14,16,17,18,22,23,24,26,27,28,31,32,35,45,48,49,55,58,68,72,77,78,82,85,86,87,88,89,92,93,95,98,99,100,101,104,106,107,117,120,121,123,127,141,145,146,150,154,155,156,160,162,163,167,170,176,177,180,186,188,197,198,203,204,205,206,209,211,212,218,219,222,229,230,233,234,239,244,245,250,251,254,256,257,258,262,266,269,272,275,276,277,278,279,280,283,287,290],[8,9,11,12,15,25,30,37,38,39,40,41,44,50,52,54,56,59,61,70,73,74,105,114,115,122,124,128,133,135,138,140,142,144,149,152,153,158,159,161,164,168,169,174,178,179,181,183,187,189,191,192,194,201,207,208,214,215,220,223,225,226,227,232,236,243,246,253,255,259,265,271,273,282,284,291,292,293,299],[2,4,6,7,19,20,29,33,34,42,46,51,53,57,63,66,67,69,71,76,80,81,83,90,91,94,97,102,103,108,110,111,116,119,125,129,130,131,132,134,139,143,147,148,151,157,166,171,172,173,175,184,185,190,193,196,200,210,216,221,224,228,231,235,237,240,252,267,270,274,281,286,288,289,294,295,296,297,300]].
[[2,4,6,7,19,20,29,33,34,42,46,51,53,57,63,66,67,69,71,76,80,81,83,90,91,94,97,102,103,108,110,111,116,119,125,129,130,131,132,134,139,143,147,148,151,157,166,171,172,173,175,184,185,190,193,196,200,210,216,221,224,228,231,235,237,240,252,267,270,274,281,286,288,289,294,295,296,297,300],[1,5,21,36,43,47,60,62,64,65,75,79,84,96,109,112,113,118,126,136,137,165,182,195,199,202,213,217,238,241,242,247,248,249,260,261,263,264,268,285,298],[3,10,13,14,16,17,18,22,23,24,26,27,28,31,32,35,45,48,49,55,58,68,72,77,78,82,85,86,87,88,89,92,93,95,98,99,100,101,104,106,107,117,120,121,123,127,141,145,146,150,154,155,156,160,162,163,167,170,176,177,180,186,188,197,198,203,204,205,206,209,211,212,218,219,222,229,230,233,234,239,244,245,250,251,254,256,257,258,262,266,269,272,275,276,277,278,279,280,283,287,290]].
[[3,10,13,14,16,17,18,22,23,24,26,27,28,31,32,35,45,48,49,55,58,68,72,77,78,82,85,86,87,88,89,92,93,95,98,99,100,101,104,106,107,117,120,121,123,127,141,145,146,150,154,155,156,160,162,163,167,170,176,177,180,186,188,197,198,203,204,205,206,209,211,212,218,219,222,229,230,233,234,239,244,245,250,251,254,256,257,258,262,266,269,272,275,276,277,278,279,280,283,287,290],[8,9,11,12,15,25,30,37,38,39,40,41,44,50,52,54,56,59,61,70,73,74,105,114,115,122,124,128,133,135,138,140,142,144,149,152,153,158,159,161,164,168,169,174,178,179,181,183,187,189,191,192,194,201,207,208,214,215,220,223,225,226,227,232,236,243,246,253,255,259,265,271,273,282,284,291,292,293,299],[2,4,6,7,19,20,29,33,34,42,46,51,53,57,63,66,67,69,71,76,80,81,83,90,91,94,97,102,103,108,110,111,116,119,125,129,130,131,132,134,139,143,147,148,151,157,166,171,172,173,175,184,185,190,193,196,200,210,216,221,224,228,231,235,237,240,252,267,270,274,281,286,288,289,294,295,296,297,300]].
[[8,9,11,12,15,25,30,37,38,39,40,41,44,50,52,54,56,59,61,70,73,74,105,114,115,122,124,128,133,135,138,140,142,144,149,152,153,158,159,161,164,168,169,174,178,179,181,183,187,189,191,192,194,201,207,208,214,215,220,223,225,226,227,232,236,243,246,253,255,259,265,271,273,282,284,291,292,293,299],[3,10,13,14,16,17,18,22,23,24,26,27,28,31,32,35,45,48,49,55,58,68,72,77,78,82,85,86,87,88,89,92,93,95,98,99,100,101,104,106,107,117,120,121,123,127,141,145,146,150,154,155,156,160,162,163,167,170,176,177,180,186,188,197,198,203,204,205,206,209,211,212,218,219,222,229,230,233,234,239,244,245,250,251,254,256,257,258,262,266,269,272,275,276,277,278,279,280,283,287,290],[1,5,21,36,43,47,60,62,64,65,75,79,84,96,109,112,113,118,126,136,137,165,182,195,199,202,213,217,238,241,242,247,248,249,260,261,263,264,268,285,298]].
[[2,4,6,7,19,20,29,33,34,42,46,51,53,57,63,66,67,69,71,76,80,81,83,90,91,94,97,102,103,108,110,111,116,119,125,129,130,131,132,134,139,143,147,148,151,157,166,171,172,173,175,184,185,190,193,196,200,210,216,221,224,228,231,235,237,240,252,267,270,274,281,286,288,289,294,295,296,297,300],[1,5,21,36,43,47,60,62,64,65,75,79,84,96,109,112,113,118,126,136,137,165,182,195,199,202,213,217,238,241,242,247,248,249,260,261,263,264,268,285,298],[3,10,13,14,16,17,18,22,23,24,26,27,28,31,32,35,45,48,49,55,58,68,72,77,78,82,85,86,87,88,89,92,93,95,98,99,100,101,104,106,107,117,120,121,123,127,141,145,146,150,154,155,156,160,162,163,167,170,176,177,180,186,188,197,198,203,204,205,206,209,211,212,218,219,222,229,230,233,234,239,244,245,250,251,254,256,257,258,262,266,269,272,275,276,277,278,279,280,283,287,290]].
[[8,9,11,12,15,25,30,37,38,39,40,41,44,50,52,54,56,59,61,70,73,74,105,114,115,122,124,128,133,135,138,140,142,144,149,152,153,158,159,161,164,168,169,174,178,179,181,183,187,189,191,192,194,201,207,208,214,215,220,223,225,226,227,232,236,243,246,253,255,259,265,271,273,282,284,291,292,293,299],[3,10,13,14,16,17,18,22,23,24,26,27,28,31,32,35,45,48,49,55,58,68,72,77,78,82,85,86,87,88,89,92,93,95,98,99,100,101,104,106,107,117,120,121,123,127,141,145,146,150,154,155,156,160,162,163,167,170,176,177,180,186,188,197,198,203,204,205,206,209,211,212,218,219,222,229,230,233,234,239,244,245,250,251,254,256,257,258,262,266,269,272,275,276,277,278,279,280,283,287,290],[1,5,21,36,43,47,60,62,64,65,75,79,84,96,109,112,113,118,126,136,137,165,182,195,199,202,213,217,238,241,242,247,248,249,260,261,263,264,268,285,298]].
[[2,4,6,7,19,20,29,33,34,42,46,51,53,57,63,66,67,69,71,76,80,81,83,90,91,94,97,102,103,108,110,111,116,119,125,129,130,131,132,134,139,143,147,148,151,157,166,171,172,173,175,184,185,190,193,196,200,210,216,221,224,228,231,235,237,240,252,267,270,274,281,286,288,289,294,295,296,297,300],[1,5,21,36,43,47,60,62,64,65,75,79,84,96,109,112,113,118,126,136,137,165,182,195,199,202,213,217,238,241,242,247,248,249,260,261,263,264,268,285,298],[3,10,13,14,16,17,18,22,23,24,26,27,28,31,32,35,45,48,49,55,58,68,72,77,78,82,85,86,87,88,89,92,93,95,98,99,100,101,104,106,107,117,120,121,123,127,141,145,146,150,154,155,156,160,162,163,167,170,176,177,180,186,188,197,198,203,204,205,206,209,211,212,218,219,222,229,230,233,234,239,244,245,250,251,254,256,257,258,262,266,269,272,275,276,277,278,279,280,283,287,290]].
[[1,5,21,36,43,47,60,62,64,65,75,79,84,96,109,112,113,118,126,136,137,165,182,195,199,202,213,217,238,241,242,247,248,249,260,261,263,264,268,285,298],[2,4,6,7,19,20,29,33,34,42,46,51,53,57,63,66,67,69,71,76,80,81,83,90,91,94,97,102,103,108,110,111,116,119,125,129,130,131,132,134,139,143,147,148,151,157,166,171,172,173,175,184,185,190,193,196,200,210,216,221,224,228,231,235,237,240,252,267,270,274,281,286,288,289,294,295,296,297,300],[8,9,11,12,15,25,30,37,38,39,40,41,44,50,52,54,56,59,61,70,73,74,105,114,115,122,124,128,133,135,138,140,142,144,149,152,153,158,159,161,164,168,169,174,178,179,181,183,187,189,191,192,194,201,207,208,214,215,220,223,225,226,227,232,236,243,246,253,255,259,265,271,273,282,284,291,292,293,299]].
[[3,10,13,14,16,17,18,22,23,24,26,27,28,31,32,35,45,48,49,55,58,68,72,77,78,82,85,86,87,88,89,92,93,95,98,99,100,101,104,106,107,117,120,121,123,127,141,145,146,150,154,155,156,160,162,163,167,170,176,177,180,186,188,197,198,203,204,205,206,209,211,212,218,219,222,229,230,233,234,239,244,245,250,251,254,256,257,258,262,266,269,272,275,276,277,278,279,280,283,287,290],[8,9,11,12,15,25,30,37,38,39,40,41,44,50,52,54,56,59,61,70,73,74,105,114,115,122,124,128,133,135,138,140,142,144,149,152,153,158,159,161,164,168,169,174,178,179,181,183,187,189,191,192,194,201,207,208,214,215,220,223,225,226,227,232,236,243,246,253,255,259,265,271,273,282,284,291,292,293,299],[2,4,6,7,19,20,29,33,34,42,46,51,53,57,63,66,67,69,71,76,80,81,83,90,91,94,97,102,103,108,110,111,116,119,125,129,130,131,132,134,139,143,147,148,151,157,166,171,172,173,175,184,185,190,193,196,200,210,216,221,224,228,231,235,237,240,252,267,270,274,281,286,288,289,294,295,296,297,300]].
[[1,5,21,36,43,47,60,62,64,65,75,79,84,96,109,112,113,118,126,136,137,165,182,195,199,202,213,217,238,241,242,247,248,249,260,261,263,264,268,285,298],[2,4,6,7,19,20,29,33,34,42,46,51,53,57,63,66,67,69,71,76,80,81,83,90,91,94,97,102,103,108,110,111,116,119,125,129,130,131,132,134,139,143,147,148,151,157,166,171,172,173,175,184,185,190,193,196,200,210,216,221,224,228,231,235,237,240,252,267,270,274,281,286,288,289,294,295,296,297,300],[8,9,11,12,15,25,30,37,38,39,40,41,44,50,52,54,56,59,61,70,73,74,105,114,115,122,124,128,133,135,138,140,142,144,149,152,153,158,159,161,164,168,169,174,178,179,181,183,187,189,191,192,194,201,207,208,214,215,220,223,225,226,227,232,236,243,246,253,255,259,265,271,273,282,284,291,292,293,299]].
[[2,4,6,7,19,20,29,33,34,42,46,51,53,57,63,66,67,69,71,76,80,81,83,90,91,94,97,102,103,108,110,111,116,119,125,129,130,131,132,134,139,143,147,148,151,157,166,171,172,173,175,184,185,190,193,196,200,210,216,221,224,228,231,235,237,240,252,267,270,274,281,286,288,289,294,295,296,297,300],[1,5,21,36,43,47,60,62,64,65,75,79,84,96,109,112,113,118,126,136,137,165,182,195,199,202,213,217,238,241,242,247,248,249,260,261,263,264,268,285,298],[3,10,13,14,16,17,18,22,23,24,26,27,28,31,32,35,45,48,49,55,58,68,72,77,78,82,85,86,87,88,89,92,93,95,98,99,100,101,104,106,107,117,120,121,123,127,141,145,146,150,154,155,156,160,162,163,167,170,176,177,180,186,188,197,198,203,204,205,206,209,211,212,218,219,222,229,230,233,234,239,244,245,250,251,254,256,257,258,262,266,269,272,275,276,277,278,279,280,283,287,290]].
[[3,10,13,14,16,17,18,22,23,24,26,27,28,31,32,35,45,48,49,55,58,68,72,77,78,82,85,86,87,88,89,92,93,95,98,99,100,101,104,106,107,117,120,121,123,127,141,145,146,150,154,155,156,160,162,163,167,170,176,177,180,186,188,197,198,203,204,205,206,209,211,212,218,219,222,229,230,233,234,239,244,245,250,251,254,256,257,258,262,266,269,272,275,276,277,278,279,280,283,287,290],[8,9,11,12,15,25,30,37,38,39,40,41,44,50,52,54,56,59,61,70,73,74,105,114,115,122,124,128,133,135,138,140,142,144,149,152,153,158,159,161,164,168,169,174,178,179,181,183,187,189,191,192,194,201,207,208,214,215,220,223,225,226,227,232,236,243,246,253,255,259,265,271,273,282,284,291,292,293,299],[2,4,6,7,19,20,29,33,34,42,46,51,53,57,63,66,67,69,71,76,80,81,83,90,91,94,97,102,103,108,110,111,116,119,125,129,130,131,132,134,139,143,147,148,151,157,166,171,172,173,175,184,185,190,193,196,200,210,216,221,224,228,231,235,237,240,252,267,270,274,281,286,288,289,294,295,296,297,300]].
[[8,9,11,12,15,25,30,37,38,39,40,41,44,50,52,54,56,59,61,70,73,74,105,114,115,122,124,128,133,135,138,140,142,144,149,152,153,158,159,161,164,168,169,174,178,179,181,183,187,189,191,192,194,201,207,208,214,215,220,223,225,226,227,232,236,243,246,253,255,259,265,271,273,282,284,291,292,293,299],[3,10,13,14,16,17,18,22,23,24,26,27,28,31,32,35,45,48,49,55,58,68,72,77,78,82,85,86,87,88,89,92,93,95,98,99,100,101,104,106,107,117,120,121,123,127,141,145,146,150,154,155,156,160,162,163,167,170,176,177,180,186,188,197,198,203,204,205,206,209,211,212,218,219,222,229,230,233,234,239,244,245,250,251,254,256,257,258,262,266,269,272,275,276,277,278,279,280,283,287,290],[1,5,21,36,43,47,60,62,64,65,75,79,84,96,109,112,113,118,126,136,137,165,182,195,199,202,213,217,238,241,242,247,248,249,260,261,263,264,268,285,298]].
[[2,4,6,7,19,20,29,33,34,42,46,51,53,57,63,66,67,69,71,76,80,81,83,90,91,94,97,102,103,108,110,111,116,119,125,129,130,131,132,134,139,143,147,148,151,157,166,171,172,173,175,184,185,190,193,196,200,210,216,221,224,228,231,235,237,240,252,267,270,274,281,286,288,289,294,295,296,297,300],[1,5,21,36,43,47,60,62,64,65,75,79,84,96,109,112,113,118,126,136,137,165,182,195,199,202,213,217,238,241,242,247,248,249,260,261,263,264,268,285,298],[3,10,13,14,16,17,18,22,23,24,26,27,28,31,32,35,45,48,49,55,58,68,72,77,78,82,85,86,87,88,89,92,93,95,98,99,100,101,104,106,107,117,120,121,123,127,141,145,146,150,154,155,156,160,162,163,167,170,176,177,180,186,188,197,198,203,204,205,206,209,211,212,218,219,222,229,230,233,234,239,244,245,250,251,254,256,257,258,262,266,269,272,275,276,277,278,279,280,283,287,290]].
[[8,9,11,12,15,25,30,37,38,39,40,41,44,50,52,54,56,59,61,70,73,74,105,114,115,122,124,128,133,135,138,140,142,144,149,152,153,158,159,161,164,168,169,174,178,179,181,183,187,189,191,192,194,201,207,208,214,215,220,223,225,226,227,232,236,243,246,253,255,259,265,271,273,282,284,291,292,293,299],[3,10,13,14,16,17,18,22,23,24,26,27,28,31,32,35,45,48,49,55,58,68,72,77,78,82,85,86,87,88,89,92,93,95,98,99,100,101,104,106,107,117,120,121,123,127,141,145,146,150,154,155,156,160,162,163,167,170,176,177,180,186,188,197,198,203,204,205,206,209,211,212,218,219,222,229,230,233,234,239,244,245,250,251,254,256,257,258,262,266,269,272,275,276,277,278,279,280,283,287,290],[1,5,21,36,43,47,60,62,64,65,75,79,84,96,109,112,113,118,126,136,137,165,182,195,199,202,213,217,238,241,242,247,248,249,260,261,263,264,268,285,298]].
[[3,10,13,14,16,17,18,22,23,24,26,27,28,31,32,35,45,48,49,55,58,68,72,77,78,82,85,86,87,88,89,92,93,95,98,99,100,101,104,106,107,117,120,121,123,127,141,145,146,150,154,155,156,160,162,163,167,170,176,177,180,186,188,197,198,203,204,205,206,209,211,212,218,219,222,229,230,233,234,239,244,245,250,251,254,256,257,258,262,266,269,272,275,276,277,278,279,280,283,287,290],[8,9,11,12,15,25,30,37,38,39,40,41,44,50,52,54,56,59,61,70,73,74,105,114,115,122,124,128,133,135,138,140,142,144,149,152,153,158,159,161,164,168,169,174,178,179,181,183,187,189,191,192,194,201,207,208,214,215,220,223,225,226,227,232,236,243,246,253,255,259,265,271,273,282,284,291,292,293,299],[2,4,6,7,19,20,29,33,34,42,46,51,53,57,63,66,67,69,71,76,80,81,83,90,91,94,97,102,103,108,110,111,116,119,125,129,130,131,132,134,139,143,147,148,151,157,166,171,172,173,175,184,185,190,193,196,200,210,216,221,224,228,231,235,237,240,252,267,270,274,281,286,288,289,294,295,296,297,300]].
[[2,4,6,7,19,20,29,33,34,42,46,51,53,57,63,66,67,69,71,76,80,81,83,90,91,94,97,102,103,108,110,111,116,119,125,129,130,131,132,134,139,143,147,148,151,157,166,171,172,173,175,184,185,190,193,196,200,210,216,221,224,228,231,235,237,240,252,267,270,274,281,286,288,289,294,295,296,297,300],[1,5,21,36,43,47,60,62,64,65,75,79,84,96,109,112,113,118,126,136,137,165,182,195,199,202,213,217,238,241,242,247,248,249,260,261,263,264,268,285,298],[3,10,13,14,16,17,18,22,23,24,26,27,28,31,32,35,45,48,49,55,58,68,72,77,78,82,85,86,87,88,89,92,93,95,98,99,100,101,104,106,107,117,120,121,123,127,141,145,146,150,154,155,156,160,162,163,167,170,176,177,180,186,188,197,198,203,204,205,206,209,211,212,218,219,222,229,230,233,234,239,244,245,250,251,254,256,257,258,262,266,269,272,275,276,277,278,279,280,283,287,290]].
[[3,10,13,14,16,17,18,22,23,24,26,27,28,31,32,35,45,48,49,55,58,68,72,77,78,82,85,86,87,88,89,92,93,95,98,99,100,101,104,106,107,117,120,121,123,127,141,145,146,150,154,155,156,160,162,163,167,170,176,177,180,186,188,197,198,203,204,205,206,209,211,212,218,219,222,229,230,233,234,239,244,245,250,251,254,256,257,258,262,266,269,272,275,276,277,278,279,280,283,287,290],[8,9,11,12,15,25,30,37,38,39,40,41,44,50,52,54,56,59,61,70,73,74,105,114,115,122,124,128,133,135,138,140,142,144,149,152,153,158,159,161,164,168,169,174,178,179,181,183,187,189,191,192,194,201,207,208,214,215,220,223,225,226,227,232,236,243,246,253,255,259,265,271,273,282,284,291,292,293,299],[2,4,6,7,19,20,29,33,34,42,46,51,53,57,63,66,67,69,71,76,80,81,83,90,91,94,97,102,103,108,110,111,116,119,125,129,130,131,132,134,139,143,147,148,151,157,166,171,172,173,175,184,185,190,193,196,200,210,216,221,224,228,231,235,237,240,252,267,270,274,281,286,288,289,294,295,296,297,300]].
[[8,9,11,12,15,25,30,37,38,39,40,41,44,50,52,54,56,59,61,70,73,74,105,114,115,122,124,128,133,135,138,140,142,144,149,152,153,158,159,161,164,168,169,174,178,179,181,183,187,189,191,192,194,201,207,208,214,215,220,223,225,226,227,232,236,243,246,253,255,259,265,271,273,282,284,291,292,293,299],[3,10,13,14,16,17,18,22,23,24,26,27,28,31,32,35,45,48,49,55,58,68,72,77,78,82,85,86,87,88,89,92,93,95,98,99,100,101,104,106,107,117,120,121,123,127,141,145,146,150,154,155,156,160,162,163,167,170,176,177,180,186,188,197,198,203,204,205,206,209,211,212,218,219,222,229,230,233,234,239,244,245,250,251,254,256,257,258,262,266,269,272,275,276,277,278,279,280,283,287,290],[1,5,21,36,43,47,60,62,64,65,75,79,84,96,109,112,113,118,126,136,137,165,182,195,199,202,213,217,238,241,242,247,248,249,260,261,263,264,268,285,298]].
