[[3,4,7,9,10,14,19,20,21,23,24,29,30,32,35,37,39,40,41,42,43,44,46,51,56,61,
  63,64,66,71,73,74,75,76,79,85,86,94,95,98,101,102,105,107,108,109,111,113,
  115,117,119,120,125,132,135,137,140,148,152,156,163,166,167,169,172,173,176,
  177,183,185,192,199,201,213,214,216,222,226,227,231,233,235,237,239,240,243,
  247,249,250,251,253,254,255,262,266,267,268,272,275,276,277,281,282,283,284,
  287,289,292,296,298,299,300],
 [1,5,12,16,18,22,25,27,34,45,49,53,58,62,68,69,70,72,77,82,87,89,91,99,103,
  104,112,121,128,130,133,134,136,143,145,153,159,165,170,179,181,182,184,187,
  188,193,197,198,200,207,208,217,219,224,230,232,242,246,248,263,270,273,278,
  285,286,293,294,297],
 [6,13,31,33,38,47,60,67,78,80,81,88,90,92,97,100,122,123,124,127,129,138,139,
  141,142,144,149,150,151,157,158,160,164,171,174,178,180,186,189,190,191,194,
  195,196,202,203,204,205,210,212,220,221,223,228,229,234,236,244,252,256,258,
  260,271,279,280,288,290,291]].
[[6,13,31,33,38,47,60,67,78,80,81,88,90,92,97,100,122,123,124,127,129,138,139,
  141,142,144,149,150,151,157,158,160,164,171,174,178,180,186,189,190,191,194,
  195,196,202,203,204,205,210,212,220,221,223,228,229,234,236,244,252,256,258,
  260,271,279,280,288,290,291],
 [2,8,11,15,17,26,28,36,48,50,52,54,55,57,59,65,83,84,93,96,106,110,114,116,
  118,126,131,146,147,154,155,161,162,168,175,206,209,211,215,218,225,238,241,
  245,257,259,261,264,265,269,274,295],
 [3,4,7,9,10,14,19,20,21,23,24,29,30,32,35,37,39,40,41,42,43,44,46,51,56,61,
  63,64,66,71,73,74,75,76,79,85,86,94,95,98,101,102,105,107,108,109,111,113,
  115,117,119,120,125,132,135,137,140,148,152,156,163,166,167,169,172,173,176,
  177,183,185,192,199,201,213,214,216,222,226,227,231,233,235,237,239,240,243,
  247,249,250,251,253,254,255,262,266,267,268,272,275,276,277,281,282,283,284,
  287,289,292,296,298,299,300]].
[[1,5,12,16,18,22,25,27,34,45,49,53,58,62,68,69,70,72,77,82,87,89,91,99,103,
  104,112,121,128,130,133,134,136,143,145,153,159,165,170,179,181,182,184,187,
  188,193,197,198,200,207,208,217,219,224,230,232,242,246,248,263,270,273,278,
  285,286,293,294,297],
 [3,4,7,9,10,14,19,20,21,23,24,29,30,32,35,37,39,40,41,42,43,44,46,51,56,61,
  63,64,66,71,73,74,75,76,79,85,86,94,95,98,101,102,105,107,108,109,111,113,
  115,117,119,120,125,132,135,137,140,148,152,156,163,166,167,169,172,173,176,
  177,183,185,192,199,201,213,214,216,222,226,227,231,233,235,237,239,240,243,
  247,249,250,251,253,254,255,262,266,267,268,272,275,276,277,281,282,283,284,
  287,289,292,296,298,299,300],
 [2,8,11,15,17,26,28,36,48,50,52,54,55,57,59,65,83,84,93,96,106,110,114,116,
  118,126,131,146,147,154,155,161,162,168,175,206,209,211,215,218,225,238,241,
  245,257,259,261,264,265,269,274,295]].
[[6,13,31,33,38,47,60,67,78,80,81,88,90,92,97,100,122,123,124,127,129,138,139,
  141,142,144,149,150,151,157,158,160,164,171,174,178,180,186,189,190,191,194,
  195,196,202,203,204,205,210,212,220,221,223,228,229,234,236,244,252,256,258,
  260,271,279,280,288,290,291],
 [2,8,11,15,17,26,28,36,48,50,52,54,55,57,59,65,83,84,93,96,106,110,114,116,
  118,126,131,146,147,154,155,161,162,168,175,206,209,211,215,218,225,238,241,
  245,257,259,261,264,265,269,274,295],
 [3,4,7,9,10,14,19,20,21,23,24,29,30,32,35,37,39,40,41,42,43,44,46,51,56,61,
  63,64,66,71,73,74,75,76,79,85,86,94,95,98,101,102,105,107,108,109,111,113,
  115,117,119,120,125,132,135,137,140,148,152,156,163,166,167,169,172,173,176,
  177,183,185,192,199,201,213,214,216,222,226,227,231,233,235,237,239,240,243,
  247,249,250,251,253,254,255,262,266,267,268,272,275,276,277,281,282,283,284,
  287,289,292,296,298,299,300]].
[[3,4,7,9,10,14,19,20,21,23,24,29,30,32,35,37,39,40,41,42,43,44,46,51,56,61,
  63,64,66,71,73,74,75,76,79,85,86,94,95,98,101,102,105,107,108,109,111,113,
  115,117,119,120,125,132,135,137,140,148,152,156,163,166,167,169,172,173,176,
  177,183,185,192,199,201,213,214,216,222,226,227,231,233,235,237,239,240,243,
  247,249,250,251,253,254,255,262,266,267,268,272,275,276,277,281,282,283,284,
  287,289,292,296,298,299,300],
 [1,5,12,16,18,22,25,27,34,45,49,53,58,62,68,69,70,72,77,82,87,89,91,99,103,
  104,112,121,128,130,133,134,136,143,145,153,159,165,170,179,181,182,184,187,
  188,193,197,198,200,207,208,217,219,224,230,232,242,246,248,263,270,273,278,
  285,286,293,294,297],
 [6,13,31,33,38,47,60,67,78,80,81,88,90,92,97,100,122,123,124,127,129,138,139,
  141,142,144,149,150,151,157,158,160,164,171,174,178,180,186,189,190,191,194,
  195,196,202,203,204,205,210,212,220,221,223,228,229,234,236,244,252,256,258,
  260,271,279,280,288,290,291]].
[[2,8,11,15,17,26,28,36,48,50,52,54,55,57,59,65,83,84,93,96,106,110,114,116,
  118,126,131,146,147,154,155,161,162,168,175,206,209,211,215,218,225,238,241,
  245,257,259,261,264,265,269,274,295],
 [6,13,31,33,38,47,60,67,78,80,81,88,90,92,97,100,122,123,124,127,129,138,139,
  141,142,144,149,150,151,157,158,160,164,171,174,178,180,186,189,190,191,194,
  195,196,202,203,204,205,210,212,220,221,223,228,229,234,236,244,252,256,258,
  260,271,279,280,288,290,291],
 [1,5,12,16,18,22,25,27,34,45,49,53,58,62,68,69,70,72,77,82,87,89,91,99,103,
  104,112,121,128,130,133,134,136,143,145,153,159,165,170,179,181,182,184,187,
  188,193,197,198,200,207,208,217,219,224,230,232,242,246,248,263,270,273,278,
  285,286,293,294,297]].
[[3,4,7,9,10,14,19,20,21,23,24,29,30,32,35,37,39,40,41,42,43,44,46,51,56,61,
  63,64,66,71,73,74,75,76,79,85,86,94,95,98,101,102,105,107,108,109,111,113,
  115,117,119,120,125,132,135,137,140,148,152,156,163,166,167,169,172,173,176,
  177,183,185,192,199,201,213,214,216,222,226,227,231,233,235,237,239,240,243,
  247,249,250,251,253,254,255,262,266,267,268,272,275,276,277,281,282,283,284,
  287,289,292,296,298,299,300],
 [1,5,12,16,18,22,25,27,34,45,49,53,58,62,68,69,70,72,77,82,87,89,91,99,103,
  104,112,121,128,130,133,134,136,143,145,153,159,165,170,179,181,182,184,187,
  188,193,197,198,200,207,208,217,219,224,230,232,242,246,248,263,270,273,278,
  285,286,293,294,297],
 [6,13,31,33,38,47,60,67,78,80,81,88,90,92,97,100,122,123,124,127,129,138,139,
  141,142,144,149,150,151,157,158,160,164,171,174,178,180,186,189,190,191,194,
  195,196,202,203,204,205,210,212,220,221,223,228,229,234,236,244,252,256,258,
  260,271,279,280,288,290,291]].
[[3,4,7,9,10,14,19,20,21,23,24,29,30,32,35,37,39,40,41,42,43,44,46,51,56,61,
  63,64,66,71,73,74,75,76,79,85,86,94,95,98,101,102,105,107,108,109,111,113,
  115,117,119,120,125,132,135,137,140,148,152,156,163,166,167,169,172,173,176,
  177,183,185,192,199,201,213,214,216,222,226,227,231,233,235,237,239,240,243,
  247,249,250,251,253,254,255,262,266,267,268,272,275,276,277,281,282,283,284,
  287,289,292,296,298,299,300],
 [1,5,12,16,18,22,25,27,34,45,49,53,58,62,68,69,70,72,77,82,87,89,91,99,103,
  104,112,121,128,130,133,134,136,143,145,153,159,165,170,179,181,182,184,187,
  188,193,197,198,200,207,208,217,219,224,230,232,242,246,248,263,270,273,278,
  285,286,293,294,297],
 [6,13,31,33,38,47,60,67,78,80,81,88,90,92,97,100,122,123,124,127,129,138,139,
  141,142,144,149,150,151,157,158,160,164,171,174,178,180,186,189,190,191,194,
  195,196,202,203,204,205,210,212,220,221,223,228,229,234,236,244,252,256,258,
  260,271,279,280,288,290,291]].
[[6,13,31,33,38,47,60,67,78,80,81,88,90,92,97,100,122,123,124,127,129,138,139,
  141,142,144,149,150,151,157,158,160,164,171,174,178,180,186,189,190,191,194,
  195,196,202,203,204,205,210,212,220,221,223,228,229,234,236,244,252,256,258,
  260,271,279,280,288,290,291],
 [2,8,11,15,17,26,28,36,48,50,52,54,55,57,59,65,83,84,93,96,106,110,114,116,
  118,126,131,146,147,154,155,161,162,168,175,206,209,211,215,218,225,238,241,
  245,257,259,261,264,265,269,274,295],
 [3,4,7,9,10,14,19,20,21,23,24,29,30,32,35,37,39,40,41,42,43,44,46,51,56,61,
  63,64,66,71,73,74,75,76,79,85,86,94,95,98,101,102,105,107,108,109,111,113,
  115,117,119,120,125,132,135,137,140,148,152,156,163,166,167,169,172,173,176,
  177,183,185,192,199,201,213,214,216,222,226,227,231,233,235,237,239,240,243,
  247,249,250,251,253,254,255,262,266,267,268,272,275,276,277,281,282,283,284,
  287,289,292,296,298,299,300]].
[[1,5,12,16,18,22,25,27,34,45,49,53,58,62,68,69,70,72,77,82,87,89,91,99,103,
  104,112,121,128,130,133,134,136,143,145,153,159,165,170,179,181,182,184,187,
  188,193,197,198,200,207,208,217,219,224,230,232,242,246,248,263,270,273,278,
  285,286,293,294,297],
 [3,4,7,9,10,14,19,20,21,23,24,29,30,32,35,37,39,40,41,42,43,44,46,51,56,61,
  63,64,66,71,73,74,75,76,79,85,86,94,95,98,101,102,105,107,108,109,111,113,
  115,117,119,120,125,132,135,137,140,148,152,156,163,166,167,169,172,173,176,
  177,183,185,192,199,201,213,214,216,222,226,227,231,233,235,237,239,240,243,
  247,249,250,251,253,254,255,262,266,267,268,272,275,276,277,281,282,283,284,
  287,289,292,296,298,299,300],
 [2,8,11,15,17,26,28,36,48,50,52,54,55,57,59,65,83,84,93,96,106,110,114,116,
  118,126,131,146,147,154,155,161,162,168,175,206,209,211,215,218,225,238,241,
  245,257,259,261,264,265,269,274,295]].
[[3,4,7,9,10,14,19,20,21,23,24,29,30,32,35,37,39,40,41,42,43,44,46,51,56,61,
  63,64,66,71,73,74,75,76,79,85,86,94,95,98,101,102,105,107,108,109,111,113,
  115,117,119,120,125,132,135,137,140,148,152,156,163,166,167,169,172,173,176,
  177,183,185,192,199,201,213,214,216,222,226,227,231,233,235,237,239,240,243,
  247,249,250,251,253,254,255,262,266,267,268,272,275,276,277,281,282,283,284,
  287,289,292,296,298,299,300],
 [1,5,12,16,18,22,25,27,34,45,49,53,58,62,68,69,70,72,77,82,87,89,91,99,103,
  104,112,121,128,130,133,134,136,143,145,153,159,165,170,179,181,182,184,187,
  188,193,197,198,200,207,208,217,219,224,230,232,242,246,248,263,270,273,278,
  285,286,293,294,297],
 [6,13,31,33,38,47,60,67,78,80,81,88,90,92,97,100,122,123,124,127,129,138,139,
  141,142,144,149,150,151,157,158,160,164,171,174,178,180,186,189,190,191,194,
  195,196,202,203,204,205,210,212,220,221,223,228,229,234,236,244,252,256,258,
  260,271,279,280,288,290,291]].
[[6,13,31,33,38,47,60,67,78,80,81,88,90,92,97,100,122,123,124,127,129,138,139,
  141,142,144,149,150,151,157,158,160,164,171,174,178,180,186,189,190,191,194,
  195,196,202,203,204,205,210,212,220,221,223,228,229,234,236,244,252,256,258,
  260,271,279,280,288,290,291],
 [2,8,11,15,17,26,28,36,48,50,52,54,55,57,59,65,83,84,93,96,106,110,114,116,
  118,126,131,146,147,154,155,161,162,168,175,206,209,211,215,218,225,238,241,
  245,257,259,261,264,265,269,274,295],
 [3,4,7,9,10,14,19,20,21,23,24,29,30,32,35,37,39,40,41,42,43,44,46,51,56,61,
  63,64,66,71,73,74,75,76,79,85,86,94,95,98,101,102,105,107,108,109,111,113,
  115,117,119,120,125,132,135,137,140,148,152,156,163,166,167,169,172,173,176,
  177,183,185,192,199,201,213,214,216,222,226,227,231,233,235,237,239,240,243,
  247,249,250,251,253,254,255,262,266,267,268,272,275,276,277,281,282,283,284,
  287,289,292,296,298,299,300]].
[[3,4,7,9,10,14,19,20,21,23,24,29,30,32,35,37,39,40,41,42,43,44,46,51,56,61,
  63,64,66,71,73,74,75,76,79,85,86,94,95,98,101,102,105,107,108,109,111,113,
  115,117,119,120,125,132,135,137,140,148,152,156,163,166,167,169,172,173,176,
  177,183,185,192,199,201,213,214,216,222,226,227,231,233,235,237,239,240,243,
  247,249,250,251,253,254,255,262,266,267,268,272,275,276,277,281,282,283,284,
  287,289,292,296,298,299,300],
 [1,5,12,16,18,22,25,27,34,45,49,53,58,62,68,69,70,72,77,82,87,89,91,99,103,
  104,112,121,128,130,133,134,136,143,145,153,159,165,170,179,181,182,184,187,
  188,193,197,198,200,207,208,217,219,224,230,232,242,246,248,263,270,273,278,
  285,286,293,294,297],
 [6,13,31,33,38,47,60,67,78,80,81,88,90,92,97,100,122,123,124,127,129,138,139,
  141,142,144,149,150,151,157,158,160,164,171,174,178,180,186,189,190,191,194,
  195,196,202,203,204,205,210,212,220,221,223,228,229,234,236,244,252,256,258,
  260,271,279,280,288,290,291]].
[[6,13,31,33,38,47,60,67,78,80,81,88,90,92,97,100,122,123,124,127,129,138,139,
  141,142,144,149,150,151,157,158,160,164,171,174,178,180,186,189,190,191,194,
  195,196,202,203,204,205,210,212,220,221,223,228,229,234,236,244,252,256,258,
  260,271,279,280,288,290,291],
 [2,8,11,15,17,26,28,36,48,50,52,54,55,57,59,65,83,84,93,96,106,110,114,116,
  118,126,131,146,147,154,155,161,162,168,175,206,209,211,215,218,225,238,241,
  245,257,259,261,264,265,269,274,295],
 [3,4,7,9,10,14,19,20,21,23,24,29,30,32,35,37,39,40,41,42,43,44,46,51,56,61,
  63,64,66,71,73,74,75,76,79,85,86,94,95,98,101,102,105,107,108,109,111,113,
  115,117,119,120,125,132,135,137,140,148,152,156,163,166,167,169,172,173,176,
  177,183,185,192,199,201,213,214,216,222,226,227,231,233,235,237,239,240,243,
  247,249,250,251,253,254,255,262,266,267,268,272,275,276,277,281,282,283,284,
  287,289,292,296,298,299,300]].
[[2,8,11,15,17,26,28,36,48,50,52,54,55,57,59,65,83,84,93,96,106,110,114,116,
  118,126,131,146,147,154,155,161,162,168,175,206,209,211,215,218,225,238,241,
  245,257,259,261,264,265,269,274,295],
 [6,13,31,33,38,47,60,67,78,80,81,88,90,92,97,100,122,123,124,127,129,138,139,
  141,142,144,149,150,151,157,158,160,164,171,174,178,180,186,189,190,191,194,
  195,196,202,203,204,205,210,212,220,221,223,228,229,234,236,244,252,256,258,
  260,271,279,280,288,290,291],
 [1,5,12,16,18,22,25,27,34,45,49,53,58,62,68,69,70,72,77,82,87,89,91,99,103,
  104,112,121,128,130,133,134,136,143,145,153,159,165,170,179,181,182,184,187,
  188,193,197,198,200,207,208,217,219,224,230,232,242,246,248,263,270,273,278,
  285,286,293,294,297]].
[[3,4,7,9,10,14,19,20,21,23,24,29,30,32,35,37,39,40,41,42,43,44,46,51,56,61,
  63,64,66,71,73,74,75,76,79,85,86,94,95,98,101,102,105,107,108,109,111,113,
  115,117,119,120,125,132,135,137,140,148,152,156,163,166,167,169,172,173,176,
  177,183,185,192,199,201,213,214,216,222,226,227,231,233,235,237,239,240,243,
  247,249,250,251,253,254,255,262,266,267,268,272,275,276,277,281,282,283,284,
  287,289,292,296,298,299,300],
 [1,5,12,16,18,22,25,27,34,45,49,53,58,62,68,69,70,72,77,82,87,89,91,99,103,
  104,112,121,128,130,133,134,136,143,145,153,159,165,170,179,181,182,184,187,
  188,193,197,198,200,207,208,217,219,224,230,232,242,246,248,263,270,273,278,
  285,286,293,294,297],
 [6,13,31,33,38,47,60,67,78,80,81,88,90,92,97,100,122,123,124,127,129,138,139,
  141,142,144,149,150,151,157,158,160,164,171,174,178,180,186,189,190,191,194,
  195,196,202,203,204,205,210,212,220,221,223,228,229,234,236,244,252,256,258,
  260,271,279,280,288,290,291]].
[[3,4,7,9,10,14,19,20,21,23,24,29,30,32,35,37,39,40,41,42,43,44,46,51,56,61,
  63,64,66,71,73,74,75,76,79,85,86,94,95,98,101,102,105,107,108,109,111,113,
  115,117,119,120,125,132,135,137,140,148,152,156,163,166,167,169,172,173,176,
  177,183,185,192,199,201,213,214,216,222,226,227,231,233,235,237,239,240,243,
  247,249,250,251,253,254,255,262,266,267,268,272,275,276,277,281,282,283,284,
  287,289,292,296,298,299,300],
 [1,5,12,16,18,22,25,27,34,45,49,53,58,62,68,69,70,72,77,82,87,89,91,99,103,
  104,112,121,128,130,133,134,136,143,145,153,159,165,170,179,181,182,184,187,
  188,193,197,198,200,207,208,217,219,224,230,232,242,246,248,263,270,273,278,
  285,286,293,294,297],
 [6,13,31,33,38,47,60,67,78,80,81,88,90,92,97,100,122,123,124,127,129,138,139,
  141,142,144,149,150,151,157,158,160,164,171,174,178,180,186,189,190,191,194,
  195,196,202,203,204,205,210,212,220,221,223,228,229,234,236,244,252,256,258,
  260,271,279,280,288,290,291]].
[[3,4,7,9,10,14,19,20,21,23,24,29,30,32,35,37,39,40,41,42,43,44,46,51,56,61,
  63,64,66,71,73,74,75,76,79,85,86,94,95,98,101,102,105,107,108,109,111,113,
  115,117,119,120,125,132,135,137,140,148,152,156,163,166,167,169,172,173,176,
  177,183,185,192,199,201,213,214,216,222,226,227,231,233,235,237,239,240,243,
  247,249,250,251,253,254,255,262,266,267,268,272,275,276,277,281,282,283,284,
  287,289,292,296,298,299,300],
 [1,5,12,16,18,22,25,27,34,45,49,53,58,62,68,69,70,72,77,82,87,89,91,99,103,
  104,112,121,128,130,133,134,136,143,145,153,159,165,170,179,181,182,184,187,
  188,193,197,198,200,207,208,217,219,224,230,232,242,246,248,263,270,273,278,
  285,286,293,294,297],
 [6,13,31,33,38,47,60,67,78,80,81,88,90,92,97,100,122,123,124,127,129,138,139,
  141,142,144,149,150,151,157,158,160,164,171,174,178,180,186,189,190,191,194,
  195,196,202,203,204,205,210,212,220,221,223,228,229,234,236,244,252,256,258,
  260,271,279,280,288,290,291]].
[[3,4,7,9,10,14,19,20,21,23,24,29,30,32,35,37,39,40,41,42,43,44,46,51,56,61,
  63,64,66,71,73,74,75,76,79,85,86,94,95,98,101,102,105,107,108,109,111,113,
  115,117,119,120,125,132,135,137,140,148,152,156,163,166,167,169,172,173,176,
  177,183,185,192,199,201,213,214,216,222,226,227,231,233,235,237,239,240,243,
  247,249,250,251,253,254,255,262,266,267,268,272,275,276,277,281,282,283,284,
  287,289,292,296,298,299,300],
 [1,5,12,16,18,22,25,27,34,45,49,53,58,62,68,69,70,72,77,82,87,89,91,99,103,
  104,112,121,128,130,133,134,136,143,145,153,159,165,170,179,181,182,184,187,
  188,193,197,198,200,207,208,217,219,224,230,232,242,246,248,263,270,273,278,
  285,286,293,294,297],
 [6,13,31,33,38,47,60,67,78,80,81,88,90,92,97,100,122,123,124,127,129,138,139,
  141,142,144,149,150,151,157,158,160,164,171,174,178,180,186,189,190,191,194,
  195,196,202,203,204,205,210,212,220,221,223,228,229,234,236,244,252,256,258,
  260,271,279,280,288,290,291]].
[[6,13,31,33,38,47,60,67,78,80,81,88,90,92,97,100,122,123,124,127,129,138,139,
  141,142,144,149,150,151,157,158,160,164,171,174,178,180,186,189,190,191,194,
  195,196,202,203,204,205,210,212,220,221,223,228,229,234,236,244,252,256,258,
  260,271,279,280,288,290,291],
 [2,8,11,15,17,26,28,36,48,50,52,54,55,57,59,65,83,84,93,96,106,110,114,116,
  118,126,131,146,147,154,155,161,162,168,175,206,209,211,215,218,225,238,241,
  245,257,259,261,264,265,269,274,295],
 [3,4,7,9,10,14,19,20,21,23,24,29,30,32,35,37,39,40,41,42,43,44,46,51,56,61,
  63,64,66,71,73,74,75,76,79,85,86,94,95,98,101,102,105,107,108,109,111,113,
  115,117,119,120,125,132,135,137,140,148,152,156,163,166,167,169,172,173,176,
  177,183,185,192,199,201,213,214,216,222,226,227,231,233,235,237,239,240,243,
  247,249,250,251,253,254,255,262,266,267,268,272,275,276,277,281,282,283,284,
  287,289,292,296,298,299,300]].
[[3,4,7,9,10,14,19,20,21,23,24,29,30,32,35,37,39,40,41,42,43,44,46,51,56,61,
  63,64,66,71,73,74,75,76,79,85,86,94,95,98,101,102,105,107,108,109,111,113,
  115,117,119,120,125,132,135,137,140,148,152,156,163,166,167,169,172,173,176,
  177,183,185,192,199,201,213,214,216,222,226,227,231,233,235,237,239,240,243,
  247,249,250,251,253,254,255,262,266,267,268,272,275,276,277,281,282,283,284,
  287,289,292,296,298,299,300],
 [1,5,12,16,18,22,25,27,34,45,49,53,58,62,68,69,70,72,77,82,87,89,91,99,103,
  104,112,121,128,130,133,134,136,143,145,153,159,165,170,179,181,182,184,187,
  188,193,197,198,200,207,208,217,219,224,230,232,242,246,248,263,270,273,278,
  285,286,293,294,297],
 [6,13,31,33,38,47,60,67,78,80,81,88,90,92,97,100,122,123,124,127,129,138,139,
  141,142,144,149,150,151,157,158,160,164,171,174,178,180,186,189,190,191,194,
  195,196,202,203,204,205,210,212,220,221,223,228,229,234,236,244,252,256,258,
  260,271,279,280,288,290,291]].
[[2,8,11,15,17,26,28,36,48,50,52,54,55,57,59,65,83,84,93,96,106,110,114,116,
  118,126,131,146,147,154,155,161,162,168,175,206,209,211,215,218,225,238,241,
  245,257,259,261,264,265,269,274,295],
 [6,13,31,33,38,47,60,67,78,80,81,88,90,92,97,100,122,123,124,127,129,138,139,
  141,142,144,149,150,151,157,158,160,164,171,174,178,180,186,189,190,191,194,
  195,196,202,203,204,205,210,212,220,221,223,228,229,234,236,244,252,256,258,
  260,271,279,280,288,290,291],
 [1,5,12,16,18,22,25,27,34,45,49,53,58,62,68,69,70,72,77,82,87,89,91,99,103,
  104,112,121,128,130,133,134,136,143,145,153,159,165,170,179,181,182,184,187,
  188,193,197,198,200,207,208,217,219,224,230,232,242,246,248,263,270,273,278,
  285,286,293,294,297]].
[[3,4,7,9,10,14,19,20,21,23,24,29,30,32,35,37,39,40,41,42,43,44,46,51,56,61,
  63,64,66,71,73,74,75,76,79,85,86,94,95,98,101,102,105,107,108,109,111,113,
  115,117,119,120,125,132,135,137,140,148,152,156,163,166,167,169,172,173,176,
  177,183,185,192,199,201,213,214,216,222,226,227,231,233,235,237,239,240,243,
  247,249,250,251,253,254,255,262,266,267,268,272,275,276,277,281,282,283,284,
  287,289,292,296,298,299,300],
 [1,5,12,16,18,22,25,27,34,45,49,53,58,62,68,69,70,72,77,82,87,89,91,99,103,
  104,112,121,128,130,133,134,136,143,145,153,159,165,170,179,181,182,184,187,
  188,193,197,198,200,207,208,217,219,224,230,232,242,246,248,263,270,273,278,
  285,286,293,294,297],
 [6,13,31,33,38,47,60,67,78,80,81,88,90,92,97,100,122,123,124,127,129,138,139,
  141,142,144,149,150,151,157,158,160,164,171,174,178,180,186,189,190,191,194,
  195,196,202,203,204,205,210,212,220,221,223,228,229,234,236,244,252,256,258,
  260,271,279,280,288,290,291]].
[[1,5,12,16,18,22,25,27,34,45,49,53,58,62,68,69,70,72,77,82,87,89,91,99,103,
  104,112,121,128,130,133,134,136,143,145,153,159,165,170,179,181,182,184,187,
  188,193,197,198,200,207,208,217,219,224,230,232,242,246,248,263,270,273,278,
  285,286,293,294,297],
 [3,4,7,9,10,14,19,20,21,23,24,29,30,32,35,37,39,40,41,42,43,44,46,51,56,61,
  63,64,66,71,73,74,75,76,79,85,86,94,95,98,101,102,105,107,108,109,111,113,
  115,117,119,120,125,132,135,137,140,148,152,156,163,166,167,169,172,173,176,
  177,183,185,192,199,201,213,214,216,222,226,227,231,233,235,237,239,240,243,
  247,249,250,251,253,254,255,262,266,267,268,272,275,276,277,281,282,283,284,
  287,289,292,296,298,299,300],
 [2,8,11,15,17,26,28,36,48,50,52,54,55,57,59,65,83,84,93,96,106,110,114,116,
  118,126,131,146,147,154,155,161,162,168,175,206,209,211,215,218,225,238,241,
  245,257,259,261,264,265,269,274,295]].
[[6,13,31,33,38,47,60,67,78,80,81,88,90,92,97,100,122,123,124,127,129,138,139,
  141,142,144,149,150,151,157,158,160,164,171,174,178,180,186,189,190,191,194,
  195,196,202,203,204,205,210,212,220,221,223,228,229,234,236,244,252,256,258,
  260,271,279,280,288,290,291],
 [2,8,11,15,17,26,28,36,48,50,52,54,55,57,59,65,83,84,93,96,106,110,114,116,
  118,126,131,146,147,154,155,161,162,168,175,206,209,211,215,218,225,238,241,
  245,257,259,261,264,265,269,274,295],
 [3,4,7,9,10,14,19,20,21,23,24,29,30,32,35,37,39,40,41,42,43,44,46,51,56,61,
  63,64,66,71,73,74,75,76,79,85,86,94,95,98,101,102,105,107,108,109,111,113,
  115,117,119,120,125,132,135,137,140,148,152,156,163,166,167,169,172,173,176,
  177,183,185,192,199,201,213,214,216,222,226,227,231,233,235,237,239,240,243,
  247,249,250,251,253,254,255,262,266,267,268,272,275,276,277,281,282,283,284,
  287,289,292,296,298,299,300]].
[[1,5,12,16,18,22,25,27,34,45,49,53,58,62,68,69,70,72,77,82,87,89,91,99,103,
  104,112,121,128,130,133,134,136,143,145,153,159,165,170,179,181,182,184,187,
  188,193,197,198,200,207,208,217,219,224,230,232,242,246,248,263,270,273,278,
  285,286,293,294,297],
 [3,4,7,9,10,14,19,20,21,23,24,29,30,32,35,37,39,40,41,42,43,44,46,51,56,61,
  63,64,66,71,73,74,75,76,79,85,86,94,95,98,101,102,105,107,108,109,111,113,
  115,117,119,120,125,132,135,137,140,148,152,156,163,166,167,169,172,173,176,
  177,183,185,192,199,201,213,214,216,222,226,227,231,233,235,237,239,240,243,
  247,249,250,251,253,254,255,262,266,267,268,272,275,276,277,281,282,283,284,
  287,289,292,296,298,299,300],
 [2,8,11,15,17,26,28,36,48,50,52,54,55,57,59,65,83,84,93,96,106,110,114,116,
  118,126,131,146,147,154,155,161,162,168,175,206,209,211,215,218,225,238,241,
  245,257,259,261,264,265,269,274,295]].
[[6,13,31,33,38,47,60,67,78,80,81,88,90,92,97,100,122,123,124,127,129,138,139,
  141,142,144,149,150,151,157,158,160,164,171,174,178,180,186,189,190,191,194,
  195,196,202,203,204,205,210,212,220,221,223,228,229,234,236,244,252,256,258,
  260,271,279,280,288,290,291],
 [2,8,11,15,17,26,28,36,48,50,52,54,55,57,59,65,83,84,93,96,106,110,114,116,
  118,126,131,146,147,154,155,161,162,168,175,206,209,211,215,218,225,238,241,
  245,257,259,261,264,265,269,274,295],
 [3,4,7,9,10,14,19,20,21,23,24,29,30,32,35,37,39,40,41,42,43,44,46,51,56,61,
  63,64,66,71,73,74,75,76,79,85,86,94,95,98,101,102,105,107,108,109,111,113,
  115,117,119,120,125,132,135,137,140,148,152,156,163,166,167,169,172,173,176,
  177,183,185,192,199,201,213,214,216,222,226,227,231,233,235,237,239,240,243,
  247,249,250,251,253,254,255,262,266,267,268,272,275,276,277,281,282,283,284,
  287,289,292,296,298,299,300]].
[[6,13,31,33,38,47,60,67,78,80,81,88,90,92,97,100,122,123,124,127,129,138,139,
  141,142,144,149,150,151,157,158,160,164,171,174,178,180,186,189,190,191,194,
  195,196,202,203,204,205,210,212,220,221,223,228,229,234,236,244,252,256,258,
  260,271,279,280,288,290,291],
 [2,8,11,15,17,26,28,36,48,50,52,54,55,57,59,65,83,84,93,96,106,110,114,116,
  118,126,131,146,147,154,155,161,162,168,175,206,209,211,215,218,225,238,241,
  245,257,259,261,264,265,269,274,295],
 [3,4,7,9,10,14,19,20,21,23,24,29,30,32,35,37,39,40,41,42,43,44,46,51,56,61,
  63,64,66,71,73,74,75,76,79,85,86,94,95,98,101,102,105,107,108,109,111,113,
  115,117,119,120,125,132,135,137,140,148,152,156,163,166,167,169,172,173,176,
  177,183,185,192,199,201,213,214,216,222,226,227,231,233,235,237,239,240,243,
  247,249,250,251,253,254,255,262,266,267,268,272,275,276,277,281,282,283,284,
  287,289,292,296,298,299,300]].
[[3,4,7,9,10,14,19,20,21,23,24,29,30,32,35,37,39,40,41,42,43,44,46,51,56,61,
  63,64,66,71,73,74,75,76,79,85,86,94,95,98,101,102,105,107,108,109,111,113,
  115,117,119,120,125,132,135,137,140,148,152,156,163,166,167,169,172,173,176,
  177,183,185,192,199,201,213,214,216,222,226,227,231,233,235,237,239,240,243,
  247,249,250,251,253,254,255,262,266,267,268,272,275,276,277,281,282,283,284,
  287,289,292,296,298,299,300],
 [1,5,12,16,18,22,25,27,34,45,49,53,58,62,68,69,70,72,77,82,87,89,91,99,103,
  104,112,121,128,130,133,134,136,143,145,153,159,165,170,179,181,182,184,187,
  188,193,197,198,200,207,208,217,219,224,230,232,242,246,248,263,270,273,278,
  285,286,293,294,297],
 [6,13,31,33,38,47,60,67,78,80,81,88,90,92,97,100,122,123,124,127,129,138,139,
  141,142,144,149,150,151,157,158,160,164,171,174,178,180,186,189,190,191,194,
  195,196,202,203,204,205,210,212,220,221,223,228,229,234,236,244,252,256,258,
  260,271,279,280,288,290,291]].
[[2,8,11,15,17,26,28,36,48,50,52,54,55,57,59,65,83,84,93,96,106,110,114,116,
  118,126,131,146,147,154,155,161,162,168,175,206,209,211,215,218,225,238,241,
  245,257,259,261,264,265,269,274,295],
 [6,13,31,33,38,47,60,67,78,80,81,88,90,92,97,100,122,123,124,127,129,138,139,
  141,142,144,149,150,151,157,158,160,164,171,174,178,180,186,189,190,191,194,
  195,196,202,203,204,205,210,212,220,221,223,228,229,234,236,244,252,256,258,
  260,271,279,280,288,290,291],
 [1,5,12,16,18,22,25,27,34,45,49,53,58,62,68,69,70,72,77,82,87,89,91,99,103,
  104,112,121,128,130,133,134,136,143,145,153,159,165,170,179,181,182,184,187,
  188,193,197,198,200,207,208,217,219,224,230,232,242,246,248,263,270,273,278,
  285,286,293,294,297]].
[[2,8,11,15,17,26,28,36,48,50,52,54,55,57,59,65,83,84,93,96,106,110,114,116,
  118,126,131,146,147,154,155,161,162,168,175,206,209,211,215,218,225,238,241,
  245,257,259,261,264,265,269,274,295],
 [6,13,31,33,38,47,60,67,78,80,81,88,90,92,97,100,122,123,124,127,129,138,139,
  141,142,144,149,150,151,157,158,160,164,171,174,178,180,186,189,190,191,194,
  195,196,202,203,204,205,210,212,220,221,223,228,229,234,236,244,252,256,258,
  260,271,279,280,288,290,291],
 [1,5,12,16,18,22,25,27,34,45,49,53,58,62,68,69,70,72,77,82,87,89,91,99,103,
  104,112,121,128,130,133,134,136,143,145,153,159,165,170,179,181,182,184,187,
  188,193,197,198,200,207,208,217,219,224,230,232,242,246,248,263,270,273,278,
  285,286,293,294,297]].
[[1,5,12,16,18,22,25,27,34,45,49,53,58,62,68,69,70,72,77,82,87,89,91,99,103,
  104,112,121,128,130,133,134,136,143,145,153,159,165,170,179,181,182,184,187,
  188,193,197,198,200,207,208,217,219,224,230,232,242,246,248,263,270,273,278,
  285,286,293,294,297],
 [3,4,7,9,10,14,19,20,21,23,24,29,30,32,35,37,39,40,41,42,43,44,46,51,56,61,
  63,64,66,71,73,74,75,76,79,85,86,94,95,98,101,102,105,107,108,109,111,113,
  115,117,119,120,125,132,135,137,140,148,152,156,163,166,167,169,172,173,176,
  177,183,185,192,199,201,213,214,216,222,226,227,231,233,235,237,239,240,243,
  247,249,250,251,253,254,255,262,266,267,268,272,275,276,277,281,282,283,284,
  287,289,292,296,298,299,300],
 [2,8,11,15,17,26,28,36,48,50,52,54,55,57,59,65,83,84,93,96,106,110,114,116,
  118,126,131,146,147,154,155,161,162,168,175,206,209,211,215,218,225,238,241,
  245,257,259,261,264,265,269,274,295]].
[[6,13,31,33,38,47,60,67,78,80,81,88,90,92,97,100,122,123,124,127,129,138,139,
  141,142,144,149,150,151,157,158,160,164,171,174,178,180,186,189,190,191,194,
  195,196,202,203,204,205,210,212,220,221,223,228,229,234,236,244,252,256,258,
  260,271,279,280,288,290,291],
 [2,8,11,15,17,26,28,36,48,50,52,54,55,57,59,65,83,84,93,96,106,110,114,116,
  118,126,131,146,147,154,155,161,162,168,175,206,209,211,215,218,225,238,241,
  245,257,259,261,264,265,269,274,295],
 [3,4,7,9,10,14,19,20,21,23,24,29,30,32,35,37,39,40,41,42,43,44,46,51,56,61,
  63,64,66,71,73,74,75,76,79,85,86,94,95,98,101,102,105,107,108,109,111,113,
  115,117,119,120,125,132,135,137,140,148,152,156,163,166,167,169,172,173,176,
  177,183,185,192,199,201,213,214,216,222,226,227,231,233,235,237,239,240,243,
  247,249,250,251,253,254,255,262,266,267,268,272,275,276,277,281,282,283,284,
  287,289,292,296,298,299,300]].
[[1,5,12,16,18,22,25,27,34,45,49,53,58,62,68,69,70,72,77,82,87,89,91,99,103,
  104,112,121,128,130,133,134,136,143,145,153,159,165,170,179,181,182,184,187,
  188,193,197,198,200,207,208,217,219,224,230,232,242,246,248,263,270,273,278,
  285,286,293,294,297],
 [3,4,7,9,10,14,19,20,21,23,24,29,30,32,35,37,39,40,41,42,43,44,46,51,56,61,
  63,64,66,71,73,74,75,76,79,85,86,94,95,98,101,102,105,107,108,109,111,113,
  115,117,119,120,125,132,135,137,140,148,152,156,163,166,167,169,172,173,176,
  177,183,185,192,199,201,213,214,216,222,226,227,231,233,235,237,239,240,243,
  247,249,250,251,253,254,255,262,266,267,268,272,275,276,277,281,282,283,284,
  287,289,292,296,298,299,300],
 [2,8,11,15,17,26,28,36,48,50,52,54,55,57,59,65,83,84,93,96,106,110,114,116,
  118,126,131,146,147,154,155,161,162,168,175,206,209,211,215,218,225,238,241,
  245,257,259,261,264,265,269,274,295]].
[[3,4,7,9,10,14,19,20,21,23,24,29,30,32,35,37,39,40,41,42,43,44,46,51,56,61,
  63,64,66,71,73,74,75,76,79,85,86,94,95,98,101,102,105,107,108,109,111,113,
  115,117,119,120,125,132,135,137,140,148,152,156,163,166,167,169,172,173,176,
  177,183,185,192,199,201,213,214,216,222,226,227,231,233,235,237,239,240,243,
  247,249,250,251,253,254,255,262,266,267,268,272,275,276,277,281,282,283,284,
  287,289,292,296,298,299,300],
 [1,5,12,16,18,22,25,27,34,45,49,53,58,62,68,69,70,72,77,82,87,89,91,99,103,
  104,112,121,128,130,133,134,136,143,145,153,159,165,170,179,181,182,184,187,
  188,193,197,198,200,207,208,217,219,224,230,232,242,246,248,263,270,273,278,
  285,286,293,294,297],
 [6,13,31,33,38,47,60,67,78,80,81,88,90,92,97,100,122,123,124,127,129,138,139,
  141,142,144,149,150,151,157,158,160,164,171,174,178,180,186,189,190,191,194,
  195,196,202,203,204,205,210,212,220,221,223,228,229,234,236,244,252,256,258,
  260,271,279,280,288,290,291]].
[[1,5,12,16,18,22,25,27,34,45,49,53,58,62,68,69,70,72,77,82,87,89,91,99,103,
  104,112,121,128,130,133,134,136,143,145,153,159,165,170,179,181,182,184,187,
  188,193,197,198,200,207,208,217,219,224,230,232,242,246,248,263,270,273,278,
  285,286,293,294,297],
 [3,4,7,9,10,14,19,20,21,23,24,29,30,32,35,37,39,40,41,42,43,44,46,51,56,61,
  63,64,66,71,73,74,75,76,79,85,86,94,95,98,101,102,105,107,108,109,111,113,
  115,117,119,120,125,132,135,137,140,148,152,156,163,166,167,169,172,173,176,
  177,183,185,192,199,201,213,214,216,222,226,227,231,233,235,237,239,240,243,
  247,249,250,251,253,254,255,262,266,267,268,272,275,276,277,281,282,283,284,
  287,289,292,296,298,299,300],
 [2,8,11,15,17,26,28,36,48,50,52,54,55,57,59,65,83,84,93,96,106,110,114,116,
  118,126,131,146,147,154,155,161,162,168,175,206,209,211,215,218,225,238,241,
  245,257,259,261,264,265,269,274,295]].
[[3,4,7,9,10,14,19,20,21,23,24,29,30,32,35,37,39,40,41,42,43,44,46,51,56,61,
  63,64,66,71,73,74,75,76,79,85,86,94,95,98,101,102,105,107,108,109,111,113,
  115,117,119,120,125,132,135,137,140,148,152,156,163,166,167,169,172,173,176,
  177,183,185,192,199,201,213,214,216,222,226,227,231,233,235,237,239,240,243,
  247,249,250,251,253,254,255,262,266,267,268,272,275,276,277,281,282,283,284,
  287,289,292,296,298,299,300],
 [1,5,12,16,18,22,25,27,34,45,49,53,58,62,68,69,70,72,77,82,87,89,91,99,103,
  104,112,121,128,130,133,134,136,143,145,153,159,165,170,179,181,182,184,187,
  188,193,197,198,200,207,208,217,219,224,230,232,242,246,248,263,270,273,278,
  285,286,293,294,297],
 [6,13,31,33,38,47,60,67,78,80,81,88,90,92,97,100,122,123,124,127,129,138,139,
  141,142,144,149,150,151,157,158,160,164,171,174,178,180,186,189,190,191,194,
  195,196,202,203,204,205,210,212,220,221,223,228,229,234,236,244,252,256,258,
  260,271,279,280,288,290,291]].
[[3,4,7,9,10,14,19,20,21,23,24,29,30,32,35,37,39,40,41,42,43,44,46,51,56,61,
  63,64,66,71,73,74,75,76,79,85,86,94,95,98,101,102,105,107,108,109,111,113,
  115,117,119,120,125,132,135,137,140,148,152,156,163,166,167,169,172,173,176,
  177,183,185,192,199,201,213,214,216,222,226,227,231,233,235,237,239,240,243,
  247,249,250,251,253,254,255,262,266,267,268,272,275,276,277,281,282,283,284,
  287,289,292,296,298,299,300],
 [1,5,12,16,18,22,25,27,34,45,49,53,58,62,68,69,70,72,77,82,87,89,91,99,103,
  104,112,121,128,130,133,134,136,143,145,153,159,165,170,179,181,182,184,187,
  188,193,197,198,200,207,208,217,219,224,230,232,242,246,248,263,270,273,278,
  285,286,293,294,297],
 [6,13,31,33,38,47,60,67,78,80,81,88,90,92,97,100,122,123,124,127,129,138,139,
  141,142,144,149,150,151,157,158,160,164,171,174,178,180,186,189,190,191,194,
  195,196,202,203,204,205,210,212,220,221,223,228,229,234,236,244,252,256,258,
  260,271,279,280,288,290,291]].
[[1,5,12,16,18,22,25,27,34,45,49,53,58,62,68,69,70,72,77,82,87,89,91,99,103,
  104,112,121,128,130,133,134,136,143,145,153,159,165,170,179,181,182,184,187,
  188,193,197,198,200,207,208,217,219,224,230,232,242,246,248,263,270,273,278,
  285,286,293,294,297],
 [3,4,7,9,10,14,19,20,21,23,24,29,30,32,35,37,39,40,41,42,43,44,46,51,56,61,
  63,64,66,71,73,74,75,76,79,85,86,94,95,98,101,102,105,107,108,109,111,113,
  115,117,119,120,125,132,135,137,140,148,152,156,163,166,167,169,172,173,176,
  177,183,185,192,199,201,213,214,216,222,226,227,231,233,235,237,239,240,243,
  247,249,250,251,253,254,255,262,266,267,268,272,275,276,277,281,282,283,284,
  287,289,292,296,298,299,300],
 [2,8,11,15,17,26,28,36,48,50,52,54,55,57,59,65,83,84,93,96,106,110,114,116,
  118,126,131,146,147,154,155,161,162,168,175,206,209,211,215,218,225,238,241,
  245,257,259,261,264,265,269,274,295]].
[[6,13,31,33,38,47,60,67,78,80,81,88,90,92,97,100,122,123,124,127,129,138,139,
  141,142,144,149,150,151,157,158,160,164,171,174,178,180,186,189,190,191,194,
  195,196,202,203,204,205,210,212,220,221,223,228,229,234,236,244,252,256,258,
  260,271,279,280,288,290,291],
 [2,8,11,15,17,26,28,36,48,50,52,54,55,57,59,65,83,84,93,96,106,110,114,116,
  118,126,131,146,147,154,155,161,162,168,175,206,209,211,215,218,225,238,241,
  245,257,259,261,264,265,269,274,295],
 [3,4,7,9,10,14,19,20,21,23,24,29,30,32,35,37,39,40,41,42,43,44,46,51,56,61,
  63,64,66,71,73,74,75,76,79,85,86,94,95,98,101,102,105,107,108,109,111,113,
  115,117,119,120,125,132,135,137,140,148,152,156,163,166,167,169,172,173,176,
  177,183,185,192,199,201,213,214,216,222,226,227,231,233,235,237,239,240,243,
  247,249,250,251,253,254,255,262,266,267,268,272,275,276,277,281,282,283,284,
  287,289,292,296,298,299,300]].
[[2,8,11,15,17,26,28,36,48,50,52,54,55,57,59,65,83,84,93,96,106,110,114,116,
  118,126,131,146,147,154,155,161,162,168,175,206,209,211,215,218,225,238,241,
  245,257,259,261,264,265,269,274,295],
 [6,13,31,33,38,47,60,67,78,80,81,88,90,92,97,100,122,123,124,127,129,138,139,
  141,142,144,149,150,151,157,158,160,164,171,174,178,180,186,189,190,191,194,
  195,196,202,203,204,205,210,212,220,221,223,228,229,234,236,244,252,256,258,
  260,271,279,280,288,290,291],
 [1,5,12,16,18,22,25,27,34,45,49,53,58,62,68,69,70,72,77,82,87,89,91,99,103,
  104,112,121,128,130,133,134,136,143,145,153,159,165,170,179,181,182,184,187,
  188,193,197,198,200,207,208,217,219,224,230,232,242,246,248,263,270,273,278,
  285,286,293,294,297]].
[[2,8,11,15,17,26,28,36,48,50,52,54,55,57,59,65,83,84,93,96,106,110,114,116,
  118,126,131,146,147,154,155,161,162,168,175,206,209,211,215,218,225,238,241,
  245,257,259,261,264,265,269,274,295],
 [6,13,31,33,38,47,60,67,78,80,81,88,90,92,97,100,122,123,124,127,129,138,139,
  141,142,144,149,150,151,157,158,160,164,171,174,178,180,186,189,190,191,194,
  195,196,202,203,204,205,210,212,220,221,223,228,229,234,236,244,252,256,258,
  260,271,279,280,288,290,291],
 [1,5,12,16,18,22,25,27,34,45,49,53,58,62,68,69,70,72,77,82,87,89,91,99,103,
  104,112,121,128,130,133,134,136,143,145,153,159,165,170,179,181,182,184,187,
  188,193,197,198,200,207,208,217,219,224,230,232,242,246,248,263,270,273,278,
  285,286,293,294,297]].
[[6,13,31,33,38,47,60,67,78,80,81,88,90,92,97,100,122,123,124,127,129,138,139,
  141,142,144,149,150,151,157,158,160,164,171,174,178,180,186,189,190,191,194,
  195,196,202,203,204,205,210,212,220,221,223,228,229,234,236,244,252,256,258,
  260,271,279,280,288,290,291],
 [2,8,11,15,17,26,28,36,48,50,52,54,55,57,59,65,83,84,93,96,106,110,114,116,
  118,126,131,146,147,154,155,161,162,168,175,206,209,211,215,218,225,238,241,
  245,257,259,261,264,265,269,274,295],
 [3,4,7,9,10,14,19,20,21,23,24,29,30,32,35,37,39,40,41,42,43,44,46,51,56,61,
  63,64,66,71,73,74,75,76,79,85,86,94,95,98,101,102,105,107,108,109,111,113,
  115,117,119,120,125,132,135,137,140,148,152,156,163,166,167,169,172,173,176,
  177,183,185,192,199,201,213,214,216,222,226,227,231,233,235,237,239,240,243,
  247,249,250,251,253,254,255,262,266,267,268,272,275,276,277,281,282,283,284,
  287,289,292,296,298,299,300]].
[[1,5,12,16,18,22,25,27,34,45,49,53,58,62,68,69,70,72,77,82,87,89,91,99,103,
  104,112,121,128,130,133,134,136,143,145,153,159,165,170,179,181,182,184,187,
  188,193,197,198,200,207,208,217,219,224,230,232,242,246,248,263,270,273,278,
  285,286,293,294,297],
 [3,4,7,9,10,14,19,20,21,23,24,29,30,32,35,37,39,40,41,42,43,44,46,51,56,61,
  63,64,66,71,73,74,75,76,79,85,86,94,95,98,101,102,105,107,108,109,111,113,
  115,117,119,120,125,132,135,137,140,148,152,156,163,166,167,169,172,173,176,
  177,183,185,192,199,201,213,214,216,222,226,227,231,233,235,237,239,240,243,
  247,249,250,251,253,254,255,262,266,267,268,272,275,276,277,281,282,283,284,
  287,289,292,296,298,299,300],
 [2,8,11,15,17,26,28,36,48,50,52,54,55,57,59,65,83,84,93,96,106,110,114,116,
  118,126,131,146,147,154,155,161,162,168,175,206,209,211,215,218,225,238,241,
  245,257,259,261,264,265,269,274,295]].
[[3,4,7,9,10,14,19,20,21,23,24,29,30,32,35,37,39,40,41,42,43,44,46,51,56,61,
  63,64,66,71,73,74,75,76,79,85,86,94,95,98,101,102,105,107,108,109,111,113,
  115,117,119,120,125,132,135,137,140,148,152,156,163,166,167,169,172,173,176,
  177,183,185,192,199,201,213,214,216,222,226,227,231,233,235,237,239,240,243,
  247,249,250,251,253,254,255,262,266,267,268,272,275,276,277,281,282,283,284,
  287,289,292,296,298,299,300],
 [1,5,12,16,18,22,25,27,34,45,49,53,58,62,68,69,70,72,77,82,87,89,91,99,103,
  104,112,121,128,130,133,134,136,143,145,153,159,165,170,179,181,182,184,187,
  188,193,197,198,200,207,208,217,219,224,230,232,242,246,248,263,270,273,278,
  285,286,293,294,297],
 [6,13,31,33,38,47,60,67,78,80,81,88,90,92,97,100,122,123,124,127,129,138,139,
  141,142,144,149,150,151,157,158,160,164,171,174,178,180,186,189,190,191,194,
  195,196,202,203,204,205,210,212,220,221,223,228,229,234,236,244,252,256,258,
  260,271,279,280,288,290,291]].
[[6,13,31,33,38,47,60,67,78,80,81,88,90,92,97,100,122,123,124,127,129,138,139,
  141,142,144,149,150,151,157,158,160,164,171,174,178,180,186,189,190,191,194,
