[[1,2,3,4,5,6,7,8,10,11,14,15,16,17,18,20,21,22,25,26,27,28,29,30,31,32,34,36,39,40,41,42,43,44,45,50,51,52,53,54,55,58,60,62,64,66,67,68,69,70,71,72,75,76,79,81,83,84,85,88,89,90,93,94,95,97,98,99,100,101,106,107,108,111,113,114,115,117,122,123,124,126,127,128,129,130,131,133,134,135,137,139,140,141,148,149,150,151,152,154,155,158,159,161,163,164,165,166,167,168,169,170,172,174,175,176,177,178,179,180,183,184,186,187,188,189,190,193,195,196,197,198,200,203,204,205,206,207,208,211,213,214,215,216,217,219,221,222,224,225,227,228,230,233,234,235,237,238,239,242,244,245,247,249,251,252,253,255,256,260,261,263,266,269,270,271,272,273,274,278,281,282,283,284,285,286,287,291,292,294,295],[24,35,56,57,59,61,65,82,87,102,104,105,109,110,112,118,125,132,142,143,146,147,157,160,171,173,181,185,191,192,209,226,229,231,232,243,248,262,264,267,268,276,279,280,288,289,290,296,299],[9,12,13,19,23,33,37,38,47,49,63,73,74,78,80,86,91,92,96,103,116,119,120,121,136,144,145,153,182,194,199,201,202,210,212,218,220,236,240,246,254,257,258,265,275,277,297,298,300]].
[[46,48,77,138,156,162,223,241,250,259,293],[9,12,13,19,23,33,37,38,47,49,63,73,74,78,80,86,91,92,96,103,116,119,120,121,136,144,145,153,182,194,199,201,202,210,212,218,220,236,240,246,254,257,258,265,275,277,297,298,300],[24,35,56,57,59,61,65,82,87,102,104,105,109,110,112,118,125,132,142,143,146,147,157,160,171,173,181,185,191,192,209,226,229,231,232,243,248,262,264,267,268,276,279,280,288,289,290,296,299]].
[[1,2,3,4,5,6,7,8,10,11,14,15,16,17,18,20,21,22,25,26,27,28,29,30,31,32,34,36,39,40,41,42,43,44,45,50,51,52,53,54,55,58,60,62,64,66,67,68,69,70,71,72,75,76,79,81,83,84,85,88,89,90,93,94,95,97,98,99,100,101,106,107,108,111,113,114,115,117,122,123,124,126,127,128,129,130,131,133,134,135,137,139,140,141,148,149,150,151,152,154,155,158,159,161,163,164,165,166,167,168,169,170,172,174,175,176,177,178,179,180,183,184,186,187,188,189,190,193,195,196,197,198,200,203,204,205,206,207,208,211,213,214,215,216,217,219,221,222,224,225,227,228,230,233,234,235,237,238,239,242,244,245,247,249,251,252,253,255,256,260,261,263,266,269,270,271,272,273,274,278,281,282,283,284,285,286,287,291,292,294,295],[24,35,56,57,59,61,65,82,87,102,104,105,109,110,112,118,125,132,142,143,146,147,157,160,171,173,181,185,191,192,209,226,229,231,232,243,248,262,264,267,268,276,279,280,288,289,290,296,299],[9,12,13,19,23,33,37,38,47,49,63,73,74,78,80,86,91,92,96,103,116,119,120,121,136,144,145,153,182,194,199,201,202,210,212,218,220,236,240,246,254,257,258,265,275,277,297,298,300]].
[[9,12,13,19,23,33,37,38,47,49,63,73,74,78,80,86,91,92,96,103,116,119,120,121,136,144,145,153,182,194,199,201,202,210,212,218,220,236,240,246,254,257,258,265,275,277,297,298,300],[46,48,77,138,156,162,223,241,250,259,293],[1,2,3,4,5,6,7,8,10,11,14,15,16,17,18,20,21,22,25,26,27,28,29,30,31,32,34,36,39,40,41,42,43,44,45,50,51,52,53,54,55,58,60,62,64,66,67,68,69,70,71,72,75,76,79,81,83,84,85,88,89,90,93,94,95,97,98,99,100,101,106,107,108,111,113,114,115,117,122,123,124,126,127,128,129,130,131,133,134,135,137,139,140,141,148,149,150,151,152,154,155,158,159,161,163,164,165,166,167,168,169,170,172,174,175,176,177,178,179,180,183,184,186,187,188,189,190,193,195,196,197,198,200,203,204,205,206,207,208,211,213,214,215,216,217,219,221,222,224,225,227,228,230,233,234,235,237,238,239,242,244,245,247,249,251,252,253,255,256,260,261,263,266,269,270,271,272,273,274,278,281,282,283,284,285,286,287,291,292,294,295]].
[[46,48,77,138,156,162,223,241,250,259,293],[9,12,13,19,23,33,37,38,47,49,63,73,74,78,80,86,91,92,96,103,116,119,120,121,136,144,145,153,182,194,199,201,202,210,212,218,220,236,240,246,254,257,258,265,275,277,297,298,300],[24,35,56,57,59,61,65,82,87,102,104,105,109,110,112,118,125,132,142,143,146,147,157,160,171,173,181,185,191,192,209,226,229,231,232,243,248,262,264,267,268,276,279,280,288,289,290,296,299]].
[[46,48,77,138,156,162,223,241,250,259,293],[9,12,13,19,23,33,37,38,47,49,63,73,74,78,80,86,91,92,96,103,116,119,120,121,136,144,145,153,182,194,199,201,202,210,212,218,220,236,240,246,254,257,258,265,275,277,297,298,300],[24,35,56,57,59,61,65,82,87,102,104,105,109,110,112,118,125,132,142,143,146,147,157,160,171,173,181,185,191,192,209,226,229,231,232,243,248,262,264,267,268,276,279,280,288,289,290,296,299]].
[[9,12,13,19,23,33,37,38,47,49,63,73,74,78,80,86,91,92,96,103,116,119,120,121,136,144,145,153,182,194,199,201,202,210,212,218,220,236,240,246,254,257,258,265,275,277,297,298,300],[46,48,77,138,156,162,223,241,250,259,293],[1,2,3,4,5,6,7,8,10,11,14,15,16,17,18,20,21,22,25,26,27,28,29,30,31,32,34,36,39,40,41,42,43,44,45,50,51,52,53,54,55,58,60,62,64,66,67,68,69,70,71,72,75,76,79,81,83,84,85,88,89,90,93,94,95,97,98,99,100,101,106,107,108,111,113,114,115,117,122,123,124,126,127,128,129,130,131,133,134,135,137,139,140,141,148,149,150,151,152,154,155,158,159,161,163,164,165,166,167,168,169,170,172,174,175,176,177,178,179,180,183,184,186,187,188,189,190,193,195,196,197,198,200,203,204,205,206,207,208,211,213,214,215,216,217,219,221,222,224,225,227,228,230,233,234,235,237,238,239,242,244,245,247,249,251,252,253,255,256,260,261,263,266,269,270,271,272,273,274,278,281,282,283,284,285,286,287,291,292,294,295]].
[[24,35,56,57,59,61,65,82,87,102,104,105,109,110,112,118,125,132,142,143,146,147,157,160,171,173,181,185,191,192,209,226,229,231,232,243,248,262,264,267,268,276,279,280,288,289,290,296,299],[1,2,3,4,5,6,7,8,10,11,14,15,16,17,18,20,21,22,25,26,27,28,29,30,31,32,34,36,39,40,41,42,43,44,45,50,51,52,53,54,55,58,60,62,64,66,67,68,69,70,71,72,75,76,79,81,83,84,85,88,89,90,93,94,95,97,98,99,100,101,106,107,108,111,113,114,115,117,122,123,124,126,127,128,129,130,131,133,134,135,137,139,140,141,148,149,150,151,152,154,155,158,159,161,163,164,165,166,167,168,169,170,172,174,175,176,177,178,179,180,183,184,186,187,188,189,190,193,195,196,197,198,200,203,204,205,206,207,208,211,213,214,215,216,217,219,221,222,224,225,227,228,230,233,234,235,237,238,239,242,244,245,247,249,251,252,253,255,256,260,261,263,266,269,270,271,272,273,274,278,281,282,283,284,285,286,287,291,292,294,295],[46,48,77,138,156,162,223,241,250,259,293]].
[[24,35,56,57,59,61,65,82,87,102,104,105,109,110,112,118,125,132,142,143,146,147,157,160,171,173,181,185,191,192,209,226,229,231,232,243,248,262,264,267,268,276,279,280,288,289,290,296,299],[1,2,3,4,5,6,7,8,10,11,14,15,16,17,18,20,21,22,25,26,27,28,29,30,31,32,34,36,39,40,41,42,43,44,45,50,51,52,53,54,55,58,60,62,64,66,67,68,69,70,71,72,75,76,79,81,83,84,85,88,89,90,93,94,95,97,98,99,100,101,106,107,108,111,113,114,115,117,122,123,124,126,127,128,129,130,131,133,134,135,137,139,140,141,148,149,150,151,152,154,155,158,159,161,163,164,165,166,167,168,169,170,172,174,175,176,177,178,179,180,183,184,186,187,188,189,190,193,195,196,197,198,200,203,204,205,206,207,208,211,213,214,215,216,217,219,221,222,224,225,227,228,230,233,234,235,237,238,239,242,244,245,247,249,251,252,253,255,256,260,261,263,266,269,270,271,272,273,274,278,281,282,283,284,285,286,287,291,292,294,295],[46,48,77,138,156,162,223,241,250,259,293]].
[[24,35,56,57,59,61,65,82,87,102,104,105,109,110,112,118,125,132,142,143,146,147,157,160,171,173,181,185,191,192,209,226,229,231,232,243,248,262,264,267,268,276,279,280,288,289,290,296,299],[1,2,3,4,5,6,7,8,10,11,14,15,16,17,18,20,21,22,25,26,27,28,29,30,31,32,34,36,39,40,41,42,43,44,45,50,51,52,53,54,55,58,60,62,64,66,67,68,69,70,71,72,75,76,79,81,83,84,85,88,89,90,93,94,95,97,98,99,100,101,106,107,108,111,113,114,115,117,122,123,124,126,127,128,129,130,131,133,134,135,137,139,140,141,148,149,150,151,152,154,155,158,159,161,163,164,165,166,167,168,169,170,172,174,175,176,177,178,179,180,183,184,186,187,188,189,190,193,195,196,197,198,200,203,204,205,206,207,208,211,213,214,215,216,217,219,221,222,224,225,227,228,230,233,234,235,237,238,239,242,244,245,247,249,251,252,253,255,256,260,261,263,266,269,270,271,272,273,274,278,281,282,283,284,285,286,287,291,292,294,295],[46,48,77,138,156,162,223,241,250,259,293]].
[[46,48,77,138,156,162,223,241,250,259,293],[9,12,13,19,23,33,37,38,47,49,63,73,74,78,80,86,91,92,96,103,116,119,120,121,136,144,145,153,182,194,199,201,202,210,212,218,220,236,240,246,254,257,258,265,275,277,297,298,300],[24,35,56,57,59,61,65,82,87,102,104,105,109,110,112,118,125,132,142,143,146,147,157,160,171,173,181,185,191,192,209,226,229,231,232,243,248,262,264,267,268,276,279,280,288,289,290,296,299]].
[[9,12,13,19,23,33,37,38,47,49,63,73,74,78,80,86,91,92,96,103,116,119,120,121,136,144,145,153,182,194,199,201,202,210,212,218,220,236,240,246,254,257,258,265,275,277,297,298,300],[46,48,77,138,156,162,223,241,250,259,293],[1,2,3,4,5,6,7,8,10,11,14,15,16,17,18,20,21,22,25,26,27,28,29,30,31,32,34,36,39,40,41,42,43,44,45,50,51,52,53,54,55,58,60,62,64,66,67,68,69,70,71,72,75,76,79,81,83,84,85,88,89,90,93,94,95,97,98,99,100,101,106,107,108,111,113,114,115,117,122,123,124,126,127,128,129,130,131,133,134,135,137,139,140,141,148,149,150,151,152,154,155,158,159,161,163,164,165,166,167,168,169,170,172,174,175,176,177,178,179,180,183,184,186,187,188,189,190,193,195,196,197,198,200,203,204,205,206,207,208,211,213,214,215,216,217,219,221,222,224,225,227,228,230,233,234,235,237,238,239,242,244,245,247,249,251,252,253,255,256,260,261,263,266,269,270,271,272,273,274,278,281,282,283,284,285,286,287,291,292,294,295]].
[[24,35,56,57,59,61,65,82,87,102,104,105,109,110,112,118,125,132,142,143,146,147,157,160,171,173,181,185,191,192,209,226,229,231,232,243,248,262,264,267,268,276,279,280,288,289,290,296,299],[1,2,3,4,5,6,7,8,10,11,14,15,16,17,18,20,21,22,25,26,27,28,29,30,31,32,34,36,39,40,41,42,43,44,45,50,51,52,53,54,55,58,60,62,64,66,67,68,69,70,71,72,75,76,79,81,83,84,85,88,89,90,93,94,95,97,98,99,100,101,106,107,108,111,113,114,115,117,122,123,124,126,127,128,129,130,131,133,134,135,137,139,140,141,148,149,150,151,152,154,155,158,159,161,163,164,165,166,167,168,169,170,172,174,175,176,177,178,179,180,183,184,186,187,188,189,190,193,195,196,197,198,200,203,204,205,206,207,208,211,213,214,215,216,217,219,221,222,224,225,227,228,230,233,234,235,237,238,239,242,244,245,247,249,251,252,253,255,256,260,261,263,266,269,270,271,272,273,274,278,281,282,283,284,285,286,287,291,292,294,295],[46,48,77,138,156,162,223,241,250,259,293]].
[[46,48,77,138,156,162,223,241,250,259,293],[9,12,13,19,23,33,37,38,47,49,63,73,74,78,80,86,91,92,96,103,116,119,120,121,136,144,145,153,182,194,199,201,202,210,212,218,220,236,240,246,254,257,258,265,275,277,297,298,300],[24,35,56,57,59,61,65,82,87,102,104,105,109,110,112,118,125,132,142,143,146,147,157,160,171,173,181,185,191,192,209,226,229,231,232,243,248,262,264,267,268,276,279,280,288,289,290,296,299]].
[[24,35,56,57,59,61,65,82,87,102,104,105,109,110,112,118,125,132,142,143,146,147,157,160,171,173,181,185,191,192,209,226,229,231,232,243,248,262,264,267,268,276,279,280,288,289,290,296,299],[1,2,3,4,5,6,7,8,10,11,14,15,16,17,18,20,21,22,25,26,27,28,29,30,31,32,34,36,39,40,41,42,43,44,45,50,51,52,53,54,55,58,60,62,64,66,67,68,69,70,71,72,75,76,79,81,83,84,85,88,89,90,93,94,95,97,98,99,100,101,106,107,108,111,113,114,115,117,122,123,124,126,127,128,129,130,131,133,134,135,137,139,140,141,148,149,150,151,152,154,155,158,159,161,163,164,165,166,167,168,169,170,172,174,175,176,177,178,179,180,183,184,186,187,188,189,190,193,195,196,197,198,200,203,204,205,206,207,208,211,213,214,215,216,217,219,221,222,224,225,227,228,230,233,234,235,237,238,239,242,244,245,247,249,251,252,253,255,256,260,261,263,266,269,270,271,272,273,274,278,281,282,283,284,285,286,287,291,292,294,295],[46,48,77,138,156,162,223,241,250,259,293]].
[[24,35,56,57,59,61,65,82,87,102,104,105,109,110,112,118,125,132,142,143,146,147,157,160,171,173,181,185,191,192,209,226,229,231,232,243,248,262,264,267,268,276,279,280,288,289,290,296,299],[1,2,3,4,5,6,7,8,10,11,14,15,16,17,18,20,21,22,25,26,27,28,29,30,31,32,34,36,39,40,41,42,43,44,45,50,51,52,53,54,55,58,60,62,64,66,67,68,69,70,71,72,75,76,79,81,83,84,85,88,89,90,93,94,95,97,98,99,100,101,106,107,108,111,113,114,115,117,122,123,124,126,127,128,129,130,131,133,134,135,137,139,140,141,148,149,150,151,152,154,155,158,159,161,163,164,165,166,167,168,169,170,172,174,175,176,177,178,179,180,183,184,186,187,188,189,190,193,195,196,197,198,200,203,204,205,206,207,208,211,213,214,215,216,217,219,221,222,224,225,227,228,230,233,234,235,237,238,239,242,244,245,247,249,251,252,253,255,256,260,261,263,266,269,270,271,272,273,274,278,281,282,283,284,285,286,287,291,292,294,295],[46,48,77,138,156,162,223,241,250,259,293]].
[[9,12,13,19,23,33,37,38,47,49,63,73,74,78,80,86,91,92,96,103,116,119,120,121,136,144,145,153,182,194,199,201,202,210,212,218,220,236,240,246,254,257,258,265,275,277,297,298,300],[46,48,77,138,156,162,223,241,250,259,293],[1,2,3,4,5,6,7,8,10,11,14,15,16,17,18,20,21,22,25,26,27,28,29,30,31,32,34,36,39,40,41,42,43,44,45,50,51,52,53,54,55,58,60,62,64,66,67,68,69,70,71,72,75,76,79,81,83,84,85,88,89,90,93,94,95,97,98,99,100,101,106,107,108,111,113,114,115,117,122,123,124,126,127,128,129,130,131,133,134,135,137,139,140,141,148,149,150,151,152,154,155,158,159,161,163,164,165,166,167,168,169,170,172,174,175,176,177,178,179,180,183,184,186,187,188,189,190,193,195,196,197,198,200,203,204,205,206,207,208,211,213,214,215,216,217,219,221,222,224,225,227,228,230,233,234,235,237,238,239,242,244,245,247,249,251,252,253,255,256,260,261,263,266,269,270,271,272,273,274,278,281,282,283,284,285,286,287,291,292,294,295]].
[[1,2,3,4,5,6,7,8,10,11,14,15,16,17,18,20,21,22,25,26,27,28,29,30,31,32,34,36,39,40,41,42,43,44,45,50,51,52,53,54,55,58,60,62,64,66,67,68,69,70,71,72,75,76,79,81,83,84,85,88,89,90,93,94,95,97,98,99,100,101,106,107,108,111,113,114,115,117,122,123,124,126,127,128,129,130,131,133,134,135,137,139,140,141,148,149,150,151,152,154,155,158,159,161,163,164,165,166,167,168,169,170,172,174,175,176,177,178,179,180,183,184,186,187,188,189,190,193,195,196,197,198,200,203,204,205,206,207,208,211,213,214,215,216,217,219,221,222,224,225,227,228,230,233,234,235,237,238,239,242,244,245,247,249,251,252,253,255,256,260,261,263,266,269,270,271,272,273,274,278,281,282,283,284,285,286,287,291,292,294,295],[24,35,56,57,59,61,65,82,87,102,104,105,109,110,112,118,125,132,142,143,146,147,157,160,171,173,181,185,191,192,209,226,229,231,232,243,248,262,264,267,268,276,279,280,288,289,290,296,299],[9,12,13,19,23,33,37,38,47,49,63,73,74,78,80,86,91,92,96,103,116,119,120,121,136,144,145,153,182,194,199,201,202,210,212,218,220,236,240,246,254,257,258,265,275,277,297,298,300]].
[[46,48,77,138,156,162,223,241,250,259,293],[9,12,13,19,23,33,37,38,47,49,63,73,74,78,80,86,91,92,96,103,116,119,120,121,136,144,145,153,182,194,199,201,202,210,212,218,220,236,240,246,254,257,258,265,275,277,297,298,300],[24,35,56,57,59,61,65,82,87,102,104,105,109,110,112,118,125,132,142,143,146,147,157,160,171,173,181,185,191,192,209,226,229,231,232,243,248,262,264,267,268,276,279,280,288,289,290,296,299]].
[[9,12,13,19,23,33,37,38,47,49,63,73,74,78,80,86,91,92,96,103,116,119,120,121,136,144,145,153,182,194,199,201,202,210,212,218,220,236,240,246,254,257,258,265,275,277,297,298,300],[46,48,77,138,156,162,223,241,250,259,293],[1,2,3,4,5,6,7,8,10,11,14,15,16,17,18,20,21,22,25,26,27,28,29,30,31,32,34,36,39,40,41,42,43,44,45,50,51,52,53,54,55,58,60,62,64,66,67,68,69,70,71,72,75,76,79,81,83,84,85,88,89,90,93,94,95,97,98,99,100,101,106,107,108,111,113,114,115,117,122,123,124,126,127,128,129,130,131,133,134,135,137,139,140,141,148,149,150,151,152,154,155,158,159,161,163,164,165,166,167,168,169,170,172,174,175,176,177,178,179,180,183,184,186,187,188,189,190,193,195,196,197,198,200,203,204,205,206,207,208,211,213,214,215,216,217,219,221,222,224,225,227,228,230,233,234,235,237,238,239,242,244,245,247,249,251,252,253,255,256,260,261,263,266,269,270,271,272,273,274,278,281,282,283,284,285,286,287,291,292,294,295]].
[[24,35,56,57,59,61,65,82,87,102,104,105,109,110,112,118,125,132,142,143,146,147,157,160,171,173,181,185,191,192,209,226,229,231,232,243,248,262,264,267,268,276,279,280,288,289,290,296,299],[1,2,3,4,5,6,7,8,10,11,14,15,16,17,18,20,21,22,25,26,27,28,29,30,31,32,34,36,39,40,41,42,43,44,45,50,51,52,53,54,55,58,60,62,64,66,67,68,69,70,71,72,75,76,79,81,83,84,85,88,89,90,93,94,95,97,98,99,100,101,106,107,108,111,113,114,115,117,122,123,124,126,127,128,129,130,131,133,134,135,137,139,140,141,148,149,150,151,152,154,155,158,159,161,163,164,165,166,167,168,169,170,172,174,175,176,177,178,179,180,183,184,186,187,188,189,190,193,195,196,197,198,200,203,204,205,206,207,208,211,213,214,215,216,217,219,221,222,224,225,227,228,230,233,234,235,237,238,239,242,244,245,247,249,251,252,253,255,256,260,261,263,266,269,270,271,272,273,274,278,281,282,283,284,285,286,287,291,292,294,295],[46,48,77,138,156,162,223,241,250,259,293]].
[[1,2,3,4,5,6,7,8,10,11,14,15,16,17,18,20,21,22,25,26,27,28,29,30,31,32,34,36,39,40,41,42,43,44,45,50,51,52,53,54,55,58,60,62,64,66,67,68,69,70,71,72,75,76,79,81,83,84,85,88,89,90,93,94,95,97,98,99,100,101,106,107,108,111,113,114,115,117,122,123,124,126,127,128,129,130,131,133,134,135,137,139,140,141,148,149,150,151,152,154,155,158,159,161,163,164,165,166,167,168,169,170,172,174,175,176,177,178,179,180,183,184,186,187,188,189,190,193,195,196,197,198,200,203,204,205,206,207,208,211,213,214,215,216,217,219,221,222,224,225,227,228,230,233,234,235,237,238,239,242,244,245,247,249,251,252,253,255,256,260,261,263,266,269,270,271,272,273,274,278,281,282,283,284,285,286,287,291,292,294,295],[24,35,56,57,59,61,65,82,87,102,104,105,109,110,112,118,125,132,142,143,146,147,157,160,171,173,181,185,191,192,209,226,229,231,232,243,248,262,264,267,268,276,279,280,288,289,290,296,299],[9,12,13,19,23,33,37,38,47,49,63,73,74,78,80,86,91,92,96,103,116,119,120,121,136,144,145,153,182,194,199,201,202,210,212,218,220,236,240,246,254,257,258,265,275,277,297,298,300]].
[[24,35,56,57,59,61,65,82,87,102,104,105,109,110,112,118,125,132,142,143,146,147,157,160,171,173,181,185,191,192,209,226,229,231,232,243,248,262,264,267,268,276,279,280,288,289,290,296,299],[1,2,3,4,5,6,7,8,10,11,14,15,16,17,18,20,21,22,25,26,27,28,29,30,31,32,34,36,39,40,41,42,43,44,45,50,51,52,53,54,55,58,60,62,64,66,67,68,69,70,71,72,75,76,79,81,83,84,85,88,89,90,93,94,95,97,98,99,100,101,106,107,108,111,113,114,115,117,122,123,124,126,127,128,129,130,131,133,134,135,137,139,140,141,148,149,150,151,152,154,155,158,159,161,163,164,165,166,167,168,169,170,172,174,175,176,177,178,179,180,183,184,186,187,188,189,190,193,195,196,197,198,200,203,204,205,206,207,208,211,213,214,215,216,217,219,221,222,224,225,227,228,230,233,234,235,237,238,239,242,244,245,247,249,251,252,253,255,256,260,261,263,266,269,270,271,272,273,274,278,281,282,283,284,285,286,287,291,292,294,295],[46,48,77,138,156,162,223,241,250,259,293]].
[[1,2,3,4,5,6,7,8,10,11,14,15,16,17,18,20,21,22,25,26,27,28,29,30,31,32,34,36,39,40,41,42,43,44,45,50,51,52,53,54,55,58,60,62,64,66,67,68,69,70,71,72,75,76,79,81,83,84,85,88,89,90,93,94,95,97,98,99,100,101,106,107,108,111,113,114,115,117,122,123,124,126,127,128,129,130,131,133,134,135,137,139,140,141,148,149,150,151,152,154,155,158,159,161,163,164,165,166,167,168,169,170,172,174,175,176,177,178,179,180,183,184,186,187,188,189,190,193,195,196,197,198,200,203,204,205,206,207,208,211,213,214,215,216,217,219,221,222,224,225,227,228,230,233,234,235,237,238,239,242,244,245,247,249,251,252,253,255,256,260,261,263,266,269,270,271,272,273,274,278,281,282,283,284,285,286,287,291,292,294,295],[24,35,56,57,59,61,65,82,87,102,104,105,109,110,112,118,125,132,142,143,146,147,157,160,171,173,181,185,191,192,209,226,229,231,232,243,248,262,264,267,268,276,279,280,288,289,290,296,299],[9,12,13,19,23,33,37,38,47,49,63,73,74,78,80,86,91,92,96,103,116,119,120,121,136,144,145,153,182,194,199,201,202,210,212,218,220,236,240,246,254,257,258,265,275,277,297,298,300]].
[[9,12,13,19,23,33,37,38,47,49,63,73,74,78,80,86,91,92,96,103,116,119,120,121,136,144,145,153,182,194,199,201,202,210,212,218,220,236,240,246,254,257,258,265,275,277,297,298,300],[46,48,77,138,156,162,223,241,250,259,293],[1,2,3,4,5,6,7,8,10,11,14,15,16,17,18,20,21,22,25,26,27,28,29,30,31,32,34,36,39,40,41,42,43,44,45,50,51,52,53,54,55,58,60,62,64,66,67,68,69,70,71,72,75,76,79,81,83,84,85,88,89,90,93,94,95,97,98,99,100,101,106,107,108,111,113,114,115,117,122,123,124,126,127,128,129,130,131,133,134,135,137,139,140,141,148,149,150,151,152,154,155,158,159,161,163,164,165,166,167,168,169,170,172,174,175,176,177,178,179,180,183,184,186,187,188,189,190,193,195,196,197,198,200,203,204,205,206,207,208,211,213,214,215,216,217,219,221,222,224,225,227,228,230,233,234,235,237,238,239,242,244,245,247,249,251,252,253,255,256,260,261,263,266,269,270,271,272,273,274,278,281,282,283,284,285,286,287,291,292,294,295]].
[[9,12,13,19,23,33,37,38,47,49,63,73,74,78,80,86,91,92,96,103,116,119,120,121,136,144,145,153,182,194,199,201,202,210,212,218,220,236,240,246,254,257,258,265,275,277,297,298,300],[46,48,77,138,156,162,223,241,250,259,293],[1,2,3,4,5,6,7,8,10,11,14,15,16,17,18,20,21,22,25,26,27,28,29,30,31,32,34,36,39,40,41,42,43,44,45,50,51,52,53,54,55,58,60,62,64,66,67,68,69,70,71,72,75,76,79,81,83,84,85,88,89,90,93,94,95,97,98,99,100,101,106,107,108,111,113,114,115,117,122,123,124,126,127,128,129,130,131,133,134,135,137,139,140,141,148,149,150,151,152,154,155,158,159,161,163,164,165,166,167,168,169,170,172,174,175,176,177,178,179,180,183,184,186,187,188,189,190,193,195,196,197,198,200,203,204,205,206,207,208,211,213,214,215,216,217,219,221,222,224,225,227,228,230,233,234,235,237,238,239,242,244,245,247,249,251,252,253,255,256,260,261,263,266,269,270,271,272,273,274,278,281,282,283,284,285,286,287,291,292,294,295]].
[[9,12,13,19,23,33,37,38,47,49,63,73,74,78,80,86,91,92,96,103,116,119,120,121,136,144,145,153,182,194,199,201,202,210,212,218,220,236,240,246,254,257,258,265,275,277,297,298,300],[46,48,77,138,156,162,223,241,250,259,293],[1,2,3,4,5,6,7,8,10,11,14,15,16,17,18,20,21,22,25,26,27,28,29,30,31,32,34,36,39,40,41,42,43,44,45,50,51,52,53,54,55,58,60,62,64,66,67,68,69,70,71,72,75,76,79,81,83,84,85,88,89,90,93,94,95,97,98,99,100,101,106,107,108,111,113,114,115,117,122,123,124,126,127,128,129,130,131,133,134,135,137,139,140,141,148,149,150,151,152,154,155,158,159,161,163,164,165,166,167,168,169,170,172,174,175,176,177,178,179,180,183,184,186,187,188,189,190,193,195,196,197,198,200,203,204,205,206,207,208,211,213,214,215,216,217,219,221,222,224,225,227,228,230,233,234,235,237,238,239,242,244,245,247,249,251,252,253,255,256,260,261,263,266,269,270,271,272,273,274,278,281,282,283,284,285,286,287,291,292,294,295]].
[[46,48,77,138,156,162,223,241,250,259,293],[9,12,13,19,23,33,37,38,47,49,63,73,74,78,80,86,91,92,96,103,116,119,120,121,136,144,145,153,182,194,199,201,202,210,212,218,220,236,240,246,254,257,258,265,275,277,297,298,300],[24,35,56,57,59,61,65,82,87,102,104,105,109,110,112,118,125,132,142,143,146,147,157,160,171,173,181,185,191,192,209,226,229,231,232,243,248,262,264,267,268,276,279,280,288,289,290,296,299]].
[[1,2,3,4,5,6,7,8,10,11,14,15,16,17,18,20,21,22,25,26,27,28,29,30,31,32,34,36,39,40,41,42,43,44,45,50,51,52,53,54,55,58,60,62,64,66,67,68,69,70,71,72,75,76,79,81,83,84,85,88,89,90,93,94,95,97,98,99,100,101,106,107,108,111,113,114,115,117,122,123,124,126,127,128,129,130,131,133,134,135,137,139,140,141,148,149,150,151,152,154,155,158,159,161,163,164,165,166,167,168,169,170,172,174,175,176,177,178,179,180,183,184,186,187,188,189,190,193,195,196,197,198,200,203,204,205,206,207,208,211,213,214,215,216,217,219,221,222,224,225,227,228,230,233,234,235,237,238,239,242,244,245,247,249,251,252,253,255,256,260,261,263,266,269,270,271,272,273,274,278,281,282,283,284,285,286,287,291,292,294,295],[24,35,56,57,59,61,65,82,87,102,104,105,109,110,112,118,125,132,142,143,146,147,157,160,171,173,181,185,191,192,209,226,229,231,232,243,248,262,264,267,268,276,279,280,288,289,290,296,299],[9,12,13,19,23,33,37,38,47,49,63,73,74,78,80,86,91,92,96,103,116,119,120,121,136,144,145,153,182,194,199,201,202,210,212,218,220,236,240,246,254,257,258,265,275,277,297,298,300]].
[[9,12,13,19,23,33,37,38,47,49,63,73,74,78,80,86,91,92,96,103,116,119,120,121,136,144,145,153,182,194,199,201,202,210,212,218,220,236,240,246,254,257,258,265,275,277,297,298,300],[46,48,77,138,156,162,223,241,250,259,293],[1,2,3,4,5,6,7,8,10,11,14,15,16,17,18,20,21,22,25,26,27,28,29,30,31,32,34,36,39,40,41,42,43,44,45,50,51,52,53,54,55,58,60,62,64,66,67,68,69,70,71,72,75,76,79,81,83,84,85,88,89,90,93,94,95,97,98,99,100,101,106,107,108,111,113,114,115,117,122,123,124,126,127,128,129,130,131,133,134,135,137,139,140,141,148,149,150,151,152,154,155,158,159,161,163,164,165,166,167,168,169,170,172,174,175,176,177,178,179,180,183,184,186,187,188,189,190,193,195,196,197,198,200,203,204,205,206,207,208,211,213,214,215,216,217,219,221,222,224,225,227,228,230,233,234,235,237,238,239,242,244,245,247,249,251,252,253,255,256,260,261,263,266,269,270,271,272,273,274,278,281,282,283,284,285,286,287,291,292,294,295]].
[[24,35,56,57,59,61,65,82,87,102,104,105,109,110,112,118,125,132,142,143,146,147,157,160,171,173,181,185,191,192,209,226,229,231,232,243,248,262,264,267,268,276,279,280,288,289,290,296,299],[1,2,3,4,5,6,7,8,10,11,14,15,16,17,18,20,21,22,25,26,27,28,29,30,31,32,34,36,39,40,41,42,43,44,45,50,51,52,53,54,55,58,60,62,64,66,67,68,69,70,71,72,75,76,79,81,83,84,85,88,89,90,93,94,95,97,98,99,100,101,106,107,108,111,113,114,115,117,122,123,124,126,127,128,129,130,131,133,134,135,137,139,140,141,148,149,150,151,152,154,155,158,159,161,163,164,165,166,167,168,169,170,172,174,175,176,177,178,179,180,183,184,186,187,188,189,190,193,195,196,197,198,200,203,204,205,206,207,208,211,213,214,215,216,217,219,221,222,224,225,227,228,230,233,234,235,237,238,239,242,244,245,247,249,251,252,253,255,256,260,261,263,266,269,270,271,272,273,274,278,281,282,283,284,285,286,287,291,292,294,295],[46,48,77,138,156,162,223,241,250,259,293]].
[[46,48,77,138,156,162,223,241,250,259,293],[9,12,13,19,23,33,37,38,47,49,63,73,74,78,80,86,91,92,96,103,116,119,120,121,136,144,145,153,182,194,199,201,202,210,212,218,220,236,240,246,254,257,258,265,275,277,297,298,300],[24,35,56,57,59,61,65,82,87,102,104,105,109,110,112,118,125,132,142,143,146,147,157,160,171,173,181,185,191,192,209,226,229,231,232,243,248,262,264,267,268,276,279,280,288,289,290,296,299]].
[[9,12,13,19,23,33,37,38,47,49,63,73,74,78,80,86,91,92,96,103,116,119,120,121,136,144,145,153,182,194,199,201,202,210,212,218,220,236,240,246,254,257,258,265,275,277,297,298,300],[46,48,77,138,156,162,223,241,250,259,293],[1,2,3,4,5,6,7,8,10,11,14,15,16,17,18,20,21,22,25,26,27,28,29,30,31,32,34,36,39,40,41,42,43,44,45,50,51,52,53,54,55,58,60,62,64,66,67,68,69,70,71,72,75,76,79,81,83,84,85,88,89,90,93,94,95,97,98,99,100,101,106,107,108,111,113,114,115,117,122,123,124,126,127,128,129,130,131,133,134,135,137,139,140,141,148,149,150,151,152,154,155,158,159,161,163,164,165,166,167,168,169,170,172,174,175,176,177,178,179,180,183,184,186,187,188,189,190,193,195,196,197,198,200,203,204,205,206,207,208,211,213,214,215,216,217,219,221,222,224,225,227,228,230,233,234,235,237,238,239,242,244,245,247,249,251,252,253,255,256,260,261,263,266,269,270,271,272,273,274,278,281,282,283,284,285,286,287,291,292,294,295]].
[[1,2,3,4,5,6,7,8,10,11,14,15,16,17,18,20,21,22,25,26,27,28,29,30,31,32,34,36,39,40,41,42,43,44,45,50,51,52,53,54,55,58,60,62,64,66,67,68,69,70,71,72,75,76,79,81,83,84,85,88,89,90,93,94,95,97,98,99,100,101,106,107,108,111,113,114,115,117,122,123,124,126,127,128,129,130,131,133,134,135,137,139,140,141,148,149,150,151,152,154,155,158,159,161,163,164,165,166,167,168,169,170,172,174,175,176,177,178,179,180,183,184,186,187,188,189,190,193,195,196,197,198,200,203,204,205,206,207,208,211,213,214,215,216,217,219,221,222,224,225,227,228,230,233,234,235,237,238,239,242,244,245,247,249,251,252,253,255,256,260,261,263,266,269,270,271,272,273,274,278,281,282,283,284,285,286,287,291,292,294,295],[24,35,56,57,59,61,65,82,87,102,104,105,109,110,112,118,125,132,142,143,146,147,157,160,171,173,181,185,191,192,209,226,229,231,232,243,248,262,264,267,268,276,279,280,288,289,290,296,299],[9,12,13,19,23,33,37,38,47,49,63,73,74,78,80,86,91,92,96,103,116,119,120,121,136,144,145,153,182,194,199,201,202,210,212,218,220,236,240,246,254,257,258,265,275,277,297,298,300]].
[[9,12,13,19,23,33,37,38,47,49,63,73,74,78,80,86,91,92,96,103,116,119,120,121,136,144,145,153,182,194,199,201,202,210,212,218,220,236,240,246,254,257,258,265,275,277,297,298,300],[46,48,77,138,156,162,223,241,250,259,293],[1,2,3,4,5,6,7,8,10,11,14,15,16,17,18,20,21,22,25,26,27,28,29,30,31,32,34,36,39,40,41,42,43,44,45,50,51,52,53,54,55,58,60,62,64,66,67,68,69,70,71,72,75,76,79,81,83,84,85,88,89,90,93,94,95,97,98,99,100,101,106,107,108,111,113,114,115,117,122,123,124,126,127,128,129,130,131,133,134,135,137,139,140,141,148,149,150,151,152,154,155,158,159,161,163,164,165,166,167,168,169,170,172,174,175,176,177,178,179,180,183,184,186,187,188,189,190,193,195,196,197,198,200,203,204,205,206,207,208,211,213,214,215,216,217,219,221,222,224,225,227,228,230,233,234,235,237,238,239,242,244,245,247,249,251,252,253,255,256,260,261,263,266,269,270,271,272,273,274,278,281,282,283,284,285,286,287,291,292,294,295]].
[[46,48,77,138,156,162,223,241,250,259,293],[9,12,13,19,23,33,37,38,47,49,63,73,74,78,80,86,91,92,96,103,116,119,120,121,136,144,145,153,182,194,199,201,202,210,212,218,220,236,240,246,254,257,258,265,275,277,297,298,300],[24,35,56,57,59,61,65,82,87,102,104,105,109,110,112,118,125,132,142,143,146,147,157,160,171,173,181,185,191,192,209,226,229,231,232,243,248,262,264,267,268,276,279,280,288,289,290,296,299]].
[[9,12,13,19,23,33,37,38,47,49,63,73,74,78,80,86,91,92,96,103,116,119,120,121,136,144,145,153,182,194,199,201,202,210,212,218,220,236,240,246,254,257,258,265,275,277,297,298,300],[46,48,77,138,156,162,223,241,250,259,293],[1,2,3,4,5,6,7,8,10,11,14,15,16,17,18,20,21,22,25,26,27,28,29,30,31,32,34,36,39,40,41,42,43,44,45,50,51,52,53,54,55,58,60,62,64,66,67,68,69,70,71,72,75,76,79,81,83,84,85,88,89,90,93,94,95,97,98,99,100,101,106,107,108,111,113,114,115,117,122,123,124,126,127,128,129,130,131,133,134,135,137,139,140,141,148,149,150,151,152,154,155,158,159,161,163,164,165,166,167,168,169,170,172,174,175,176,177,178,179,180,183,184,186,187,188,189,190,193,195,196,197,198,200,203,204,205,206,207,208,211,213,214,215,216,217,219,221,222,224,225,227,228,230,233,234,235,237,238,239,242,244,245,247,249,251,252,253,255,256,260,261,263,266,269,270,271,272,273,274,278,281,282,283,284,285,286,287,291,292,294,295]].
[[9,12,13,19,23,33,37,38,47,49,63,73,74,78,80,86,91,92,96,103,116,119,120,121,136,144,145,153,182,194,199,201,202,210,212,218,220,236,240,246,254,257,258,265,275,277,297,298,300],[46,48,77,138,156,162,223,241,250,259,293],[1,2,3,4,5,6,7,8,10,11,14,15,16,17,18,20,21,22,25,26,27,28,29,30,31,32,34,36,39,40,41,42,43,44,45,50,51,52,53,54,55,58,60,62,64,66,67,68,69,70,71,72,75,76,79,81,83,84,85,88,89,90,93,94,95,97,98,99,100,101,106,107,108,111,113,114,115,117,122,123,124,126,127,128,129,130,131,133,134,135,137,139,140,141,148,149,150,151,152,154,155,158,159,161,163,164,165,166,167,168,169,170,172,174,175,176,177,178,179,180,183,184,186,187,188,189,190,193,195,196,197,198,200,203,204,205,206,207,208,211,213,214,215,216,217,219,221,222,224,225,227,228,230,233,234,235,237,238,239,242,244,245,247,249,251,252,253,255,256,260,261,263,266,269,270,271,272,273,274,278,281,282,283,284,285,286,287,291,292,294,295]].
[[1,2,3,4,5,6,7,8,10,11,14,15,16,17,18,20,21,22,25,26,27,28,29,30,31,32,34,36,39,40,41,42,43,44,45,50,51,52,53,54,55,58,60,62,64,66,67,68,69,70,71,72,75,76,79,81,83,84,85,88,89,90,93,94,95,97,98,99,100,101,106,107,108,111,113,114,115,117,122,123,124,126,127,128,129,130,131,133,134,135,137,139,140,141,148,149,150,151,152,154,155,158,159,161,163,164,165,166,167,168,169,170,172,174,175,176,177,178,179,180,183,184,186,187,188,189,190,193,195,196,197,198,200,203,204,205,206,207,208,211,213,214,215,216,217,219,221,222,224,225,227,228,230,233,234,235,237,238,239,242,244,245,247,249,251,252,253,255,256,260,261,263,266,269,270,271,272,273,274,278,281,282,283,284,285,286,287,291,292,294,295],[24,35,56,57,59,61,65,82,87,102,104,105,109,110,112,118,125,132,142,143,146,147,157,160,171,173,181,185,191,192,209,226,229,231,232,243,248,262,264,267,268,276,279,280,288,289,290,296,299],[9,12,13,19,23,33,37,38,47,49,63,73,74,78,80,86,91,92,96,103,116,119,120,121,136,144,145,153,182,194,199,201,202,210,212,218,220,236,240,246,254,257,258,265,275,277,297,298,300]].
[[9,12,13,19,23,33,37,38,47,49,63,73,74,78,80,86,91,92,96,103,116,119,120,121,136,144,145,153,182,194,199,201,202,210,212,218,220,236,240,246,254,257,258,265,275,277,297,298,300],[46,48,77,138,156,162,223,241,250,259,293],[1,2,3,4,5,6,7,8,10,11,14,15,16,17,18,20,21,22,25,26,27,28,29,30,31,32,34,36,39,40,41,42,43,44,45,50,51,52,53,54,55,58,60,62,64,66,67,68,69,70,71,72,75,76,79,81,83,84,85,88,89,90,93,94,95,97,98,99,100,101,106,107,108,111,113,114,115,117,122,123,124,126,127,128,129,130,131,133,134,135,137,139,140,141,148,149,150,151,152,154,155,158,159,161,163,164,165,166,167,168,169,170,172,174,175,176,177,178,179,180,183,184,186,187,188,189,190,193,195,196,197,198,200,203,204,205,206,207,208,211,213,214,215,216,217,219,221,222,224,225,227,228,230,233,234,235,237,238,239,242,244,245,247,249,251,252,253,255,256,260,261,263,266,269,270,271,272,273,274,278,281,282,283,284,285,286,287,291,292,294,295]].
[[24,35,56,57,59,61,65,82,87,102,104,105,109,110,112,118,125,132,142,143,146,147,157,160,171,173,181,185,191,192,209,226,229,231,232,243,248,262,264,267,268,276,279,280,288,289,290,296,299],[1,2,3,4,5,6,7,8,10,11,14,15,16,17,18,20,21,22,25,26,27,28,29,30,31,32,34,36,39,40,41,42,43,44,45,50,51,52,53,54,55,58,60,62,64,66,67,68,69,70,71,72,75,76,79,81,83,84,85,88,89,90,93,94,95,97,98,99,100,101,106,107,108,111,113,114,115,117,122,123,124,126,127,128,129,130,131,133,134,135,137,139,140,141,148,149,150,151,152,154,155,158,159,161,163,164,165,166,167,168,169,170,172,174,175,176,177,178,179,180,183,184,186,187,188,189,190,193,195,196,197,198,200,203,204,205,206,207,208,211,213,214,215,216,217,219,221,222,224,225,227,228,230,233,234,235,237,238,239,242,244,245,247,249,251,252,253,255,256,260,261,263,266,269,270,271,272,273,274,278,281,282,283,284,285,286,287,291,292,294,295],[46,48,77,138,156,162,223,241,250,259,293]].
[[24,35,56,57,59,61,65,82,87,102,104,105,109,110,112,118,125,132,142,143,146,147,157,160,171,173,181,185,191,192,209,226,229,231,232,243,248,262,264,267,268,276,279,280,288,289,290,296,299],[1,2,3,4,5,6,7,8,10,11,14,15,16,17,18,20,21,22,25,26,27,28,29,30,31,32,34,36,39,40,41,42,43,44,45,50,51,52,53,54,55,58,60,62,64,66,67,68,69,70,71,72,75,76,79,81,83,84,85,88,89,90,93,94,95,97,98,99,100,101,106,107,108,111,113,114,115,117,122,123,124,126,127,128,129,130,131,133,134,135,137,139,140,141,148,149,150,151,152,154,155,158,159,161,163,164,165,166,167,168,169,170,172,174,175,176,177,178,179,180,183,184,186,187,188,189,190,193,195,196,197,198,200,203,204,205,206,207,208,211,213,214,215,216,217,219,221,222,224,225,227,228,230,233,234,235,237,238,239,242,244,245,247,249,251,252,253,255,256,260,261,263,266,269,270,271,272,273,274,278,281,282,283,284,285,286,287,291,292,294,295],[46,48,77,138,156,162,223,241,250,259,293]].
[[46,48,77,138,156,162,223,241,250,259,293],[9,12,13,19,23,33,37,38,47,49,63,73,74,78,80,86,91,92,96,103,116,119,120,121,136,144,145,153,182,194,199,201,202,210,212,218,220,236,240,246,254,257,258,265,275,277,297,298,300],[24,35,56,57,59,61,65,82,87,102,104,105,109,110,112,118,125,132,142,143,146,147,157,160,171,173,181,185,191,192,209,226,229,231,232,243,248,262,264,267,268,276,279,280,288,289,290,296,299]].
[[24,35,56,57,59,61,65,82,87,102,104,105,109,110,112,118,125,132,142,143,146,147,157,160,171,173,181,185,191,192,209,226,229,231,232,243,248,262,264,267,268,276,279,280,288,289,290,296,299],[1,2,3,4,5,6,7,8,10,11,14,15,16,17,18,20,21,22,25,26,27,28,29,30,31,32,34,36,39,40,41,42,43,44,45,50,51,52,53,54,55,58,60,62,64,66,67,68,69,70,71,72,75,76,79,81,83,84,85,88,89,90,93,94,95,97,98,99,100,101,106,107,108,111,113,114,115,117,122,123,124,126,127,128,129,130,131,133,134,135,137,139,140,141,148,149,150,151,152,154,155,158,159,161,163,164,165,166,167,168,169,170,172,174,175,176,177,178,179,180,183,184,186,187,188,189,190,193,195,196,197,198,200,203,204,205,206,207,208,211,213,214,215,216,217,219,221,222,224,225,227,228,230,233,234,235,237,238,239,242,244,245,247,249,251,252,253,255,256,260,261,263,266,269,270,271,272,273,274,278,281,282,283,284,285,286,287,291,292,294,295],[46,48,77,138,156,162,223,241,250,259,293]].
[[24,35,56,57,59,61,65,82,87,102,104,105,109,110,112,118,125,132,142,143,146,147,157,160,171,173,181,185,191,192,209,226,229,231,232,243,248,262,264,267,268,276,279,280,288,289,290,296,299],[1,2,3,4,5,6,7,8,10,11,14,15,16,17,18,20,21,22,25,26,27,28,29,30,31,32,34,36,39,40,41,42,43,44,45,50,51,52,53,54,55,58,60,62,64,66,67,68,69,70,71,72,75,76,79,81,83,84,85,88,89,90,93,94,95,97,98,99,100,101,106,107,108,111,113,114,115,117,122,123,124,126,127,128,129,130,131,133,134,135,137,139,140,141,148,149,150,151,152,154,155,158,159,161,163,164,165,166,167,168,169,170,172,174,175,176,177,178,179,180,183,184,186,187,188,189,190,193,195,196,197,198,200,203,204,205,206,207,208,211,213,214,215,216,217,219,221,222,224,225,227,228,230,233,234,235,237,238,239,242,244,245,247,249,251,252,253,255,256,260,261,263,266,269,270,271,272,273,274,278,281,282,283,284,285,286,287,291,292,294,295],[46,48,77,138,156,162,223,241,250,259,293]].
[[46,48,77,138,156,162,223,241,250,259,293],[9,12,13,19,23,33,37,38,47,49,63,73,74,78,80,86,91,92,96,103,116,119,120,121,136,144,145,153,182,194,199,201,202,210,212,218,220,236,240,246,254,257,258,265,275,277,297,298,300],[24,35,56,57,59,61,65,82,87,102,104,105,109,110,112,118,125,132,142,143,146,147,157,160,171,173,181,185,191,192,209,226,229,231,232,243,248,262,264,267,268,276,279,280,288,289,290,296,299]].
[[1,2,3,4,5,6,7,8,10,11,14,15,16,17,18,20,21,22,25,26,27,28,29,30,31,32,34,36,39,40,41,42,43,44,45,50,51,52,53,54,55,58,60,62,64,66,67,68,69,70,71,72,75,76,79,81,83,84,85,88,89,90,93,94,95,97,98,99,100,101,106,107,108,111,113,114,115,117,122,123,124,126,127,128,129,130,131,133,134,135,137,139,140,141,148,149,150,151,152,154,155,158,159,161,163,164,165,166,167,168,169,170,172,174,175,176,177,178,179,180,183,184,186,187,188,189,190,193,195,196,197,198,200,203,204,205,206,207,208,211,213,214,215,216,217,219,221,222,224,225,227,228,230,233,234,235,237,238,239,242,244,245,247,249,251,252,253,255,256,260,261,263,266,269,270,271,272,273,274,278,281,282,283,284,285,286,287,291,292,294,295],[24,35,56,57,59,61,65,82,87,102,104,105,109,110,112,118,125,132,142,143,146,147,157,160,171,173,181,185,191,192,209,226,229,231,232,243,248,262,264,267,268,276,279,280,288,289,290,296,299],[9,12,13,19,23,33,37,38,47,49,63,73,74,78,80,86,91,92,96,103,116,119,120,121,136,144,145,153,182,194,199,201,202,210,212,218,220,236,240,246,254,257,258,265,275,277,297,298,300]].
[[24,35,56,57,59,61,65,82,87,102,104,105,109,110,112,118,125,132,142,143,146,147,157,160,171,173,181,185,191,192,209,226,229,231,232,243,248,262,264,267,268,276,279,280,288,289,290,296,299],[1,2,3,4,5,6,7,8,10,11,14,15,16,17,18,20,21,22,25,26,27,28,29,30,31,32,34,36,39,40,41,42,43,44,45,50,51,52,53,54,55,58,60,62,64,66,67,68,69,70,71,72,75,76,79,81,83,84,85,88,89,90,93,94,95,97,98,99,100,101,106,107,108,111,113,114,115,117,122,123,124,126,127,128,129,130,131,133,134,135,137,139,140,141,148,149,150,151,152,154,155,158,159,161,163,164,165,166,167,168,169,170,172,174,175,176,177,178,179,180,183,184,186,187,188,189,190,193,195,196,197,198,200,203,204,205,206,207,208,211,213,214,215,216,217,219,221,222,224,225,227,228,230,233,234,235,237,238,239,242,244,245,247,249,251,252,253,255,256,260,261,263,266,269,270,271,272,273,274,278,281,282,283,284,285,286,287,291,292,294,295],[46,48,77,138,156,162,223,241,250,259,293]].
