[[3,5,7,8,9,14,15,16,19,20,21,23,25,27,28,29,30,31,34,35,36,38,39,40,41,42,43,44,46,47,48,50,52,55,57,58,61,62,64,66,67,68,69,70,71,72,73,74,75,76,78,79,80,81,82,83,84,88,90,94,97,98,99,101,102,103,104,107,108,110,113,117,118,119,120,123,125,127,128,129,130,133,134,135,136,139,140,143,144,146,148,149,159,161,162,163,164,165,171,174,175,178,181,182,183,185,186,189,190,192,193,194,195,196,197,198,199,200,201,202,203,204,205,206,207,209,210,211,212,214,215,216,219,221,223,225,226,227,228,229,230,231,232,236,237,238,239,240,241,242,244,246,250,251,252,255,256,257,258,259,260,261,264,265,267,268,269,270,273,274,276,277,278,279,280,281,283,284,285,286,289,290,291,292,293,294,295,296,297,298,299],[1,4,11,12,17,18,22,24,51,54,60,63,77,87,89,92,93,105,109,121,131,145,147,153,157,158,166,168,170,172,173,177,179,191,208,213,218,222,233,234,243,245,247,249,253,254,262,282,287],[2,10,13,26,32,33,37,45,49,59,65,85,86,91,100,106,111,112,114,115,116,122,124,132,137,141,142,150,152,154,156,160,167,169,176,180,184,187,188,217,220,235,248,263,266,271,272,288,300]].
[[2,10,13,26,32,33,37,45,49,59,65,85,86,91,100,106,111,112,114,115,116,122,124,132,137,141,142,150,152,154,156,160,167,169,176,180,184,187,188,217,220,235,248,263,266,271,272,288,300],[6,53,56,95,96,126,138,151,155,224,275],[3,5,7,8,9,14,15,16,19,20,21,23,25,27,28,29,30,31,34,35,36,38,39,40,41,42,43,44,46,47,48,50,52,55,57,58,61,62,64,66,67,68,69,70,71,72,73,74,75,76,78,79,80,81,82,83,84,88,90,94,97,98,99,101,102,103,104,107,108,110,113,117,118,119,120,123,125,127,128,129,130,133,134,135,136,139,140,143,144,146,148,149,159,161,162,163,164,165,171,174,175,178,181,182,183,185,186,189,190,192,193,194,195,196,197,198,199,200,201,202,203,204,205,206,207,209,210,211,212,214,215,216,219,221,223,225,226,227,228,229,230,231,232,236,237,238,239,240,241,242,244,246,250,251,252,255,256,257,258,259,260,261,264,265,267,268,269,270,273,274,276,277,278,279,280,281,283,284,285,286,289,290,291,292,293,294,295,296,297,298,299]].
[[2,10,13,26,32,33,37,45,49,59,65,85,86,91,100,106,111,112,114,115,116,122,124,132,137,141,142,150,152,154,156,160,167,169,176,180,184,187,188,217,220,235,248,263,266,271,272,288,300],[6,53,56,95,96,126,138,151,155,224,275],[3,5,7,8,9,14,15,16,19,20,21,23,25,27,28,29,30,31,34,35,36,38,39,40,41,42,43,44,46,47,48,50,52,55,57,58,61,62,64,66,67,68,69,70,71,72,73,74,75,76,78,79,80,81,82,83,84,88,90,94,97,98,99,101,102,103,104,107,108,110,113,117,118,119,120,123,125,127,128,129,130,133,134,135,136,139,140,143,144,146,148,149,159,161,162,163,164,165,171,174,175,178,181,182,183,185,186,189,190,192,193,194,195,196,197,198,199,200,201,202,203,204,205,206,207,209,210,211,212,214,215,216,219,221,223,225,226,227,228,229,230,231,232,236,237,238,239,240,241,242,244,246,250,251,252,255,256,257,258,259,260,261,264,265,267,268,269,270,273,274,276,277,278,279,280,281,283,284,285,286,289,290,291,292,293,294,295,296,297,298,299]].
[[1,4,11,12,17,18,22,24,51,54,60,63,77,87,89,92,93,105,109,121,131,145,147,153,157,158,166,168,170,172,173,177,179,191,208,213,218,222,233,234,243,245,247,249,253,254,262,282,287],[3,5,7,8,9,14,15,16,19,20,21,23,25,27,28,29,30,31,34,35,36,38,39,40,41,42,43,44,46,47,48,50,52,55,57,58,61,62,64,66,67,68,69,70,71,72,73,74,75,76,78,79,80,81,82,83,84,88,90,94,97,98,99,101,102,103,104,107,108,110,113,117,118,119,120,123,125,127,128,129,130,133,134,135,136,139,140,143,144,146,148,149,159,161,162,163,164,165,171,174,175,178,181,182,183,185,186,189,190,192,193,194,195,196,197,198,199,200,201,202,203,204,205,206,207,209,210,211,212,214,215,216,219,221,223,225,226,227,228,229,230,231,232,236,237,238,239,240,241,242,244,246,250,251,252,255,256,257,258,259,260,261,264,265,267,268,269,270,273,274,276,277,278,279,280,281,283,284,285,286,289,290,291,292,293,294,295,296,297,298,299],[6,53,56,95,96,126,138,151,155,224,275]].
[[3,5,7,8,9,14,15,16,19,20,21,23,25,27,28,29,30,31,34,35,36,38,39,40,41,42,43,44,46,47,48,50,52,55,57,58,61,62,64,66,67,68,69,70,71,72,73,74,75,76,78,79,80,81,82,83,84,88,90,94,97,98,99,101,102,103,104,107,108,110,113,117,118,119,120,123,125,127,128,129,130,133,134,135,136,139,140,143,144,146,148,149,159,161,162,163,164,165,171,174,175,178,181,182,183,185,186,189,190,192,193,194,195,196,197,198,199,200,201,202,203,204,205,206,207,209,210,211,212,214,215,216,219,221,223,225,226,227,228,229,230,231,232,236,237,238,239,240,241,242,244,246,250,251,252,255,256,257,258,259,260,261,264,265,267,268,269,270,273,274,276,277,278,279,280,281,283,284,285,286,289,290,291,292,293,294,295,296,297,298,299],[1,4,11,12,17,18,22,24,51,54,60,63,77,87,89,92,93,105,109,121,131,145,147,153,157,158,166,168,170,172,173,177,179,191,208,213,218,222,233,234,243,245,247,249,253,254,262,282,287],[2,10,13,26,32,33,37,45,49,59,65,85,86,91,100,106,111,112,114,115,116,122,124,132,137,141,142,150,152,154,156,160,167,169,176,180,184,187,188,217,220,235,248,263,266,271,272,288,300]].
[[1,4,11,12,17,18,22,24,51,54,60,63,77,87,89,92,93,105,109,121,131,145,147,153,157,158,166,168,170,172,173,177,179,191,208,213,218,222,233,234,243,245,247,249,253,254,262,282,287],[3,5,7,8,9,14,15,16,19,20,21,23,25,27,28,29,30,31,34,35,36,38,39,40,41,42,43,44,46,47,48,50,52,55,57,58,61,62,64,66,67,68,69,70,71,72,73,74,75,76,78,79,80,81,82,83,84,88,90,94,97,98,99,101,102,103,104,107,108,110,113,117,118,119,120,123,125,127,128,129,130,133,134,135,136,139,140,143,144,146,148,149,159,161,162,163,164,165,171,174,175,178,181,182,183,185,186,189,190,192,193,194,195,196,197,198,199,200,201,202,203,204,205,206,207,209,210,211,212,214,215,216,219,221,223,225,226,227,228,229,230,231,232,236,237,238,239,240,241,242,244,246,250,251,252,255,256,257,258,259,260,261,264,265,267,268,269,270,273,274,276,277,278,279,280,281,283,284,285,286,289,290,291,292,293,294,295,296,297,298,299],[6,53,56,95,96,126,138,151,155,224,275]].
[[6,53,56,95,96,126,138,151,155,224,275],[2,10,13,26,32,33,37,45,49,59,65,85,86,91,100,106,111,112,114,115,116,122,124,132,137,141,142,150,152,154,156,160,167,169,176,180,184,187,188,217,220,235,248,263,266,271,272,288,300],[1,4,11,12,17,18,22,24,51,54,60,63,77,87,89,92,93,105,109,121,131,145,147,153,157,158,166,168,170,172,173,177,179,191,208,213,218,222,233,234,243,245,247,249,253,254,262,282,287]].
[[3,5,7,8,9,14,15,16,19,20,21,23,25,27,28,29,30,31,34,35,36,38,39,40,41,42,43,44,46,47,48,50,52,55,57,58,61,62,64,66,67,68,69,70,71,72,73,74,75,76,78,79,80,81,82,83,84,88,90,94,97,98,99,101,102,103,104,107,108,110,113,117,118,119,120,123,125,127,128,129,130,133,134,135,136,139,140,143,144,146,148,149,159,161,162,163,164,165,171,174,175,178,181,182,183,185,186,189,190,192,193,194,195,196,197,198,199,200,201,202,203,204,205,206,207,209,210,211,212,214,215,216,219,221,223,225,226,227,228,229,230,231,232,236,237,238,239,240,241,242,244,246,250,251,252,255,256,257,258,259,260,261,264,265,267,268,269,270,273,274,276,277,278,279,280,281,283,284,285,286,289,290,291,292,293,294,295,296,297,298,299],[1,4,11,12,17,18,22,24,51,54,60,63,77,87,89,92,93,105,109,121,131,145,147,153,157,158,166,168,170,172,173,177,179,191,208,213,218,222,233,234,243,245,247,249,253,254,262,282,287],[2,10,13,26,32,33,37,45,49,59,65,85,86,91,100,106,111,112,114,115,116,122,124,132,137,141,142,150,152,154,156,160,167,169,176,180,184,187,188,217,220,235,248,263,266,271,272,288,300]].
[[3,5,7,8,9,14,15,16,19,20,21,23,25,27,28,29,30,31,34,35,36,38,39,40,41,42,43,44,46,47,48,50,52,55,57,58,61,62,64,66,67,68,69,70,71,72,73,74,75,76,78,79,80,81,82,83,84,88,90,94,97,98,99,101,102,103,104,107,108,110,113,117,118,119,120,123,125,127,128,129,130,133,134,135,136,139,140,143,144,146,148,149,159,161,162,163,164,165,171,174,175,178,181,182,183,185,186,189,190,192,193,194,195,196,197,198,199,200,201,202,203,204,205,206,207,209,210,211,212,214,215,216,219,221,223,225,226,227,228,229,230,231,232,236,237,238,239,240,241,242,244,246,250,251,252,255,256,257,258,259,260,261,264,265,267,268,269,270,273,274,276,277,278,279,280,281,283,284,285,286,289,290,291,292,293,294,295,296,297,298,299],[1,4,11,12,17,18,22,24,51,54,60,63,77,87,89,92,93,105,109,121,131,145,147,153,157,158,166,168,170,172,173,177,179,191,208,213,218,222,233,234,243,245,247,249,253,254,262,282,287],[2,10,13,26,32,33,37,45,49,59,65,85,86,91,100,106,111,112,114,115,116,122,124,132,137,141,142,150,152,154,156,160,167,169,176,180,184,187,188,217,220,235,248,263,266,271,272,288,300]].
[[1,4,11,12,17,18,22,24,51,54,60,63,77,87,89,92,93,105,109,121,131,145,147,153,157,158,166,168,170,172,173,177,179,191,208,213,218,222,233,234,243,245,247,249,253,254,262,282,287],[3,5,7,8,9,14,15,16,19,20,21,23,25,27,28,29,30,31,34,35,36,38,39,40,41,42,43,44,46,47,48,50,52,55,57,58,61,62,64,66,67,68,69,70,71,72,73,74,75,76,78,79,80,81,82,83,84,88,90,94,97,98,99,101,102,103,104,107,108,110,113,117,118,119,120,123,125,127,128,129,130,133,134,135,136,139,140,143,144,146,148,149,159,161,162,163,164,165,171,174,175,178,181,182,183,185,186,189,190,192,193,194,195,196,197,198,199,200,201,202,203,204,205,206,207,209,210,211,212,214,215,216,219,221,223,225,226,227,228,229,230,231,232,236,237,238,239,240,241,242,244,246,250,251,252,255,256,257,258,259,260,261,264,265,267,268,269,270,273,274,276,277,278,279,280,281,283,284,285,286,289,290,291,292,293,294,295,296,297,298,299],[6,53,56,95,96,126,138,151,155,224,275]].
[[1,4,11,12,17,18,22,24,51,54,60,63,77,87,89,92,93,105,109,121,131,145,147,153,157,158,166,168,170,172,173,177,179,191,208,213,218,222,233,234,243,245,247,249,253,254,262,282,287],[3,5,7,8,9,14,15,16,19,20,21,23,25,27,28,29,30,31,34,35,36,38,39,40,41,42,43,44,46,47,48,50,52,55,57,58,61,62,64,66,67,68,69,70,71,72,73,74,75,76,78,79,80,81,82,83,84,88,90,94,97,98,99,101,102,103,104,107,108,110,113,117,118,119,120,123,125,127,128,129,130,133,134,135,136,139,140,143,144,146,148,149,159,161,162,163,164,165,171,174,175,178,181,182,183,185,186,189,190,192,193,194,195,196,197,198,199,200,201,202,203,204,205,206,207,209,210,211,212,214,215,216,219,221,223,225,226,227,228,229,230,231,232,236,237,238,239,240,241,242,244,246,250,251,252,255,256,257,258,259,260,261,264,265,267,268,269,270,273,274,276,277,278,279,280,281,283,284,285,286,289,290,291,292,293,294,295,296,297,298,299],[6,53,56,95,96,126,138,151,155,224,275]].
[[3,5,7,8,9,14,15,16,19,20,21,23,25,27,28,29,30,31,34,35,36,38,39,40,41,42,43,44,46,47,48,50,52,55,57,58,61,62,64,66,67,68,69,70,71,72,73,74,75,76,78,79,80,81,82,83,84,88,90,94,97,98,99,101,102,103,104,107,108,110,113,117,118,119,120,123,125,127,128,129,130,133,134,135,136,139,140,143,144,146,148,149,159,161,162,163,164,165,171,174,175,178,181,182,183,185,186,189,190,192,193,194,195,196,197,198,199,200,201,202,203,204,205,206,207,209,210,211,212,214,215,216,219,221,223,225,226,227,228,229,230,231,232,236,237,238,239,240,241,242,244,246,250,251,252,255,256,257,258,259,260,261,264,265,267,268,269,270,273,274,276,277,278,279,280,281,283,284,285,286,289,290,291,292,293,294,295,296,297,298,299],[1,4,11,12,17,18,22,24,51,54,60,63,77,87,89,92,93,105,109,121,131,145,147,153,157,158,166,168,170,172,173,177,179,191,208,213,218,222,233,234,243,245,247,249,253,254,262,282,287],[2,10,13,26,32,33,37,45,49,59,65,85,86,91,100,106,111,112,114,115,116,122,124,132,137,141,142,150,152,154,156,160,167,169,176,180,184,187,188,217,220,235,248,263,266,271,272,288,300]].
[[1,4,11,12,17,18,22,24,51,54,60,63,77,87,89,92,93,105,109,121,131,145,147,153,157,158,166,168,170,172,173,177,179,191,208,213,218,222,233,234,243,245,247,249,253,254,262,282,287],[3,5,7,8,9,14,15,16,19,20,21,23,25,27,28,29,30,31,34,35,36,38,39,40,41,42,43,44,46,47,48,50,52,55,57,58,61,62,64,66,67,68,69,70,71,72,73,74,75,76,78,79,80,81,82,83,84,88,90,94,97,98,99,101,102,103,104,107,108,110,113,117,118,119,120,123,125,127,128,129,130,133,134,135,136,139,140,143,144,146,148,149,159,161,162,163,164,165,171,174,175,178,181,182,183,185,186,189,190,192,193,194,195,196,197,198,199,200,201,202,203,204,205,206,207,209,210,211,212,214,215,216,219,221,223,225,226,227,228,229,230,231,232,236,237,238,239,240,241,242,244,246,250,251,252,255,256,257,258,259,260,261,264,265,267,268,269,270,273,274,276,277,278,279,280,281,283,284,285,286,289,290,291,292,293,294,295,296,297,298,299],[6,53,56,95,96,126,138,151,155,224,275]].
[[1,4,11,12,17,18,22,24,51,54,60,63,77,87,89,92,93,105,109,121,131,145,147,153,157,158,166,168,170,172,173,177,179,191,208,213,218,222,233,234,243,245,247,249,253,254,262,282,287],[3,5,7,8,9,14,15,16,19,20,21,23,25,27,28,29,30,31,34,35,36,38,39,40,41,42,43,44,46,47,48,50,52,55,57,58,61,62,64,66,67,68,69,70,71,72,73,74,75,76,78,79,80,81,82,83,84,88,90,94,97,98,99,101,102,103,104,107,108,110,113,117,118,119,120,123,125,127,128,129,130,133,134,135,136,139,140,143,144,146,148,149,159,161,162,163,164,165,171,174,175,178,181,182,183,185,186,189,190,192,193,194,195,196,197,198,199,200,201,202,203,204,205,206,207,209,210,211,212,214,215,216,219,221,223,225,226,227,228,229,230,231,232,236,237,238,239,240,241,242,244,246,250,251,252,255,256,257,258,259,260,261,264,265,267,268,269,270,273,274,276,277,278,279,280,281,283,284,285,286,289,290,291,292,293,294,295,296,297,298,299],[6,53,56,95,96,126,138,151,155,224,275]].
[[6,53,56,95,96,126,138,151,155,224,275],[2,10,13,26,32,33,37,45,49,59,65,85,86,91,100,106,111,112,114,115,116,122,124,132,137,141,142,150,152,154,156,160,167,169,176,180,184,187,188,217,220,235,248,263,266,271,272,288,300],[1,4,11,12,17,18,22,24,51,54,60,63,77,87,89,92,93,105,109,121,131,145,147,153,157,158,166,168,170,172,173,177,179,191,208,213,218,222,233,234,243,245,247,249,253,254,262,282,287]].
[[3,5,7,8,9,14,15,16,19,20,21,23,25,27,28,29,30,31,34,35,36,38,39,40,41,42,43,44,46,47,48,50,52,55,57,58,61,62,64,66,67,68,69,70,71,72,73,74,75,76,78,79,80,81,82,83,84,88,90,94,97,98,99,101,102,103,104,107,108,110,113,117,118,119,120,123,125,127,128,129,130,133,134,135,136,139,140,143,144,146,148,149,159,161,162,163,164,165,171,174,175,178,181,182,183,185,186,189,190,192,193,194,195,196,197,198,199,200,201,202,203,204,205,206,207,209,210,211,212,214,215,216,219,221,223,225,226,227,228,229,230,231,232,236,237,238,239,240,241,242,244,246,250,251,252,255,256,257,258,259,260,261,264,265,267,268,269,270,273,274,276,277,278,279,280,281,283,284,285,286,289,290,291,292,293,294,295,296,297,298,299],[1,4,11,12,17,18,22,24,51,54,60,63,77,87,89,92,93,105,109,121,131,145,147,153,157,158,166,168,170,172,173,177,179,191,208,213,218,222,233,234,243,245,247,249,253,254,262,282,287],[2,10,13,26,32,33,37,45,49,59,65,85,86,91,100,106,111,112,114,115,116,122,124,132,137,141,142,150,152,154,156,160,167,169,176,180,184,187,188,217,220,235,248,263,266,271,272,288,300]].
[[6,53,56,95,96,126,138,151,155,224,275],[2,10,13,26,32,33,37,45,49,59,65,85,86,91,100,106,111,112,114,115,116,122,124,132,137,141,142,150,152,154,156,160,167,169,176,180,184,187,188,217,220,235,248,263,266,271,272,288,300],[1,4,11,12,17,18,22,24,51,54,60,63,77,87,89,92,93,105,109,121,131,145,147,153,157,158,166,168,170,172,173,177,179,191,208,213,218,222,233,234,243,245,247,249,253,254,262,282,287]].
[[6,53,56,95,96,126,138,151,155,224,275],[2,10,13,26,32,33,37,45,49,59,65,85,86,91,100,106,111,112,114,115,116,122,124,132,137,141,142,150,152,154,156,160,167,169,176,180,184,187,188,217,220,235,248,263,266,271,272,288,300],[1,4,11,12,17,18,22,24,51,54,60,63,77,87,89,92,93,105,109,121,131,145,147,153,157,158,166,168,170,172,173,177,179,191,208,213,218,222,233,234,243,245,247,249,253,254,262,282,287]].
[[1,4,11,12,17,18,22,24,51,54,60,63,77,87,89,92,93,105,109,121,131,145,147,153,157,158,166,168,170,172,173,177,179,191,208,213,218,222,233,234,243,245,247,249,253,254,262,282,287],[3,5,7,8,9,14,15,16,19,20,21,23,25,27,28,29,30,31,34,35,36,38,39,40,41,42,43,44,46,47,48,50,52,55,57,58,61,62,64,66,67,68,69,70,71,72,73,74,75,76,78,79,80,81,82,83,84,88,90,94,97,98,99,101,102,103,104,107,108,110,113,117,118,119,120,123,125,127,128,129,130,133,134,135,136,139,140,143,144,146,148,149,159,161,162,163,164,165,171,174,175,178,181,182,183,185,186,189,190,192,193,194,195,196,197,198,199,200,201,202,203,204,205,206,207,209,210,211,212,214,215,216,219,221,223,225,226,227,228,229,230,231,232,236,237,238,239,240,241,242,244,246,250,251,252,255,256,257,258,259,260,261,264,265,267,268,269,270,273,274,276,277,278,279,280,281,283,284,285,286,289,290,291,292,293,294,295,296,297,298,299],[6,53,56,95,96,126,138,151,155,224,275]].
[[3,5,7,8,9,14,15,16,19,20,21,23,25,27,28,29,30,31,34,35,36,38,39,40,41,42,43,44,46,47,48,50,52,55,57,58,61,62,64,66,67,68,69,70,71,72,73,74,75,76,78,79,80,81,82,83,84,88,90,94,97,98,99,101,102,103,104,107,108,110,113,117,118,119,120,123,125,127,128,129,130,133,134,135,136,139,140,143,144,146,148,149,159,161,162,163,164,165,171,174,175,178,181,182,183,185,186,189,190,192,193,194,195,196,197,198,199,200,201,202,203,204,205,206,207,209,210,211,212,214,215,216,219,221,223,225,226,227,228,229,230,231,232,236,237,238,239,240,241,242,244,246,250,251,252,255,256,257,258,259,260,261,264,265,267,268,269,270,273,274,276,277,278,279,280,281,283,284,285,286,289,290,291,292,293,294,295,296,297,298,299],[1,4,11,12,17,18,22,24,51,54,60,63,77,87,89,92,93,105,109,121,131,145,147,153,157,158,166,168,170,172,173,177,179,191,208,213,218,222,233,234,243,245,247,249,253,254,262,282,287],[2,10,13,26,32,33,37,45,49,59,65,85,86,91,100,106,111,112,114,115,116,122,124,132,137,141,142,150,152,154,156,160,167,169,176,180,184,187,188,217,220,235,248,263,266,271,272,288,300]].
[[1,4,11,12,17,18,22,24,51,54,60,63,77,87,89,92,93,105,109,121,131,145,147,153,157,158,166,168,170,172,173,177,179,191,208,213,218,222,233,234,243,245,247,249,253,254,262,282,287],[3,5,7,8,9,14,15,16,19,20,21,23,25,27,28,29,30,31,34,35,36,38,39,40,41,42,43,44,46,47,48,50,52,55,57,58,61,62,64,66,67,68,69,70,71,72,73,74,75,76,78,79,80,81,82,83,84,88,90,94,97,98,99,101,102,103,104,107,108,110,113,117,118,119,120,123,125,127,128,129,130,133,134,135,136,139,140,143,144,146,148,149,159,161,162,163,164,165,171,174,175,178,181,182,183,185,186,189,190,192,193,194,195,196,197,198,199,200,201,202,203,204,205,206,207,209,210,211,212,214,215,216,219,221,223,225,226,227,228,229,230,231,232,236,237,238,239,240,241,242,244,246,250,251,252,255,256,257,258,259,260,261,264,265,267,268,269,270,273,274,276,277,278,279,280,281,283,284,285,286,289,290,291,292,293,294,295,296,297,298,299],[6,53,56,95,96,126,138,151,155,224,275]].
[[3,5,7,8,9,14,15,16,19,20,21,23,25,27,28,29,30,31,34,35,36,38,39,40,41,42,43,44,46,47,48,50,52,55,57,58,61,62,64,66,67,68,69,70,71,72,73,74,75,76,78,79,80,81,82,83,84,88,90,94,97,98,99,101,102,103,104,107,108,110,113,117,118,119,120,123,125,127,128,129,130,133,134,135,136,139,140,143,144,146,148,149,159,161,162,163,164,165,171,174,175,178,181,182,183,185,186,189,190,192,193,194,195,196,197,198,199,200,201,202,203,204,205,206,207,209,210,211,212,214,215,216,219,221,223,225,226,227,228,229,230,231,232,236,237,238,239,240,241,242,244,246,250,251,252,255,256,257,258,259,260,261,264,265,267,268,269,270,273,274,276,277,278,279,280,281,283,284,285,286,289,290,291,292,293,294,295,296,297,298,299],[1,4,11,12,17,18,22,24,51,54,60,63,77,87,89,92,93,105,109,121,131,145,147,153,157,158,166,168,170,172,173,177,179,191,208,213,218,222,233,234,243,245,247,249,253,254,262,282,287],[2,10,13,26,32,33,37,45,49,59,65,85,86,91,100,106,111,112,114,115,116,122,124,132,137,141,142,150,152,154,156,160,167,169,176,180,184,187,188,217,220,235,248,263,266,271,272,288,300]].
[[1,4,11,12,17,18,22,24,51,54,60,63,77,87,89,92,93,105,109,121,131,145,147,153,157,158,166,168,170,172,173,177,179,191,208,213,218,222,233,234,243,245,247,249,253,254,262,282,287],[3,5,7,8,9,14,15,16,19,20,21,23,25,27,28,29,30,31,34,35,36,38,39,40,41,42,43,44,46,47,48,50,52,55,57,58,61,62,64,66,67,68,69,70,71,72,73,74,75,76,78,79,80,81,82,83,84,88,90,94,97,98,99,101,102,103,104,107,108,110,113,117,118,119,120,123,125,127,128,129,130,133,134,135,136,139,140,143,144,146,148,149,159,161,162,163,164,165,171,174,175,178,181,182,183,185,186,189,190,192,193,194,195,196,197,198,199,200,201,202,203,204,205,206,207,209,210,211,212,214,215,216,219,221,223,225,226,227,228,229,230,231,232,236,237,238,239,240,241,242,244,246,250,251,252,255,256,257,258,259,260,261,264,265,267,268,269,270,273,274,276,277,278,279,280,281,283,284,285,286,289,290,291,292,293,294,295,296,297,298,299],[6,53,56,95,96,126,138,151,155,224,275]].
[[3,5,7,8,9,14,15,16,19,20,21,23,25,27,28,29,30,31,34,35,36,38,39,40,41,42,43,44,46,47,48,50,52,55,57,58,61,62,64,66,67,68,69,70,71,72,73,74,75,76,78,79,80,81,82,83,84,88,90,94,97,98,99,101,102,103,104,107,108,110,113,117,118,119,120,123,125,127,128,129,130,133,134,135,136,139,140,143,144,146,148,149,159,161,162,163,164,165,171,174,175,178,181,182,183,185,186,189,190,192,193,194,195,196,197,198,199,200,201,202,203,204,205,206,207,209,210,211,212,214,215,216,219,221,223,225,226,227,228,229,230,231,232,236,237,238,239,240,241,242,244,246,250,251,252,255,256,257,258,259,260,261,264,265,267,268,269,270,273,274,276,277,278,279,280,281,283,284,285,286,289,290,291,292,293,294,295,296,297,298,299],[1,4,11,12,17,18,22,24,51,54,60,63,77,87,89,92,93,105,109,121,131,145,147,153,157,158,166,168,170,172,173,177,179,191,208,213,218,222,233,234,243,245,247,249,253,254,262,282,287],[2,10,13,26,32,33,37,45,49,59,65,85,86,91,100,106,111,112,114,115,116,122,124,132,137,141,142,150,152,154,156,160,167,169,176,180,184,187,188,217,220,235,248,263,266,271,272,288,300]].
[[6,53,56,95,96,126,138,151,155,224,275],[2,10,13,26,32,33,37,45,49,59,65,85,86,91,100,106,111,112,114,115,116,122,124,132,137,141,142,150,152,154,156,160,167,169,176,180,184,187,188,217,220,235,248,263,266,271,272,288,300],[1,4,11,12,17,18,22,24,51,54,60,63,77,87,89,92,93,105,109,121,131,145,147,153,157,158,166,168,170,172,173,177,179,191,208,213,218,222,233,234,243,245,247,249,253,254,262,282,287]].
[[2,10,13,26,32,33,37,45,49,59,65,85,86,91,100,106,111,112,114,115,116,122,124,132,137,141,142,150,152,154,156,160,167,169,176,180,184,187,188,217,220,235,248,263,266,271,272,288,300],[6,53,56,95,96,126,138,151,155,224,275],[3,5,7,8,9,14,15,16,19,20,21,23,25,27,28,29,30,31,34,35,36,38,39,40,41,42,43,44,46,47,48,50,52,55,57,58,61,62,64,66,67,68,69,70,71,72,73,74,75,76,78,79,80,81,82,83,84,88,90,94,97,98,99,101,102,103,104,107,108,110,113,117,118,119,120,123,125,127,128,129,130,133,134,135,136,139,140,143,144,146,148,149,159,161,162,163,164,165,171,174,175,178,181,182,183,185,186,189,190,192,193,194,195,196,197,198,199,200,201,202,203,204,205,206,207,209,210,211,212,214,215,216,219,221,223,225,226,227,228,229,230,231,232,236,237,238,239,240,241,242,244,246,250,251,252,255,256,257,258,259,260,261,264,265,267,268,269,270,273,274,276,277,278,279,280,281,283,284,285,286,289,290,291,292,293,294,295,296,297,298,299]].
[[2,10,13,26,32,33,37,45,49,59,65,85,86,91,100,106,111,112,114,115,116,122,124,132,137,141,142,150,152,154,156,160,167,169,176,180,184,187,188,217,220,235,248,263,266,271,272,288,300],[6,53,56,95,96,126,138,151,155,224,275],[3,5,7,8,9,14,15,16,19,20,21,23,25,27,28,29,30,31,34,35,36,38,39,40,41,42,43,44,46,47,48,50,52,55,57,58,61,62,64,66,67,68,69,70,71,72,73,74,75,76,78,79,80,81,82,83,84,88,90,94,97,98,99,101,102,103,104,107,108,110,113,117,118,119,120,123,125,127,128,129,130,133,134,135,136,139,140,143,144,146,148,149,159,161,162,163,164,165,171,174,175,178,181,182,183,185,186,189,190,192,193,194,195,196,197,198,199,200,201,202,203,204,205,206,207,209,210,211,212,214,215,216,219,221,223,225,226,227,228,229,230,231,232,236,237,238,239,240,241,242,244,246,250,251,252,255,256,257,258,259,260,261,264,265,267,268,269,270,273,274,276,277,278,279,280,281,283,284,285,286,289,290,291,292,293,294,295,296,297,298,299]].
[[2,10,13,26,32,33,37,45,49,59,65,85,86,91,100,106,111,112,114,115,116,122,124,132,137,141,142,150,152,154,156,160,167,169,176,180,184,187,188,217,220,235,248,263,266,271,272,288,300],[6,53,56,95,96,126,138,151,155,224,275],[3,5,7,8,9,14,15,16,19,20,21,23,25,27,28,29,30,31,34,35,36,38,39,40,41,42,43,44,46,47,48,50,52,55,57,58,61,62,64,66,67,68,69,70,71,72,73,74,75,76,78,79,80,81,82,83,84,88,90,94,97,98,99,101,102,103,104,107,108,110,113,117,118,119,120,123,125,127,128,129,130,133,134,135,136,139,140,143,144,146,148,149,159,161,162,163,164,165,171,174,175,178,181,182,183,185,186,189,190,192,193,194,195,196,197,198,199,200,201,202,203,204,205,206,207,209,210,211,212,214,215,216,219,221,223,225,226,227,228,229,230,231,232,236,237,238,239,240,241,242,244,246,250,251,252,255,256,257,258,259,260,261,264,265,267,268,269,270,273,274,276,277,278,279,280,281,283,284,285,286,289,290,291,292,293,294,295,296,297,298,299]].
[[6,53,56,95,96,126,138,151,155,224,275],[2,10,13,26,32,33,37,45,49,59,65,85,86,91,100,106,111,112,114,115,116,122,124,132,137,141,142,150,152,154,156,160,167,169,176,180,184,187,188,217,220,235,248,263,266,271,272,288,300],[1,4,11,12,17,18,22,24,51,54,60,63,77,87,89,92,93,105,109,121,131,145,147,153,157,158,166,168,170,172,173,177,179,191,208,213,218,222,233,234,243,245,247,249,253,254,262,282,287]].
[[3,5,7,8,9,14,15,16,19,20,21,23,25,27,28,29,30,31,34,35,36,38,39,40,41,42,43,44,46,47,48,50,52,55,57,58,61,62,64,66,67,68,69,70,71,72,73,74,75,76,78,79,80,81,82,83,84,88,90,94,97,98,99,101,102,103,104,107,108,110,113,117,118,119,120,123,125,127,128,129,130,133,134,135,136,139,140,143,144,146,148,149,159,161,162,163,164,165,171,174,175,178,181,182,183,185,186,189,190,192,193,194,195,196,197,198,199,200,201,202,203,204,205,206,207,209,210,211,212,214,215,216,219,221,223,225,226,227,228,229,230,231,232,236,237,238,239,240,241,242,244,246,250,251,252,255,256,257,258,259,260,261,264,265,267,268,269,270,273,274,276,277,278,279,280,281,283,284,285,286,289,290,291,292,293,294,295,296,297,298,299],[1,4,11,12,17,18,22,24,51,54,60,63,77,87,89,92,93,105,109,121,131,145,147,153,157,158,166,168,170,172,173,177,179,191,208,213,218,222,233,234,243,245,247,249,253,254,262,282,287],[2,10,13,26,32,33,37,45,49,59,65,85,86,91,100,106,111,112,114,115,116,122,124,132,137,141,142,150,152,154,156,160,167,169,176,180,184,187,188,217,220,235,248,263,266,271,272,288,300]].
[[6,53,56,95,96,126,138,151,155,224,275],[2,10,13,26,32,33,37,45,49,59,65,85,86,91,100,106,111,112,114,115,116,122,124,132,137,141,142,150,152,154,156,160,167,169,176,180,184,187,188,217,220,235,248,263,266,271,272,288,300],[1,4,11,12,17,18,22,24,51,54,60,63,77,87,89,92,93,105,109,121,131,145,147,153,157,158,166,168,170,172,173,177,179,191,208,213,218,222,233,234,243,245,247,249,253,254,262,282,287]].
[[2,10,13,26,32,33,37,45,49,59,65,85,86,91,100,106,111,112,114,115,116,122,124,132,137,141,142,150,152,154,156,160,167,169,176,180,184,187,188,217,220,235,248,263,266,271,272,288,300],[6,53,56,95,96,126,138,151,155,224,275],[3,5,7,8,9,14,15,16,19,20,21,23,25,27,28,29,30,31,34,35,36,38,39,40,41,42,43,44,46,47,48,50,52,55,57,58,61,62,64,66,67,68,69,70,71,72,73,74,75,76,78,79,80,81,82,83,84,88,90,94,97,98,99,101,102,103,104,107,108,110,113,117,118,119,120,123,125,127,128,129,130,133,134,135,136,139,140,143,144,146,148,149,159,161,162,163,164,165,171,174,175,178,181,182,183,185,186,189,190,192,193,194,195,196,197,198,199,200,201,202,203,204,205,206,207,209,210,211,212,214,215,216,219,221,223,225,226,227,228,229,230,231,232,236,237,238,239,240,241,242,244,246,250,251,252,255,256,257,258,259,260,261,264,265,267,268,269,270,273,274,276,277,278,279,280,281,283,284,285,286,289,290,291,292,293,294,295,296,297,298,299]].
[[3,5,7,8,9,14,15,16,19,20,21,23,25,27,28,29,30,31,34,35,36,38,39,40,41,42,43,44,46,47,48,50,52,55,57,58,61,62,64,66,67,68,69,70,71,72,73,74,75,76,78,79,80,81,82,83,84,88,90,94,97,98,99,101,102,103,104,107,108,110,113,117,118,119,120,123,125,127,128,129,130,133,134,135,136,139,140,143,144,146,148,149,159,161,162,163,164,165,171,174,175,178,181,182,183,185,186,189,190,192,193,194,195,196,197,198,199,200,201,202,203,204,205,206,207,209,210,211,212,214,215,216,219,221,223,225,226,227,228,229,230,231,232,236,237,238,239,240,241,242,244,246,250,251,252,255,256,257,258,259,260,261,264,265,267,268,269,270,273,274,276,277,278,279,280,281,283,284,285,286,289,290,291,292,293,294,295,296,297,298,299],[1,4,11,12,17,18,22,24,51,54,60,63,77,87,89,92,93,105,109,121,131,145,147,153,157,158,166,168,170,172,173,177,179,191,208,213,218,222,233,234,243,245,247,249,253,254,262,282,287],[2,10,13,26,32,33,37,45,49,59,65,85,86,91,100,106,111,112,114,115,116,122,124,132,137,141,142,150,152,154,156,160,167,169,176,180,184,187,188,217,220,235,248,263,266,271,272,288,300]].
[[6,53,56,95,96,126,138,151,155,224,275],[2,10,13,26,32,33,37,45,49,59,65,85,86,91,100,106,111,112,114,115,116,122,124,132,137,141,142,150,152,154,156,160,167,169,176,180,184,187,188,217,220,235,248,263,266,271,272,288,300],[1,4,11,12,17,18,22,24,51,54,60,63,77,87,89,92,93,105,109,121,131,145,147,153,157,158,166,168,170,172,173,177,179,191,208,213,218,222,233,234,243,245,247,249,253,254,262,282,287]].
[[2,10,13,26,32,33,37,45,49,59,65,85,86,91,100,106,111,112,114,115,116,122,124,132,137,141,142,150,152,154,156,160,167,169,176,180,184,187,188,217,220,235,248,263,266,271,272,288,300],[6,53,56,95,96,126,138,151,155,224,275],[3,5,7,8,9,14,15,16,19,20,21,23,25,27,28,29,30,31,34,35,36,38,39,40,41,42,43,44,46,47,48,50,52,55,57,58,61,62,64,66,67,68,69,70,71,72,73,74,75,76,78,79,80,81,82,83,84,88,90,94,97,98,99,101,102,103,104,107,108,110,113,117,118,119,120,123,125,127,128,129,130,133,134,135,136,139,140,143,144,146,148,149,159,161,162,163,164,165,171,174,175,178,181,182,183,185,186,189,190,192,193,194,195,196,197,198,199,200,201,202,203,204,205,206,207,209,210,211,212,214,215,216,219,221,223,225,226,227,228,229,230,231,232,236,237,238,239,240,241,242,244,246,250,251,252,255,256,257,258,259,260,261,264,265,267,268,269,270,273,274,276,277,278,279,280,281,283,284,285,286,289,290,291,292,293,294,295,296,297,298,299]].
[[2,10,13,26,32,33,37,45,49,59,65,85,86,91,100,106,111,112,114,115,116,122,124,132,137,141,142,150,152,154,156,160,167,169,176,180,184,187,188,217,220,235,248,263,266,271,272,288,300],[6,53,56,95,96,126,138,151,155,224,275],[3,5,7,8,9,14,15,16,19,20,21,23,25,27,28,29,30,31,34,35,36,38,39,40,41,42,43,44,46,47,48,50,52,55,57,58,61,62,64,66,67,68,69,70,71,72,73,74,75,76,78,79,80,81,82,83,84,88,90,94,97,98,99,101,102,103,104,107,108,110,113,117,118,119,120,123,125,127,128,129,130,133,134,135,136,139,140,143,144,146,148,149,159,161,162,163,164,165,171,174,175,178,181,182,183,185,186,189,190,192,193,194,195,196,197,198,199,200,201,202,203,204,205,206,207,209,210,211,212,214,215,216,219,221,223,225,226,227,228,229,230,231,232,236,237,238,239,240,241,242,244,246,250,251,252,255,256,257,258,259,260,261,264,265,267,268,269,270,273,274,276,277,278,279,280,281,283,284,285,286,289,290,291,292,293,294,295,296,297,298,299]].
[[1,4,11,12,17,18,22,24,51,54,60,63,77,87,89,92,93,105,109,121,131,145,147,153,157,158,166,168,170,172,173,177,179,191,208,213,218,222,233,234,243,245,247,249,253,254,262,282,287],[3,5,7,8,9,14,15,16,19,20,21,23,25,27,28,29,30,31,34,35,36,38,39,40,41,42,43,44,46,47,48,50,52,55,57,58,61,62,64,66,67,68,69,70,71,72,73,74,75,76,78,79,80,81,82,83,84,88,90,94,97,98,99,101,102,103,104,107,108,110,113,117,118,119,120,123,125,127,128,129,130,133,134,135,136,139,140,143,144,146,148,149,159,161,162,163,164,165,171,174,175,178,181,182,183,185,186,189,190,192,193,194,195,196,197,198,199,200,201,202,203,204,205,206,207,209,210,211,212,214,215,216,219,221,223,225,226,227,228,229,230,231,232,236,237,238,239,240,241,242,244,246,250,251,252,255,256,257,258,259,260,261,264,265,267,268,269,270,273,274,276,277,278,279,280,281,283,284,285,286,289,290,291,292,293,294,295,296,297,298,299],[6,53,56,95,96,126,138,151,155,224,275]].
[[1,4,11,12,17,18,22,24,51,54,60,63,77,87,89,92,93,105,109,121,131,145,147,153,157,158,166,168,170,172,173,177,179,191,208,213,218,222,233,234,243,245,247,249,253,254,262,282,287],[3,5,7,8,9,14,15,16,19,20,21,23,25,27,28,29,30,31,34,35,36,38,39,40,41,42,43,44,46,47,48,50,52,55,57,58,61,62,64,66,67,68,69,70,71,72,73,74,75,76,78,79,80,81,82,83,84,88,90,94,97,98,99,101,102,103,104,107,108,110,113,117,118,119,120,123,125,127,128,129,130,133,134,135,136,139,140,143,144,146,148,149,159,161,162,163,164,165,171,174,175,178,181,182,183,185,186,189,190,192,193,194,195,196,197,198,199,200,201,202,203,204,205,206,207,209,210,211,212,214,215,216,219,221,223,225,226,227,228,229,230,231,232,236,237,238,239,240,241,242,244,246,250,251,252,255,256,257,258,259,260,261,264,265,267,268,269,270,273,274,276,277,278,279,280,281,283,284,285,286,289,290,291,292,293,294,295,296,297,298,299],[6,53,56,95,96,126,138,151,155,224,275]].
[[2,10,13,26,32,33,37,45,49,59,65,85,86,91,100,106,111,112,114,115,116,122,124,132,137,141,142,150,152,154,156,160,167,169,176,180,184,187,188,217,220,235,248,263,266,271,272,288,300],[6,53,56,95,96,126,138,151,155,224,275],[3,5,7,8,9,14,15,16,19,20,21,23,25,27,28,29,30,31,34,35,36,38,39,40,41,42,43,44,46,47,48,50,52,55,57,58,61,62,64,66,67,68,69,70,71,72,73,74,75,76,78,79,80,81,82,83,84,88,90,94,97,98,99,101,102,103,104,107,108,110,113,117,118,119,120,123,125,127,128,129,130,133,134,135,136,139,140,143,144,146,148,149,159,161,162,163,164,165,171,174,175,178,181,182,183,185,186,189,190,192,193,194,195,196,197,198,199,200,201,202,203,204,205,206,207,209,210,211,212,214,215,216,219,221,223,225,226,227,228,229,230,231,232,236,237,238,239,240,241,242,244,246,250,251,252,255,256,257,258,259,260,261,264,265,267,268,269,270,273,274,276,277,278,279,280,281,283,284,285,286,289,290,291,292,293,294,295,296,297,298,299]].
[[3,5,7,8,9,14,15,16,19,20,21,23,25,27,28,29,30,31,34,35,36,38,39,40,41,42,43,44,46,47,48,50,52,55,57,58,61,62,64,66,67,68,69,70,71,72,73,74,75,76,78,79,80,81,82,83,84,88,90,94,97,98,99,101,102,103,104,107,108,110,113,117,118,119,120,123,125,127,128,129,130,133,134,135,136,139,140,143,144,146,148,149,159,161,162,163,164,165,171,174,175,178,181,182,183,185,186,189,190,192,193,194,195,196,197,198,199,200,201,202,203,204,205,206,207,209,210,211,212,214,215,216,219,221,223,225,226,227,228,229,230,231,232,236,237,238,239,240,241,242,244,246,250,251,252,255,256,257,258,259,260,261,264,265,267,268,269,270,273,274,276,277,278,279,280,281,283,284,285,286,289,290,291,292,293,294,295,296,297,298,299],[1,4,11,12,17,18,22,24,51,54,60,63,77,87,89,92,93,105,109,121,131,145,147,153,157,158,166,168,170,172,173,177,179,191,208,213,218,222,233,234,243,245,247,249,253,254,262,282,287],[2,10,13,26,32,33,37,45,49,59,65,85,86,91,100,106,111,112,114,115,116,122,124,132,137,141,142,150,152,154,156,160,167,169,176,180,184,187,188,217,220,235,248,263,266,271,272,288,300]].
[[1,4,11,12,17,18,22,24,51,54,60,63,77,87,89,92,93,105,109,121,131,145,147,153,157,158,166,168,170,172,173,177,179,191,208,213,218,222,233,234,243,245,247,249,253,254,262,282,287],[3,5,7,8,9,14,15,16,19,20,21,23,25,27,28,29,30,31,34,35,36,38,39,40,41,42,43,44,46,47,48,50,52,55,57,58,61,62,64,66,67,68,69,70,71,72,73,74,75,76,78,79,80,81,82,83,84,88,90,94,97,98,99,101,102,103,104,107,108,110,113,117,118,119,120,123,125,127,128,129,130,133,134,135,136,139,140,143,144,146,148,149,159,161,162,163,164,165,171,174,175,178,181,182,183,185,186,189,190,192,193,194,195,196,197,198,199,200,201,202,203,204,205,206,207,209,210,211,212,214,215,216,219,221,223,225,226,227,228,229,230,231,232,236,237,238,239,240,241,242,244,246,250,251,252,255,256,257,258,259,260,261,264,265,267,268,269,270,273,274,276,277,278,279,280,281,283,284,285,286,289,290,291,292,293,294,295,296,297,298,299],[6,53,56,95,96,126,138,151,155,224,275]].
[[6,53,56,95,96,126,138,151,155,224,275],[2,10,13,26,32,33,37,45,49,59,65,85,86,91,100,106,111,112,114,115,116,122,124,132,137,141,142,150,152,154,156,160,167,169,176,180,184,187,188,217,220,235,248,263,266,271,272,288,300],[1,4,11,12,17,18,22,24,51,54,60,63,77,87,89,92,93,105,109,121,131,145,147,153,157,158,166,168,170,172,173,177,179,191,208,213,218,222,233,234,243,245,247,249,253,254,262,282,287]].
[[1,4,11,12,17,18,22,24,51,54,60,63,77,87,89,92,93,105,109,121,131,145,147,153,157,158,166,168,170,172,173,177,179,191,208,213,218,222,233,234,243,245,247,249,253,254,262,282,287],[3,5,7,8,9,14,15,16,19,20,21,23,25,27,28,29,30,31,34,35,36,38,39,40,41,42,43,44,46,47,48,50,52,55,57,58,61,62,64,66,67,68,69,70,71,72,73,74,75,76,78,79,80,81,82,83,84,88,90,94,97,98,99,101,102,103,104,107,108,110,113,117,118,119,120,123,125,127,128,129,130,133,134,135,136,139,140,143,144,146,148,149,159,161,162,163,164,165,171,174,175,178,181,182,183,185,186,189,190,192,193,194,195,196,197,198,199,200,201,202,203,204,205,206,207,209,210,211,212,214,215,216,219,221,223,225,226,227,228,229,230,231,232,236,237,238,239,240,241,242,244,246,250,251,252,255,256,257,258,259,260,261,264,265,267,268,269,270,273,274,276,277,278,279,280,281,283,284,285,286,289,290,291,292,293,294,295,296,297,298,299],[6,53,56,95,96,126,138,151,155,224,275]].
[[6,53,56,95,96,126,138,151,155,224,275],[2,10,13,26,32,33,37,45,49,59,65,85,86,91,100,106,111,112,114,115,116,122,124,132,137,141,142,150,152,154,156,160,167,169,176,180,184,187,188,217,220,235,248,263,266,271,272,288,300],[1,4,11,12,17,18,22,24,51,54,60,63,77,87,89,92,93,105,109,121,131,145,147,153,157,158,166,168,170,172,173,177,179,191,208,213,218,222,233,234,243,245,247,249,253,254,262,282,287]].
[[2,10,13,26,32,33,37,45,49,59,65,85,86,91,100,106,111,112,114,115,116,122,124,132,137,141,142,150,152,154,156,160,167,169,176,180,184,187,188,217,220,235,248,263,266,271,272,288,300],[6,53,56,95,96,126,138,151,155,224,275],[3,5,7,8,9,14,15,16,19,20,21,23,25,27,28,29,30,31,34,35,36,38,39,40,41,42,43,44,46,47,48,50,52,55,57,58,61,62,64,66,67,68,69,70,71,72,73,74,75,76,78,79,80,81,82,83,84,88,90,94,97,98,99,101,102,103,104,107,108,110,113,117,118,119,120,123,125,127,128,129,130,133,134,135,136,139,140,143,144,146,148,149,159,161,162,163,164,165,171,174,175,178,181,182,183,185,186,189,190,192,193,194,195,196,197,198,199,200,201,202,203,204,205,206,207,209,210,211,212,214,215,216,219,221,223,225,226,227,228,229,230,231,232,236,237,238,239,240,241,242,244,246,250,251,252,255,256,257,258,259,260,261,264,265,267,268,269,270,273,274,276,277,278,279,280,281,283,284,285,286,289,290,291,292,293,294,295,296,297,298,299]].
[[1,4,11,12,17,18,22,24,51,54,60,63,77,87,89,92,93,105,109,121,131,145,147,153,157,158,166,168,170,172,173,177,179,191,208,213,218,222,233,234,243,245,247,249,253,254,262,282,287],[3,5,7,8,9,14,15,16,19,20,21,23,25,27,28,29,30,31,34,35,36,38,39,40,41,42,43,44,46,47,48,50,52,55,57,58,61,62,64,66,67,68,69,70,71,72,73,74,75,76,78,79,80,81,82,83,84,88,90,94,97,98,99,101,102,103,104,107,108,110,113,117,118,119,120,123,125,127,128,129,130,133,134,135,136,139,140,143,144,146,148,149,159,161,162,163,164,165,171,174,175,178,181,182,183,185,186,189,190,192,193,194,195,196,197,198,199,200,201,202,203,204,205,206,207,209,210,211,212,214,215,216,219,221,223,225,226,227,228,229,230,231,232,236,237,238,239,240,241,242,244,246,250,251,252,255,256,257,258,259,260,261,264,265,267,268,269,270,273,274,276,277,278,279,280,281,283,284,285,286,289,290,291,292,293,294,295,296,297,298,299],[6,53,56,95,96,126,138,151,155,224,275]].
[[1,4,11,12,17,18,22,24,51,54,60,63,77,87,89,92,93,105,109,121,131,145,147,153,157,158,166,168,170,172,173,177,179,191,208,213,218,222,233,234,243,245,247,249,253,254,262,282,287],[3,5,7,8,9,14,15,16,19,20,21,23,25,27,28,29,30,31,34,35,36,38,39,40,41,42,43,44,46,47,48,50,52,55,57,58,61,62,64,66,67,68,69,70,71,72,73,74,75,76,78,79,80,81,82,83,84,88,90,94,97,98,99,101,102,103,104,107,108,110,113,117,118,119,120,123,125,127,128,129,130,133,134,135,136,139,140,143,144,146,148,149,159,161,162,163,164,165,171,174,175,178,181,182,183,185,186,189,190,192,193,194,195,196,197,198,199,200,201,202,203,204,205,206,207,209,210,211,212,214,215,216,219,221,223,225,226,227,228,229,230,231,232,236,237,238,239,240,241,242,244,246,250,251,252,255,256,257,258,259,260,261,264,265,267,268,269,270,273,274,276,277,278,279,280,281,283,284,285,286,289,290,291,292,293,294,295,296,297,298,299],[6,53,56,95,96,126,138,151,155,224,275]].
