[[2,3,4,6,7,19,20,29,31,34,42,45,53,63,66,67,68,69,71,81,83,87,88,90,91,97,98,102,103,108,110,111,116,119,125,127,129,130,131,132,134,139,143,147,151,156,163,166,172,173,175,184,190,193,196,200,209,212,216,221,224,228,231,233,237,240,245,252,267,269,270,281,286,289,294,297,300],[1,5,15,21,30,33,36,43,46,47,50,51,52,57,60,62,64,65,75,76,79,80,84,94,96,109,112,113,118,124,126,136,137,148,149,157,158,165,167,171,179,182,185,194,195,199,202,210,213,217,223,235,238,241,242,246,247,248,249,258,260,261,263,264,268,271,274,285,288,292,295,296,298],[10,13,14,16,17,22,24,26,27,28,32,35,48,49,55,58,72,77,78,82,85,86,89,92,93,95,100,101,104,106,107,117,120,123,141,145,146,150,154,155,160,162,170,176,177,180,186,188,198,203,204,205,206,211,218,219,222,229,230,239,244,250,254,256,257,262,266,272,276,278,279,283,290]].
[[8,9,11,12,18,23,25,37,38,39,40,41,44,54,56,59,61,70,73,74,99,105,114,115,121,122,128,133,135,138,140,142,144,152,153,159,161,164,168,169,174,178,181,183,187,189,191,192,197,201,207,208,214,215,220,225,226,227,232,234,236,243,251,253,255,259,265,273,275,277,280,282,284,287,291,293,299],[10,13,14,16,17,22,24,26,27,28,32,35,48,49,55,58,72,77,78,82,85,86,89,92,93,95,100,101,104,106,107,117,120,123,141,145,146,150,154,155,160,162,170,176,177,180,186,188,198,203,204,205,206,211,218,219,222,229,230,239,244,250,254,256,257,262,266,272,276,278,279,283,290],[1,5,15,21,30,33,36,43,46,47,50,51,52,57,60,62,64,65,75,76,79,80,84,94,96,109,112,113,118,124,126,136,137,148,149,157,158,165,167,171,179,182,185,194,195,199,202,210,213,217,223,235,238,241,242,246,247,248,249,258,260,261,263,264,268,271,274,285,288,292,295,296,298]].
[[10,13,14,16,17,22,24,26,27,28,32,35,48,49,55,58,72,77,78,82,85,86,89,92,93,95,100,101,104,106,107,117,120,123,141,145,146,150,154,155,160,162,170,176,177,180,186,188,198,203,204,205,206,211,218,219,222,229,230,239,244,250,254,256,257,262,266,272,276,278,279,283,290],[8,9,11,12,18,23,25,37,38,39,40,41,44,54,56,59,61,70,73,74,99,105,114,115,121,122,128,133,135,138,140,142,144,152,153,159,161,164,168,169,174,178,181,183,187,189,191,192,197,201,207,208,214,215,220,225,226,227,232,234,236,243,251,253,255,259,265,273,275,277,280,282,284,287,291,293,299],[2,3,4,6,7,19,20,29,31,34,42,45,53,63,66,67,68,69,71,81,83,87,88,90,91,97,98,102,103,108,110,111,116,119,125,127,129,130,131,132,134,139,143,147,151,156,163,166,172,173,175,184,190,193,196,200,209,212,216,221,224,228,231,233,237,240,245,252,267,269,270,281,286,289,294,297,300]].
[[2,3,4,6,7,19,20,29,31,34,42,45,53,63,66,67,68,69,71,81,83,87,88,90,91,97,98,102,103,108,110,111,116,119,125,127,129,130,131,132,134,139,143,147,151,156,163,166,172,173,175,184,190,193,196,200,209,212,216,221,224,228,231,233,237,240,245,252,267,269,270,281,286,289,294,297,300],[1,5,15,21,30,33,36,43,46,47,50,51,52,57,60,62,64,65,75,76,79,80,84,94,96,109,112,113,118,124,126,136,137,148,149,157,158,165,167,171,179,182,185,194,195,199,202,210,213,217,223,235,238,241,242,246,247,248,249,258,260,261,263,264,268,271,274,285,288,292,295,296,298],[10,13,14,16,17,22,24,26,27,28,32,35,48,49,55,58,72,77,78,82,85,86,89,92,93,95,100,101,104,106,107,117,120,123,141,145,146,150,154,155,160,162,170,176,177,180,186,188,198,203,204,205,206,211,218,219,222,229,230,239,244,250,254,256,257,262,266,272,276,278,279,283,290]].
[[1,5,15,21,30,33,36,43,46,47,50,51,52,57,60,62,64,65,75,76,79,80,84,94,96,109,112,113,118,124,126,136,137,148,149,157,158,165,167,171,179,182,185,194,195,199,202,210,213,217,223,235,238,241,242,246,247,248,249,258,260,261,263,264,268,271,274,285,288,292,295,296,298],[2,3,4,6,7,19,20,29,31,34,42,45,53,63,66,67,68,69,71,81,83,87,88,90,91,97,98,102,103,108,110,111,116,119,125,127,129,130,131,132,134,139,143,147,151,156,163,166,172,173,175,184,190,193,196,200,209,212,216,221,224,228,231,233,237,240,245,252,267,269,270,281,286,289,294,297,300],[8,9,11,12,18,23,25,37,38,39,40,41,44,54,56,59,61,70,73,74,99,105,114,115,121,122,128,133,135,138,140,142,144,152,153,159,161,164,168,169,174,178,181,183,187,189,191,192,197,201,207,208,214,215,220,225,226,227,232,234,236,243,251,253,255,259,265,273,275,277,280,282,284,287,291,293,299]].
[[8,9,11,12,18,23,25,37,38,39,40,41,44,54,56,59,61,70,73,74,99,105,114,115,121,122,128,133,135,138,140,142,144,152,153,159,161,164,168,169,174,178,181,183,187,189,191,192,197,201,207,208,214,215,220,225,226,227,232,234,236,243,251,253,255,259,265,273,275,277,280,282,284,287,291,293,299],[10,13,14,16,17,22,24,26,27,28,32,35,48,49,55,58,72,77,78,82,85,86,89,92,93,95,100,101,104,106,107,117,120,123,141,145,146,150,154,155,160,162,170,176,177,180,186,188,198,203,204,205,206,211,218,219,222,229,230,239,244,250,254,256,257,262,266,272,276,278,279,283,290],[1,5,15,21,30,33,36,43,46,47,50,51,52,57,60,62,64,65,75,76,79,80,84,94,96,109,112,113,118,124,126,136,137,148,149,157,158,165,167,171,179,182,185,194,195,199,202,210,213,217,223,235,238,241,242,246,247,248,249,258,260,261,263,264,268,271,274,285,288,292,295,296,298]].
[[2,3,4,6,7,19,20,29,31,34,42,45,53,63,66,67,68,69,71,81,83,87,88,90,91,97,98,102,103,108,110,111,116,119,125,127,129,130,131,132,134,139,143,147,151,156,163,166,172,173,175,184,190,193,196,200,209,212,216,221,224,228,231,233,237,240,245,252,267,269,270,281,286,289,294,297,300],[1,5,15,21,30,33,36,43,46,47,50,51,52,57,60,62,64,65,75,76,79,80,84,94,96,109,112,113,118,124,126,136,137,148,149,157,158,165,167,171,179,182,185,194,195,199,202,210,213,217,223,235,238,241,242,246,247,248,249,258,260,261,263,264,268,271,274,285,288,292,295,296,298],[10,13,14,16,17,22,24,26,27,28,32,35,48,49,55,58,72,77,78,82,85,86,89,92,93,95,100,101,104,106,107,117,120,123,141,145,146,150,154,155,160,162,170,176,177,180,186,188,198,203,204,205,206,211,218,219,222,229,230,239,244,250,254,256,257,262,266,272,276,278,279,283,290]].
[[8,9,11,12,18,23,25,37,38,39,40,41,44,54,56,59,61,70,73,74,99,105,114,115,121,122,128,133,135,138,140,142,144,152,153,159,161,164,168,169,174,178,181,183,187,189,191,192,197,201,207,208,214,215,220,225,226,227,232,234,236,243,251,253,255,259,265,273,275,277,280,282,284,287,291,293,299],[10,13,14,16,17,22,24,26,27,28,32,35,48,49,55,58,72,77,78,82,85,86,89,92,93,95,100,101,104,106,107,117,120,123,141,145,146,150,154,155,160,162,170,176,177,180,186,188,198,203,204,205,206,211,218,219,222,229,230,239,244,250,254,256,257,262,266,272,276,278,279,283,290],[1,5,15,21,30,33,36,43,46,47,50,51,52,57,60,62,64,65,75,76,79,80,84,94,96,109,112,113,118,124,126,136,137,148,149,157,158,165,167,171,179,182,185,194,195,199,202,210,213,217,223,235,238,241,242,246,247,248,249,258,260,261,263,264,268,271,274,285,288,292,295,296,298]].
[[1,5,15,21,30,33,36,43,46,47,50,51,52,57,60,62,64,65,75,76,79,80,84,94,96,109,112,113,118,124,126,136,137,148,149,157,158,165,167,171,179,182,185,194,195,199,202,210,213,217,223,235,238,241,242,246,247,248,249,258,260,261,263,264,268,271,274,285,288,292,295,296,298],[2,3,4,6,7,19,20,29,31,34,42,45,53,63,66,67,68,69,71,81,83,87,88,90,91,97,98,102,103,108,110,111,116,119,125,127,129,130,131,132,134,139,143,147,151,156,163,166,172,173,175,184,190,193,196,200,209,212,216,221,224,228,231,233,237,240,245,252,267,269,270,281,286,289,294,297,300],[8,9,11,12,18,23,25,37,38,39,40,41,44,54,56,59,61,70,73,74,99,105,114,115,121,122,128,133,135,138,140,142,144,152,153,159,161,164,168,169,174,178,181,183,187,189,191,192,197,201,207,208,214,215,220,225,226,227,232,234,236,243,251,253,255,259,265,273,275,277,280,282,284,287,291,293,299]].
[[10,13,14,16,17,22,24,26,27,28,32,35,48,49,55,58,72,77,78,82,85,86,89,92,93,95,100,101,104,106,107,117,120,123,141,145,146,150,154,155,160,162,170,176,177,180,186,188,198,203,204,205,206,211,218,219,222,229,230,239,244,250,254,256,257,262,266,272,276,278,279,283,290],[8,9,11,12,18,23,25,37,38,39,40,41,44,54,56,59,61,70,73,74,99,105,114,115,121,122,128,133,135,138,140,142,144,152,153,159,161,164,168,169,174,178,181,183,187,189,191,192,197,201,207,208,214,215,220,225,226,227,232,234,236,243,251,253,255,259,265,273,275,277,280,282,284,287,291,293,299],[2,3,4,6,7,19,20,29,31,34,42,45,53,63,66,67,68,69,71,81,83,87,88,90,91,97,98,102,103,108,110,111,116,119,125,127,129,130,131,132,134,139,143,147,151,156,163,166,172,173,175,184,190,193,196,200,209,212,216,221,224,228,231,233,237,240,245,252,267,269,270,281,286,289,294,297,300]].
[[2,3,4,6,7,19,20,29,31,34,42,45,53,63,66,67,68,69,71,81,83,87,88,90,91,97,98,102,103,108,110,111,116,119,125,127,129,130,131,132,134,139,143,147,151,156,163,166,172,173,175,184,190,193,196,200,209,212,216,221,224,228,231,233,237,240,245,252,267,269,270,281,286,289,294,297,300],[1,5,15,21,30,33,36,43,46,47,50,51,52,57,60,62,64,65,75,76,79,80,84,94,96,109,112,113,118,124,126,136,137,148,149,157,158,165,167,171,179,182,185,194,195,199,202,210,213,217,223,235,238,241,242,246,247,248,249,258,260,261,263,264,268,271,274,285,288,292,295,296,298],[10,13,14,16,17,22,24,26,27,28,32,35,48,49,55,58,72,77,78,82,85,86,89,92,93,95,100,101,104,106,107,117,120,123,141,145,146,150,154,155,160,162,170,176,177,180,186,188,198,203,204,205,206,211,218,219,222,229,230,239,244,250,254,256,257,262,266,272,276,278,279,283,290]].
[[2,3,4,6,7,19,20,29,31,34,42,45,53,63,66,67,68,69,71,81,83,87,88,90,91,97,98,102,103,108,110,111,116,119,125,127,129,130,131,132,134,139,143,147,151,156,163,166,172,173,175,184,190,193,196,200,209,212,216,221,224,228,231,233,237,240,245,252,267,269,270,281,286,289,294,297,300],[1,5,15,21,30,33,36,43,46,47,50,51,52,57,60,62,64,65,75,76,79,80,84,94,96,109,112,113,118,124,126,136,137,148,149,157,158,165,167,171,179,182,185,194,195,199,202,210,213,217,223,235,238,241,242,246,247,248,249,258,260,261,263,264,268,271,274,285,288,292,295,296,298],[10,13,14,16,17,22,24,26,27,28,32,35,48,49,55,58,72,77,78,82,85,86,89,92,93,95,100,101,104,106,107,117,120,123,141,145,146,150,154,155,160,162,170,176,177,180,186,188,198,203,204,205,206,211,218,219,222,229,230,239,244,250,254,256,257,262,266,272,276,278,279,283,290]].
[[1,5,15,21,30,33,36,43,46,47,50,51,52,57,60,62,64,65,75,76,79,80,84,94,96,109,112,113,118,124,126,136,137,148,149,157,158,165,167,171,179,182,185,194,195,199,202,210,213,217,223,235,238,241,242,246,247,248,249,258,260,261,263,264,268,271,274,285,288,292,295,296,298],[2,3,4,6,7,19,20,29,31,34,42,45,53,63,66,67,68,69,71,81,83,87,88,90,91,97,98,102,103,108,110,111,116,119,125,127,129,130,131,132,134,139,143,147,151,156,163,166,172,173,175,184,190,193,196,200,209,212,216,221,224,228,231,233,237,240,245,252,267,269,270,281,286,289,294,297,300],[8,9,11,12,18,23,25,37,38,39,40,41,44,54,56,59,61,70,73,74,99,105,114,115,121,122,128,133,135,138,140,142,144,152,153,159,161,164,168,169,174,178,181,183,187,189,191,192,197,201,207,208,214,215,220,225,226,227,232,234,236,243,251,253,255,259,265,273,275,277,280,282,284,287,291,293,299]].
[[10,13,14,16,17,22,24,26,27,28,32,35,48,49,55,58,72,77,78,82,85,86,89,92,93,95,100,101,104,106,107,117,120,123,141,145,146,150,154,155,160,162,170,176,177,180,186,188,198,203,204,205,206,211,218,219,222,229,230,239,244,250,254,256,257,262,266,272,276,278,279,283,290],[8,9,11,12,18,23,25,37,38,39,40,41,44,54,56,59,61,70,73,74,99,105,114,115,121,122,128,133,135,138,140,142,144,152,153,159,161,164,168,169,174,178,181,183,187,189,191,192,197,201,207,208,214,215,220,225,226,227,232,234,236,243,251,253,255,259,265,273,275,277,280,282,284,287,291,293,299],[2,3,4,6,7,19,20,29,31,34,42,45,53,63,66,67,68,69,71,81,83,87,88,90,91,97,98,102,103,108,110,111,116,119,125,127,129,130,131,132,134,139,143,147,151,156,163,166,172,173,175,184,190,193,196,200,209,212,216,221,224,228,231,233,237,240,245,252,267,269,270,281,286,289,294,297,300]].
[[1,5,15,21,30,33,36,43,46,47,50,51,52,57,60,62,64,65,75,76,79,80,84,94,96,109,112,113,118,124,126,136,137,148,149,157,158,165,167,171,179,182,185,194,195,199,202,210,213,217,223,235,238,241,242,246,247,248,249,258,260,261,263,264,268,271,274,285,288,292,295,296,298],[2,3,4,6,7,19,20,29,31,34,42,45,53,63,66,67,68,69,71,81,83,87,88,90,91,97,98,102,103,108,110,111,116,119,125,127,129,130,131,132,134,139,143,147,151,156,163,166,172,173,175,184,190,193,196,200,209,212,216,221,224,228,231,233,237,240,245,252,267,269,270,281,286,289,294,297,300],[8,9,11,12,18,23,25,37,38,39,40,41,44,54,56,59,61,70,73,74,99,105,114,115,121,122,128,133,135,138,140,142,144,152,153,159,161,164,168,169,174,178,181,183,187,189,191,192,197,201,207,208,214,215,220,225,226,227,232,234,236,243,251,253,255,259,265,273,275,277,280,282,284,287,291,293,299]].
[[1,5,15,21,30,33,36,43,46,47,50,51,52,57,60,62,64,65,75,76,79,80,84,94,96,109,112,113,118,124,126,136,137,148,149,157,158,165,167,171,179,182,185,194,195,199,202,210,213,217,223,235,238,241,242,246,247,248,249,258,260,261,263,264,268,271,274,285,288,292,295,296,298],[2,3,4,6,7,19,20,29,31,34,42,45,53,63,66,67,68,69,71,81,83,87,88,90,91,97,98,102,103,108,110,111,116,119,125,127,129,130,131,132,134,139,143,147,151,156,163,166,172,173,175,184,190,193,196,200,209,212,216,221,224,228,231,233,237,240,245,252,267,269,270,281,286,289,294,297,300],[8,9,11,12,18,23,25,37,38,39,40,41,44,54,56,59,61,70,73,74,99,105,114,115,121,122,128,133,135,138,140,142,144,152,153,159,161,164,168,169,174,178,181,183,187,189,191,192,197,201,207,208,214,215,220,225,226,227,232,234,236,243,251,253,255,259,265,273,275,277,280,282,284,287,291,293,299]].
[[8,9,11,12,18,23,25,37,38,39,40,41,44,54,56,59,61,70,73,74,99,105,114,115,121,122,128,133,135,138,140,142,144,152,153,159,161,164,168,169,174,178,181,183,187,189,191,192,197,201,207,208,214,215,220,225,226,227,232,234,236,243,251,253,255,259,265,273,275,277,280,282,284,287,291,293,299],[10,13,14,16,17,22,24,26,27,28,32,35,48,49,55,58,72,77,78,82,85,86,89,92,93,95,100,101,104,106,107,117,120,123,141,145,146,150,154,155,160,162,170,176,177,180,186,188,198,203,204,205,206,211,218,219,222,229,230,239,244,250,254,256,257,262,266,272,276,278,279,283,290],[1,5,15,21,30,33,36,43,46,47,50,51,52,57,60,62,64,65,75,76,79,80,84,94,96,109,112,113,118,124,126,136,137,148,149,157,158,165,167,171,179,182,185,194,195,199,202,210,213,217,223,235,238,241,242,246,247,248,249,258,260,261,263,264,268,271,274,285,288,292,295,296,298]].
[[8,9,11,12,18,23,25,37,38,39,40,41,44,54,56,59,61,70,73,74,99,105,114,115,121,122,128,133,135,138,140,142,144,152,153,159,161,164,168,169,174,178,181,183,187,189,191,192,197,201,207,208,214,215,220,225,226,227,232,234,236,243,251,253,255,259,265,273,275,277,280,282,284,287,291,293,299],[10,13,14,16,17,22,24,26,27,28,32,35,48,49,55,58,72,77,78,82,85,86,89,92,93,95,100,101,104,106,107,117,120,123,141,145,146,150,154,155,160,162,170,176,177,180,186,188,198,203,204,205,206,211,218,219,222,229,230,239,244,250,254,256,257,262,266,272,276,278,279,283,290],[1,5,15,21,30,33,36,43,46,47,50,51,52,57,60,62,64,65,75,76,79,80,84,94,96,109,112,113,118,124,126,136,137,148,149,157,158,165,167,171,179,182,185,194,195,199,202,210,213,217,223,235,238,241,242,246,247,248,249,258,260,261,263,264,268,271,274,285,288,292,295,296,298]].
[[10,13,14,16,17,22,24,26,27,28,32,35,48,49,55,58,72,77,78,82,85,86,89,92,93,95,100,101,104,106,107,117,120,123,141,145,146,150,154,155,160,162,170,176,177,180,186,188,198,203,204,205,206,211,218,219,222,229,230,239,244,250,254,256,257,262,266,272,276,278,279,283,290],[8,9,11,12,18,23,25,37,38,39,40,41,44,54,56,59,61,70,73,74,99,105,114,115,121,122,128,133,135,138,140,142,144,152,153,159,161,164,168,169,174,178,181,183,187,189,191,192,197,201,207,208,214,215,220,225,226,227,232,234,236,243,251,253,255,259,265,273,275,277,280,282,284,287,291,293,299],[2,3,4,6,7,19,20,29,31,34,42,45,53,63,66,67,68,69,71,81,83,87,88,90,91,97,98,102,103,108,110,111,116,119,125,127,129,130,131,132,134,139,143,147,151,156,163,166,172,173,175,184,190,193,196,200,209,212,216,221,224,228,231,233,237,240,245,252,267,269,270,281,286,289,294,297,300]].
[[2,3,4,6,7,19,20,29,31,34,42,45,53,63,66,67,68,69,71,81,83,87,88,90,91,97,98,102,103,108,110,111,116,119,125,127,129,130,131,132,134,139,143,147,151,156,163,166,172,173,175,184,190,193,196,200,209,212,216,221,224,228,231,233,237,240,245,252,267,269,270,281,286,289,294,297,300],[1,5,15,21,30,33,36,43,46,47,50,51,52,57,60,62,64,65,75,76,79,80,84,94,96,109,112,113,118,124,126,136,137,148,149,157,158,165,167,171,179,182,185,194,195,199,202,210,213,217,223,235,238,241,242,246,247,248,249,258,260,261,263,264,268,271,274,285,288,292,295,296,298],[10,13,14,16,17,22,24,26,27,28,32,35,48,49,55,58,72,77,78,82,85,86,89,92,93,95,100,101,104,106,107,117,120,123,141,145,146,150,154,155,160,162,170,176,177,180,186,188,198,203,204,205,206,211,218,219,222,229,230,239,244,250,254,256,257,262,266,272,276,278,279,283,290]].
[[2,3,4,6,7,19,20,29,31,34,42,45,53,63,66,67,68,69,71,81,83,87,88,90,91,97,98,102,103,108,110,111,116,119,125,127,129,130,131,132,134,139,143,147,151,156,163,166,172,173,175,184,190,193,196,200,209,212,216,221,224,228,231,233,237,240,245,252,267,269,270,281,286,289,294,297,300],[1,5,15,21,30,33,36,43,46,47,50,51,52,57,60,62,64,65,75,76,79,80,84,94,96,109,112,113,118,124,126,136,137,148,149,157,158,165,167,171,179,182,185,194,195,199,202,210,213,217,223,235,238,241,242,246,247,248,249,258,260,261,263,264,268,271,274,285,288,292,295,296,298],[10,13,14,16,17,22,24,26,27,28,32,35,48,49,55,58,72,77,78,82,85,86,89,92,93,95,100,101,104,106,107,117,120,123,141,145,146,150,154,155,160,162,170,176,177,180,186,188,198,203,204,205,206,211,218,219,222,229,230,239,244,250,254,256,257,262,266,272,276,278,279,283,290]].
[[10,13,14,16,17,22,24,26,27,28,32,35,48,49,55,58,72,77,78,82,85,86,89,92,93,95,100,101,104,106,107,117,120,123,141,145,146,150,154,155,160,162,170,176,177,180,186,188,198,203,204,205,206,211,218,219,222,229,230,239,244,250,254,256,257,262,266,272,276,278,279,283,290],[8,9,11,12,18,23,25,37,38,39,40,41,44,54,56,59,61,70,73,74,99,105,114,115,121,122,128,133,135,138,140,142,144,152,153,159,161,164,168,169,174,178,181,183,187,189,191,192,197,201,207,208,214,215,220,225,226,227,232,234,236,243,251,253,255,259,265,273,275,277,280,282,284,287,291,293,299],[2,3,4,6,7,19,20,29,31,34,42,45,53,63,66,67,68,69,71,81,83,87,88,90,91,97,98,102,103,108,110,111,116,119,125,127,129,130,131,132,134,139,143,147,151,156,163,166,172,173,175,184,190,193,196,200,209,212,216,221,224,228,231,233,237,240,245,252,267,269,270,281,286,289,294,297,300]].
[[8,9,11,12,18,23,25,37,38,39,40,41,44,54,56,59,61,70,73,74,99,105,114,115,121,122,128,133,135,138,140,142,144,152,153,159,161,164,168,169,174,178,181,183,187,189,191,192,197,201,207,208,214,215,220,225,226,227,232,234,236,243,251,253,255,259,265,273,275,277,280,282,284,287,291,293,299],[10,13,14,16,17,22,24,26,27,28,32,35,48,49,55,58,72,77,78,82,85,86,89,92,93,95,100,101,104,106,107,117,120,123,141,145,146,150,154,155,160,162,170,176,177,180,186,188,198,203,204,205,206,211,218,219,222,229,230,239,244,250,254,256,257,262,266,272,276,278,279,283,290],[1,5,15,21,30,33,36,43,46,47,50,51,52,57,60,62,64,65,75,76,79,80,84,94,96,109,112,113,118,124,126,136,137,148,149,157,158,165,167,171,179,182,185,194,195,199,202,210,213,217,223,235,238,241,242,246,247,248,249,258,260,261,263,264,268,271,274,285,288,292,295,296,298]].
[[10,13,14,16,17,22,24,26,27,28,32,35,48,49,55,58,72,77,78,82,85,86,89,92,93,95,100,101,104,106,107,117,120,123,141,145,146,150,154,155,160,162,170,176,177,180,186,188,198,203,204,205,206,211,218,219,222,229,230,239,244,250,254,256,257,262,266,272,276,278,279,283,290],[8,9,11,12,18,23,25,37,38,39,40,41,44,54,56,59,61,70,73,74,99,105,114,115,121,122,128,133,135,138,140,142,144,152,153,159,161,164,168,169,174,178,181,183,187,189,191,192,197,201,207,208,214,215,220,225,226,227,232,234,236,243,251,253,255,259,265,273,275,277,280,282,284,287,291,293,299],[2,3,4,6,7,19,20,29,31,34,42,45,53,63,66,67,68,69,71,81,83,87,88,90,91,97,98,102,103,108,110,111,116,119,125,127,129,130,131,132,134,139,143,147,151,156,163,166,172,173,175,184,190,193,196,200,209,212,216,221,224,228,231,233,237,240,245,252,267,269,270,281,286,289,294,297,300]].
[[1,5,15,21,30,33,36,43,46,47,50,51,52,57,60,62,64,65,75,76,79,80,84,94,96,109,112,113,118,124,126,136,137,148,149,157,158,165,167,171,179,182,185,194,195,199,202,210,213,217,223,235,238,241,242,246,247,248,249,258,260,261,263,264,268,271,274,285,288,292,295,296,298],[2,3,4,6,7,19,20,29,31,34,42,45,53,63,66,67,68,69,71,81,83,87,88,90,91,97,98,102,103,108,110,111,116,119,125,127,129,130,131,132,134,139,143,147,151,156,163,166,172,173,175,184,190,193,196,200,209,212,216,221,224,228,231,233,237,240,245,252,267,269,270,281,286,289,294,297,300],[8,9,11,12,18,23,25,37,38,39,40,41,44,54,56,59,61,70,73,74,99,105,114,115,121,122,128,133,135,138,140,142,144,152,153,159,161,164,168,169,174,178,181,183,187,189,191,192,197,201,207,208,214,215,220,225,226,227,232,234,236,243,251,253,255,259,265,273,275,277,280,282,284,287,291,293,299]].
[[1,5,15,21,30,33,36,43,46,47,50,51,52,57,60,62,64,65,75,76,79,80,84,94,96,109,112,113,118,124,126,136,137,148,149,157,158,165,167,171,179,182,185,194,195,199,202,210,213,217,223,235,238,241,242,246,247,248,249,258,260,261,263,264,268,271,274,285,288,292,295,296,298],[2,3,4,6,7,19,20,29,31,34,42,45,53,63,66,67,68,69,71,81,83,87,88,90,91,97,98,102,103,108,110,111,116,119,125,127,129,130,131,132,134,139,143,147,151,156,163,166,172,173,175,184,190,193,196,200,209,212,216,221,224,228,231,233,237,240,245,252,267,269,270,281,286,289,294,297,300],[8,9,11,12,18,23,25,37,38,39,40,41,44,54,56,59,61,70,73,74,99,105,114,115,121,122,128,133,135,138,140,142,144,152,153,159,161,164,168,169,174,178,181,183,187,189,191,192,197,201,207,208,214,215,220,225,226,227,232,234,236,243,251,253,255,259,265,273,275,277,280,282,284,287,291,293,299]].
[[1,5,15,21,30,33,36,43,46,47,50,51,52,57,60,62,64,65,75,76,79,80,84,94,96,109,112,113,118,124,126,136,137,148,149,157,158,165,167,171,179,182,185,194,195,199,202,210,213,217,223,235,238,241,242,246,247,248,249,258,260,261,263,264,268,271,274,285,288,292,295,296,298],[2,3,4,6,7,19,20,29,31,34,42,45,53,63,66,67,68,69,71,81,83,87,88,90,91,97,98,102,103,108,110,111,116,119,125,127,129,130,131,132,134,139,143,147,151,156,163,166,172,173,175,184,190,193,196,200,209,212,216,221,224,228,231,233,237,240,245,252,267,269,270,281,286,289,294,297,300],[8,9,11,12,18,23,25,37,38,39,40,41,44,54,56,59,61,70,73,74,99,105,114,115,121,122,128,133,135,138,140,142,144,152,153,159,161,164,168,169,174,178,181,183,187,189,191,192,197,201,207,208,214,215,220,225,226,227,232,234,236,243,251,253,255,259,265,273,275,277,280,282,284,287,291,293,299]].
[[2,3,4,6,7,19,20,29,31,34,42,45,53,63,66,67,68,69,71,81,83,87,88,90,91,97,98,102,103,108,110,111,116,119,125,127,129,130,131,132,134,139,143,147,151,156,163,166,172,173,175,184,190,193,196,200,209,212,216,221,224,228,231,233,237,240,245,252,267,269,270,281,286,289,294,297,300],[1,5,15,21,30,33,36,43,46,47,50,51,52,57,60,62,64,65,75,76,79,80,84,94,96,109,112,113,118,124,126,136,137,148,149,157,158,165,167,171,179,182,185,194,195,199,202,210,213,217,223,235,238,241,242,246,247,248,249,258,260,261,263,264,268,271,274,285,288,292,295,296,298],[10,13,14,16,17,22,24,26,27,28,32,35,48,49,55,58,72,77,78,82,85,86,89,92,93,95,100,101,104,106,107,117,120,123,141,145,146,150,154,155,160,162,170,176,177,180,186,188,198,203,204,205,206,211,218,219,222,229,230,239,244,250,254,256,257,262,266,272,276,278,279,283,290]].
[[2,3,4,6,7,19,20,29,31,34,42,45,53,63,66,67,68,69,71,81,83,87,88,90,91,97,98,102,103,108,110,111,116,119,125,127,129,130,131,132,134,139,143,147,151,156,163,166,172,173,175,184,190,193,196,200,209,212,216,221,224,228,231,233,237,240,245,252,267,269,270,281,286,289,294,297,300],[1,5,15,21,30,33,36,43,46,47,50,51,52,57,60,62,64,65,75,76,79,80,84,94,96,109,112,113,118,124,126,136,137,148,149,157,158,165,167,171,179,182,185,194,195,199,202,210,213,217,223,235,238,241,242,246,247,248,249,258,260,261,263,264,268,271,274,285,288,292,295,296,298],[10,13,14,16,17,22,24,26,27,28,32,35,48,49,55,58,72,77,78,82,85,86,89,92,93,95,100,101,104,106,107,117,120,123,141,145,146,150,154,155,160,162,170,176,177,180,186,188,198,203,204,205,206,211,218,219,222,229,230,239,244,250,254,256,257,262,266,272,276,278,279,283,290]].
[[10,13,14,16,17,22,24,26,27,28,32,35,48,49,55,58,72,77,78,82,85,86,89,92,93,95,100,101,104,106,107,117,120,123,141,145,146,150,154,155,160,162,170,176,177,180,186,188,198,203,204,205,206,211,218,219,222,229,230,239,244,250,254,256,257,262,266,272,276,278,279,283,290],[8,9,11,12,18,23,25,37,38,39,40,41,44,54,56,59,61,70,73,74,99,105,114,115,121,122,128,133,135,138,140,142,144,152,153,159,161,164,168,169,174,178,181,183,187,189,191,192,197,201,207,208,214,215,220,225,226,227,232,234,236,243,251,253,255,259,265,273,275,277,280,282,284,287,291,293,299],[2,3,4,6,7,19,20,29,31,34,42,45,53,63,66,67,68,69,71,81,83,87,88,90,91,97,98,102,103,108,110,111,116,119,125,127,129,130,131,132,134,139,143,147,151,156,163,166,172,173,175,184,190,193,196,200,209,212,216,221,224,228,231,233,237,240,245,252,267,269,270,281,286,289,294,297,300]].
[[8,9,11,12,18,23,25,37,38,39,40,41,44,54,56,59,61,70,73,74,99,105,114,115,121,122,128,133,135,138,140,142,144,152,153,159,161,164,168,169,174,178,181,183,187,189,191,192,197,201,207,208,214,215,220,225,226,227,232,234,236,243,251,253,255,259,265,273,275,277,280,282,284,287,291,293,299],[10,13,14,16,17,22,24,26,27,28,32,35,48,49,55,58,72,77,78,82,85,86,89,92,93,95,100,101,104,106,107,117,120,123,141,145,146,150,154,155,160,162,170,176,177,180,186,188,198,203,204,205,206,211,218,219,222,229,230,239,244,250,254,256,257,262,266,272,276,278,279,283,290],[1,5,15,21,30,33,36,43,46,47,50,51,52,57,60,62,64,65,75,76,79,80,84,94,96,109,112,113,118,124,126,136,137,148,149,157,158,165,167,171,179,182,185,194,195,199,202,210,213,217,223,235,238,241,242,246,247,248,249,258,260,261,263,264,268,271,274,285,288,292,295,296,298]].
[[2,3,4,6,7,19,20,29,31,34,42,45,53,63,66,67,68,69,71,81,83,87,88,90,91,97,98,102,103,108,110,111,116,119,125,127,129,130,131,132,134,139,143,147,151,156,163,166,172,173,175,184,190,193,196,200,209,212,216,221,224,228,231,233,237,240,245,252,267,269,270,281,286,289,294,297,300],[1,5,15,21,30,33,36,43,46,47,50,51,52,57,60,62,64,65,75,76,79,80,84,94,96,109,112,113,118,124,126,136,137,148,149,157,158,165,167,171,179,182,185,194,195,199,202,210,213,217,223,235,238,241,242,246,247,248,249,258,260,261,263,264,268,271,274,285,288,292,295,296,298],[10,13,14,16,17,22,24,26,27,28,32,35,48,49,55,58,72,77,78,82,85,86,89,92,93,95,100,101,104,106,107,117,120,123,141,145,146,150,154,155,160,162,170,176,177,180,186,188,198,203,204,205,206,211,218,219,222,229,230,239,244,250,254,256,257,262,266,272,276,278,279,283,290]].
[[8,9,11,12,18,23,25,37,38,39,40,41,44,54,56,59,61,70,73,74,99,105,114,115,121,122,128,133,135,138,140,142,144,152,153,159,161,164,168,169,174,178,181,183,187,189,191,192,197,201,207,208,214,215,220,225,226,227,232,234,236,243,251,253,255,259,265,273,275,277,280,282,284,287,291,293,299],[10,13,14,16,17,22,24,26,27,28,32,35,48,49,55,58,72,77,78,82,85,86,89,92,93,95,100,101,104,106,107,117,120,123,141,145,146,150,154,155,160,162,170,176,177,180,186,188,198,203,204,205,206,211,218,219,222,229,230,239,244,250,254,256,257,262,266,272,276,278,279,283,290],[1,5,15,21,30,33,36,43,46,47,50,51,52,57,60,62,64,65,75,76,79,80,84,94,96,109,112,113,118,124,126,136,137,148,149,157,158,165,167,171,179,182,185,194,195,199,202,210,213,217,223,235,238,241,242,246,247,248,249,258,260,261,263,264,268,271,274,285,288,292,295,296,298]].
[[2,3,4,6,7,19,20,29,31,34,42,45,53,63,66,67,68,69,71,81,83,87,88,90,91,97,98,102,103,108,110,111,116,119,125,127,129,130,131,132,134,139,143,147,151,156,163,166,172,173,175,184,190,193,196,200,209,212,216,221,224,228,231,233,237,240,245,252,267,269,270,281,286,289,294,297,300],[1,5,15,21,30,33,36,43,46,47,50,51,52,57,60,62,64,65,75,76,79,80,84,94,96,109,112,113,118,124,126,136,137,148,149,157,158,165,167,171,179,182,185,194,195,199,202,210,213,217,223,235,238,241,242,246,247,248,249,258,260,261,263,264,268,271,274,285,288,292,295,296,298],[10,13,14,16,17,22,24,26,27,28,32,35,48,49,55,58,72,77,78,82,85,86,89,92,93,95,100,101,104,106,107,117,120,123,141,145,146,150,154,155,160,162,170,176,177,180,186,188,198,203,204,205,206,211,218,219,222,229,230,239,244,250,254,256,257,262,266,272,276,278,279,283,290]].
[[1,5,15,21,30,33,36,43,46,47,50,51,52,57,60,62,64,65,75,76,79,80,84,94,96,109,112,113,118,124,126,136,137,148,149,157,158,165,167,171,179,182,185,194,195,199,202,210,213,217,223,235,238,241,242,246,247,248,249,258,260,261,263,264,268,271,274,285,288,292,295,296,298],[2,3,4,6,7,19,20,29,31,34,42,45,53,63,66,67,68,69,71,81,83,87,88,90,91,97,98,102,103,108,110,111,116,119,125,127,129,130,131,132,134,139,143,147,151,156,163,166,172,173,175,184,190,193,196,200,209,212,216,221,224,228,231,233,237,240,245,252,267,269,270,281,286,289,294,297,300],[8,9,11,12,18,23,25,37,38,39,40,41,44,54,56,59,61,70,73,74,99,105,114,115,121,122,128,133,135,138,140,142,144,152,153,159,161,164,168,169,174,178,181,183,187,189,191,192,197,201,207,208,214,215,220,225,226,227,232,234,236,243,251,253,255,259,265,273,275,277,280,282,284,287,291,293,299]].
[[10,13,14,16,17,22,24,26,27,28,32,35,48,49,55,58,72,77,78,82,85,86,89,92,93,95,100,101,104,106,107,117,120,123,141,145,146,150,154,155,160,162,170,176,177,180,186,188,198,203,204,205,206,211,218,219,222,229,230,239,244,250,254,256,257,262,266,272,276,278,279,283,290],[8,9,11,12,18,23,25,37,38,39,40,41,44,54,56,59,61,70,73,74,99,105,114,115,121,122,128,133,135,138,140,142,144,152,153,159,161,164,168,169,174,178,181,183,187,189,191,192,197,201,207,208,214,215,220,225,226,227,232,234,236,243,251,253,255,259,265,273,275,277,280,282,284,287,291,293,299],[2,3,4,6,7,19,20,29,31,34,42,45,53,63,66,67,68,69,71,81,83,87,88,90,91,97,98,102,103,108,110,111,116,119,125,127,129,130,131,132,134,139,143,147,151,156,163,166,172,173,175,184,190,193,196,200,209,212,216,221,224,228,231,233,237,240,245,252,267,269,270,281,286,289,294,297,300]].
[[1,5,15,21,30,33,36,43,46,47,50,51,52,57,60,62,64,65,75,76,79,80,84,94,96,109,112,113,118,124,126,136,137,148,149,157,158,165,167,171,179,182,185,194,195,199,202,210,213,217,223,235,238,241,242,246,247,248,249,258,260,261,263,264,268,271,274,285,288,292,295,296,298],[2,3,4,6,7,19,20,29,31,34,42,45,53,63,66,67,68,69,71,81,83,87,88,90,91,97,98,102,103,108,110,111,116,119,125,127,129,130,131,132,134,139,143,147,151,156,163,166,172,173,175,184,190,193,196,200,209,212,216,221,224,228,231,233,237,240,245,252,267,269,270,281,286,289,294,297,300],[8,9,11,12,18,23,25,37,38,39,40,41,44,54,56,59,61,70,73,74,99,105,114,115,121,122,128,133,135,138,140,142,144,152,153,159,161,164,168,169,174,178,181,183,187,189,191,192,197,201,207,208,214,215,220,225,226,227,232,234,236,243,251,253,255,259,265,273,275,277,280,282,284,287,291,293,299]].
[[2,3,4,6,7,19,20,29,31,34,42,45,53,63,66,67,68,69,71,81,83,87,88,90,91,97,98,102,103,108,110,111,116,119,125,127,129,130,131,132,134,139,143,147,151,156,163,166,172,173,175,184,190,193,196,200,209,212,216,221,224,228,231,233,237,240,245,252,267,269,270,281,286,289,294,297,300],[1,5,15,21,30,33,36,43,46,47,50,51,52,57,60,62,64,65,75,76,79,80,84,94,96,109,112,113,118,124,126,136,137,148,149,157,158,165,167,171,179,182,185,194,195,199,202,210,213,217,223,235,238,241,242,246,247,248,249,258,260,261,263,264,268,271,274,285,288,292,295,296,298],[10,13,14,16,17,22,24,26,27,28,32,35,48,49,55,58,72,77,78,82,85,86,89,92,93,95,100,101,104,106,107,117,120,123,141,145,146,150,154,155,160,162,170,176,177,180,186,188,198,203,204,205,206,211,218,219,222,229,230,239,244,250,254,256,257,262,266,272,276,278,279,283,290]].
[[10,13,14,16,17,22,24,26,27,28,32,35,48,49,55,58,72,77,78,82,85,86,89,92,93,95,100,101,104,106,107,117,120,123,141,145,146,150,154,155,160,162,170,176,177,180,186,188,198,203,204,205,206,211,218,219,222,229,230,239,244,250,254,256,257,262,266,272,276,278,279,283,290],[8,9,11,12,18,23,25,37,38,39,40,41,44,54,56,59,61,70,73,74,99,105,114,115,121,122,128,133,135,138,140,142,144,152,153,159,161,164,168,169,174,178,181,183,187,189,191,192,197,201,207,208,214,215,220,225,226,227,232,234,236,243,251,253,255,259,265,273,275,277,280,282,284,287,291,293,299],[2,3,4,6,7,19,20,29,31,34,42,45,53,63,66,67,68,69,71,81,83,87,88,90,91,97,98,102,103,108,110,111,116,119,125,127,129,130,131,132,134,139,143,147,151,156,163,166,172,173,175,184,190,193,196,200,209,212,216,221,224,228,231,233,237,240,245,252,267,269,270,281,286,289,294,297,300]].
[[8,9,11,12,18,23,25,37,38,39,40,41,44,54,56,59,61,70,73,74,99,105,114,115,121,122,128,133,135,138,140,142,144,152,153,159,161,164,168,169,174,178,181,183,187,189,191,192,197,201,207,208,214,215,220,225,226,227,232,234,236,243,251,253,255,259,265,273,275,277,280,282,284,287,291,293,299],[10,13,14,16,17,22,24,26,27,28,32,35,48,49,55,58,72,77,78,82,85,86,89,92,93,95,100,101,104,106,107,117,120,123,141,145,146,150,154,155,160,162,170,176,177,180,186,188,198,203,204,205,206,211,218,219,222,229,230,239,244,250,254,256,257,262,266,272,276,278,279,283,290],[1,5,15,21,30,33,36,43,46,47,50,51,52,57,60,62,64,65,75,76,79,80,84,94,96,109,112,113,118,124,126,136,137,148,149,157,158,165,167,171,179,182,185,194,195,199,202,210,213,217,223,235,238,241,242,246,247,248,249,258,260,261,263,264,268,271,274,285,288,292,295,296,298]].
[[2,3,4,6,7,19,20,29,31,34,42,45,53,63,66,67,68,69,71,81,83,87,88,90,91,97,98,102,103,108,110,111,116,119,125,127,129,130,131,132,134,139,143,147,151,156,163,166,172,173,175,184,190,193,196,200,209,212,216,221,224,228,231,233,237,240,245,252,267,269,270,281,286,289,294,297,300],[1,5,15,21,30,33,36,43,46,47,50,51,52,57,60,62,64,65,75,76,79,80,84,94,96,109,112,113,118,124,126,136,137,148,149,157,158,165,167,171,179,182,185,194,195,199,202,210,213,217,223,235,238,241,242,246,247,248,249,258,260,261,263,264,268,271,274,285,288,292,295,296,298],[10,13,14,16,17,22,24,26,27,28,32,35,48,49,55,58,72,77,78,82,85,86,89,92,93,95,100,101,104,106,107,117,120,123,141,145,146,150,154,155,160,162,170,176,177,180,186,188,198,203,204,205,206,211,218,219,222,229,230,239,244,250,254,256,257,262,266,272,276,278,279,283,290]].
[[8,9,11,12,18,23,25,37,38,39,40,41,44,54,56,59,61,70,73,74,99,105,114,115,121,122,128,133,135,138,140,142,144,152,153,159,161,164,168,169,174,178,181,183,187,189,191,192,197,201,207,208,214,215,220,225,226,227,232,234,236,243,251,253,255,259,265,273,275,277,280,282,284,287,291,293,299],[10,13,14,16,17,22,24,26,27,28,32,35,48,49,55,58,72,77,78,82,85,86,89,92,93,95,100,101,104,106,107,117,120,123,141,145,146,150,154,155,160,162,170,176,177,180,186,188,198,203,204,205,206,211,218,219,222,229,230,239,244,250,254,256,257,262,266,272,276,278,279,283,290],[1,5,15,21,30,33,36,43,46,47,50,51,52,57,60,62,64,65,75,76,79,80,84,94,96,109,112,113,118,124,126,136,137,148,149,157,158,165,167,171,179,182,185,194,195,199,202,210,213,217,223,235,238,241,242,246,247,248,249,258,260,261,263,264,268,271,274,285,288,292,295,296,298]].
[[8,9,11,12,18,23,25,37,38,39,40,41,44,54,56,59,61,70,73,74,99,105,114,115,121,122,128,133,135,138,140,142,144,152,153,159,161,164,168,169,174,178,181,183,187,189,191,192,197,201,207,208,214,215,220,225,226,227,232,234,236,243,251,253,255,259,265,273,275,277,280,282,284,287,291,293,299],[10,13,14,16,17,22,24,26,27,28,32,35,48,49,55,58,72,77,78,82,85,86,89,92,93,95,100,101,104,106,107,117,120,123,141,145,146,150,154,155,160,162,170,176,177,180,186,188,198,203,204,205,206,211,218,219,222,229,230,239,244,250,254,256,257,262,266,272,276,278,279,283,290],[1,5,15,21,30,33,36,43,46,47,50,51,52,57,60,62,64,65,75,76,79,80,84,94,96,109,112,113,118,124,126,136,137,148,149,157,158,165,167,171,179,182,185,194,195,199,202,210,213,217,223,235,238,241,242,246,247,248,249,258,260,261,263,264,268,271,274,285,288,292,295,296,298]].
[[2,3,4,6,7,19,20,29,31,34,42,45,53,63,66,67,68,69,71,81,83,87,88,90,91,97,98,102,103,108,110,111,116,119,125,127,129,130,131,132,134,139,143,147,151,156,163,166,172,173,175,184,190,193,196,200,209,212,216,221,224,228,231,233,237,240,245,252,267,269,270,281,286,289,294,297,300],[1,5,15,21,30,33,36,43,46,47,50,51,52,57,60,62,64,65,75,76,79,80,84,94,96,109,112,113,118,124,126,136,137,148,149,157,158,165,167,171,179,182,185,194,195,199,202,210,213,217,223,235,238,241,242,246,247,248,249,258,260,261,263,264,268,271,274,285,288,292,295,296,298],[10,13,14,16,17,22,24,26,27,28,32,35,48,49,55,58,72,77,78,82,85,86,89,92,93,95,100,101,104,106,107,117,120,123,141,145,146,150,154,155,160,162,170,176,177,180,186,188,198,203,204,205,206,211,218,219,222,229,230,239,244,250,254,256,257,262,266,272,276,278,279,283,290]].
[[8,9,11,12,18,23,25,37,38,39,40,41,44,54,56,59,61,70,73,74,99,105,114,115,121,122,128,133,135,138,140,142,144,152,153,159,161,164,168,169,174,178,181,183,187,189,191,192,197,201,207,208,214,215,220,225,226,227,232,234,236,243,251,253,255,259,265,273,275,277,280,282,284,287,291,293,299],[10,13,14,16,17,22,24,26,27,28,32,35,48,49,55,58,72,77,78,82,85,86,89,92,93,95,100,101,104,106,107,117,120,123,141,145,146,150,154,155,160,162,170,176,177,180,186,188,198,203,204,205,206,211,218,219,222,229,230,239,244,250,254,256,257,262,266,272,276,278,279,283,290],[1,5,15,21,30,33,36,43,46,47,50,51,52,57,60,62,64,65,75,76,79,80,84,94,96,109,112,113,118,124,126,136,137,148,149,157,158,165,167,171,179,182,185,194,195,199,202,210,213,217,223,235,238,241,242,246,247,248,249,258,260,261,263,264,268,271,274,285,288,292,295,296,298]].
[[8,9,11,12,18,23,25,37,38,39,40,41,44,54,56,59,61,70,73,74,99,105,114,115,121,122,128,133,135,138,140,142,144,152,153,159,161,164,168,169,174,178,181,183,187,189,191,192,197,201,207,208,214,215,220,225,226,227,232,234,236,243,251,253,255,259,265,273,275,277,280,282,284,287,291,293,299],[10,13,14,16,17,22,24,26,27,28,32,35,48,49,55,58,72,77,78,82,85,86,89,92,93,95,100,101,104,106,107,117,120,123,141,145,146,150,154,155,160,162,170,176,177,180,186,188,198,203,204,205,206,211,218,219,222,229,230,239,244,250,254,256,257,262,266,272,276,278,279,283,290],[1,5,15,21,30,33,36,43,46,47,50,51,52,57,60,62,64,65,75,76,79,80,84,94,96,109,112,113,118,124,126,136,137,148,149,157,158,165,167,171,179,182,185,194,195,199,202,210,213,217,223,235,238,241,242,246,247,248,249,258,260,261,263,264,268,271,274,285,288,292,295,296,298]].
[[1,5,15,21,30,33,36,43,46,47,50,51,52,57,60,62,64,65,75,76,79,80,84,94,96,109,112,113,118,124,126,136,137,148,149,157,158,165,167,171,179,182,185,194,195,199,202,210,213,217,223,235,238,241,242,246,247,248,249,258,260,261,263,264,268,271,274,285,288,292,295,296,298],[2,3,4,6,7,19,20,29,31,34,42,45,53,63,66,67,68,69,71,81,83,87,88,90,91,97,98,102,103,108,110,111,116,119,125,127,129,130,131,132,134,139,143,147,151,156,163,166,172,173,175,184,190,193,196,200,209,212,216,221,224,228,231,233,237,240,245,252,267,269,270,281,286,289,294,297,300],[8,9,11,12,18,23,25,37,38,39,40,41,44,54,56,59,61,70,73,74,99,105,114,115,121,122,128,133,135,138,140,142,144,152,153,159,161,164,168,169,174,178,181,183,187,189,191,192,197,201,207,208,214,215,220,225,226,227,232,234,236,243,251,253,255,259,265,273,275,277,280,282,284,287,291,293,299]].
[[8,9,11,12,18,23,25,37,38,39,40,41,44,54,56,59,61,70,73,74,99,105,114,115,121,122,128,133,135,138,140,142,144,152,153,159,161,164,168,169,174,178,181,183,187,189,191,192,197,201,207,208,214,215,220,225,226,227,232,234,236,243,251,253,255,259,265,273,275,277,280,282,284,287,291,293,299],[10,13,14,16,17,22,24,26,27,28,32,35,48,49,55,58,72,77,78,82,85,86,89,92,93,95,100,101,104,106,107,117,120,123,141,145,146,150,154,155,160,162,170,176,177,180,186,188,198,203,204,205,206,211,218,219,222,229,230,239,244,250,254,256,257,262,266,272,276,278,279,283,290],[1,5,15,21,30,33,36,43,46,47,50,51,52,57,60,62,64,65,75,76,79,80,84,94,96,109,112,113,118,124,126,136,137,148,149,157,158,165,167,171,179,182,185,194,195,199,202,210,213,217,223,235,238,241,242,246,247,248,249,258,260,261,263,264,268,271,274,285,288,292,295,296,298]].
