[[5,6,9,13,16,27,32,35,37,42,47,53,78,89,93,97,98,110,111,114,123,130,136,143,151,153,155,165,174,177,180,185,200,203,206,209,211,215,221,235,247,253,259,263,269,272,278,289,299,300],[2,11,12,15,24,33,38,55,56,57,59,60,61,62,67,69,72,76,83,85,86,90,100,106,121,124,127,131,132,137,138,140,141,152,156,158,159,162,173,182,186,188,191,192,193,201,212,220,222,223,224,229,234,236,237,239,246,254,257,262,267,268,270,275,276,279,280,281,288,291],[4,7,8,10,17,22,23,26,31,39,54,65,68,74,75,81,87,88,91,103,104,107,108,109,115,118,119,122,133,146,148,160,166,167,171,175,176,181,183,187,189,194,195,196,197,199,202,205,208,210,218,227,231,240,241,243,244,245,251,255,258,265,271,277,284,286,287,294,297,298]].
[[2,11,12,15,24,33,38,55,56,57,59,60,61,62,67,69,72,76,83,85,86,90,100,106,121,124,127,131,132,137,138,140,141,152,156,158,159,162,173,182,186,188,191,192,193,201,212,220,222,223,224,229,234,236,237,239,246,254,257,262,267,268,270,275,276,279,280,281,288,291],[5,6,9,13,16,27,32,35,37,42,47,53,78,89,93,97,98,110,111,114,123,130,136,143,151,153,155,165,174,177,180,185,200,203,206,209,211,215,221,235,247,253,259,263,269,272,278,289,299,300],[1,3,14,18,19,20,21,25,28,29,30,34,36,40,41,43,44,45,46,48,49,50,51,52,58,63,64,66,70,71,73,77,79,80,82,84,92,94,95,96,99,101,102,105,112,113,116,117,120,125,126,128,129,134,135,139,142,144,145,147,149,150,154,157,161,163,164,168,169,170,172,178,179,184,190,198,204,207,213,214,216,217,219,225,226,228,230,232,233,238,242,248,249,250,252,256,260,261,264,266,273,274,282,283,285,290,292,293,295,296]].
[[5,6,9,13,16,27,32,35,37,42,47,53,78,89,93,97,98,110,111,114,123,130,136,143,151,153,155,165,174,177,180,185,200,203,206,209,211,215,221,235,247,253,259,263,269,272,278,289,299,300],[2,11,12,15,24,33,38,55,56,57,59,60,61,62,67,69,72,76,83,85,86,90,100,106,121,124,127,131,132,137,138,140,141,152,156,158,159,162,173,182,186,188,191,192,193,201,212,220,222,223,224,229,234,236,237,239,246,254,257,262,267,268,270,275,276,279,280,281,288,291],[4,7,8,10,17,22,23,26,31,39,54,65,68,74,75,81,87,88,91,103,104,107,108,109,115,118,119,122,133,146,148,160,166,167,171,175,176,181,183,187,189,194,195,196,197,199,202,205,208,210,218,227,231,240,241,243,244,245,251,255,258,265,271,277,284,286,287,294,297,298]].
[[1,3,14,18,19,20,21,25,28,29,30,34,36,40,41,43,44,45,46,48,49,50,51,52,58,63,64,66,70,71,73,77,79,80,82,84,92,94,95,96,99,101,102,105,112,113,116,117,120,125,126,128,129,134,135,139,142,144,145,147,149,150,154,157,161,163,164,168,169,170,172,178,179,184,190,198,204,207,213,214,216,217,219,225,226,228,230,232,233,238,242,248,249,250,252,256,260,261,264,266,273,274,282,283,285,290,292,293,295,296],[4,7,8,10,17,22,23,26,31,39,54,65,68,74,75,81,87,88,91,103,104,107,108,109,115,118,119,122,133,146,148,160,166,167,171,175,176,181,183,187,189,194,195,196,197,199,202,205,208,210,218,227,231,240,241,243,244,245,251,255,258,265,271,277,284,286,287,294,297,298],[2,11,12,15,24,33,38,55,56,57,59,60,61,62,67,69,72,76,83,85,86,90,100,106,121,124,127,131,132,137,138,140,141,152,156,158,159,162,173,182,186,188,191,192,193,201,212,220,222,223,224,229,234,236,237,239,246,254,257,262,267,268,270,275,276,279,280,281,288,291]].
[[1,3,14,18,19,20,21,25,28,29,30,34,36,40,41,43,44,45,46,48,49,50,51,52,58,63,64,66,70,71,73,77,79,80,82,84,92,94,95,96,99,101,102,105,112,113,116,117,120,125,126,128,129,134,135,139,142,144,145,147,149,150,154,157,161,163,164,168,169,170,172,178,179,184,190,198,204,207,213,214,216,217,219,225,226,228,230,232,233,238,242,248,249,250,252,256,260,261,264,266,273,274,282,283,285,290,292,293,295,296],[4,7,8,10,17,22,23,26,31,39,54,65,68,74,75,81,87,88,91,103,104,107,108,109,115,118,119,122,133,146,148,160,166,167,171,175,176,181,183,187,189,194,195,196,197,199,202,205,208,210,218,227,231,240,241,243,244,245,251,255,258,265,271,277,284,286,287,294,297,298],[2,11,12,15,24,33,38,55,56,57,59,60,61,62,67,69,72,76,83,85,86,90,100,106,121,124,127,131,132,137,138,140,141,152,156,158,159,162,173,182,186,188,191,192,193,201,212,220,222,223,224,229,234,236,237,239,246,254,257,262,267,268,270,275,276,279,280,281,288,291]].
[[2,11,12,15,24,33,38,55,56,57,59,60,61,62,67,69,72,76,83,85,86,90,100,106,121,124,127,131,132,137,138,140,141,152,156,158,159,162,173,182,186,188,191,192,193,201,212,220,222,223,224,229,234,236,237,239,246,254,257,262,267,268,270,275,276,279,280,281,288,291],[5,6,9,13,16,27,32,35,37,42,47,53,78,89,93,97,98,110,111,114,123,130,136,143,151,153,155,165,174,177,180,185,200,203,206,209,211,215,221,235,247,253,259,263,269,272,278,289,299,300],[1,3,14,18,19,20,21,25,28,29,30,34,36,40,41,43,44,45,46,48,49,50,51,52,58,63,64,66,70,71,73,77,79,80,82,84,92,94,95,96,99,101,102,105,112,113,116,117,120,125,126,128,129,134,135,139,142,144,145,147,149,150,154,157,161,163,164,168,169,170,172,178,179,184,190,198,204,207,213,214,216,217,219,225,226,228,230,232,233,238,242,248,249,250,252,256,260,261,264,266,273,274,282,283,285,290,292,293,295,296]].
[[4,7,8,10,17,22,23,26,31,39,54,65,68,74,75,81,87,88,91,103,104,107,108,109,115,118,119,122,133,146,148,160,166,167,171,175,176,181,183,187,189,194,195,196,197,199,202,205,208,210,218,227,231,240,241,243,244,245,251,255,258,265,271,277,284,286,287,294,297,298],[1,3,14,18,19,20,21,25,28,29,30,34,36,40,41,43,44,45,46,48,49,50,51,52,58,63,64,66,70,71,73,77,79,80,82,84,92,94,95,96,99,101,102,105,112,113,116,117,120,125,126,128,129,134,135,139,142,144,145,147,149,150,154,157,161,163,164,168,169,170,172,178,179,184,190,198,204,207,213,214,216,217,219,225,226,228,230,232,233,238,242,248,249,250,252,256,260,261,264,266,273,274,282,283,285,290,292,293,295,296],[5,6,9,13,16,27,32,35,37,42,47,53,78,89,93,97,98,110,111,114,123,130,136,143,151,153,155,165,174,177,180,185,200,203,206,209,211,215,221,235,247,253,259,263,269,272,278,289,299,300]].
[[2,11,12,15,24,33,38,55,56,57,59,60,61,62,67,69,72,76,83,85,86,90,100,106,121,124,127,131,132,137,138,140,141,152,156,158,159,162,173,182,186,188,191,192,193,201,212,220,222,223,224,229,234,236,237,239,246,254,257,262,267,268,270,275,276,279,280,281,288,291],[5,6,9,13,16,27,32,35,37,42,47,53,78,89,93,97,98,110,111,114,123,130,136,143,151,153,155,165,174,177,180,185,200,203,206,209,211,215,221,235,247,253,259,263,269,272,278,289,299,300],[1,3,14,18,19,20,21,25,28,29,30,34,36,40,41,43,44,45,46,48,49,50,51,52,58,63,64,66,70,71,73,77,79,80,82,84,92,94,95,96,99,101,102,105,112,113,116,117,120,125,126,128,129,134,135,139,142,144,145,147,149,150,154,157,161,163,164,168,169,170,172,178,179,184,190,198,204,207,213,214,216,217,219,225,226,228,230,232,233,238,242,248,249,250,252,256,260,261,264,266,273,274,282,283,285,290,292,293,295,296]].
[[5,6,9,13,16,27,32,35,37,42,47,53,78,89,93,97,98,110,111,114,123,130,136,143,151,153,155,165,174,177,180,185,200,203,206,209,211,215,221,235,247,253,259,263,269,272,278,289,299,300],[2,11,12,15,24,33,38,55,56,57,59,60,61,62,67,69,72,76,83,85,86,90,100,106,121,124,127,131,132,137,138,140,141,152,156,158,159,162,173,182,186,188,191,192,193,201,212,220,222,223,224,229,234,236,237,239,246,254,257,262,267,268,270,275,276,279,280,281,288,291],[4,7,8,10,17,22,23,26,31,39,54,65,68,74,75,81,87,88,91,103,104,107,108,109,115,118,119,122,133,146,148,160,166,167,171,175,176,181,183,187,189,194,195,196,197,199,202,205,208,210,218,227,231,240,241,243,244,245,251,255,258,265,271,277,284,286,287,294,297,298]].
[[2,11,12,15,24,33,38,55,56,57,59,60,61,62,67,69,72,76,83,85,86,90,100,106,121,124,127,131,132,137,138,140,141,152,156,158,159,162,173,182,186,188,191,192,193,201,212,220,222,223,224,229,234,236,237,239,246,254,257,262,267,268,270,275,276,279,280,281,288,291],[5,6,9,13,16,27,32,35,37,42,47,53,78,89,93,97,98,110,111,114,123,130,136,143,151,153,155,165,174,177,180,185,200,203,206,209,211,215,221,235,247,253,259,263,269,272,278,289,299,300],[1,3,14,18,19,20,21,25,28,29,30,34,36,40,41,43,44,45,46,48,49,50,51,52,58,63,64,66,70,71,73,77,79,80,82,84,92,94,95,96,99,101,102,105,112,113,116,117,120,125,126,128,129,134,135,139,142,144,145,147,149,150,154,157,161,163,164,168,169,170,172,178,179,184,190,198,204,207,213,214,216,217,219,225,226,228,230,232,233,238,242,248,249,250,252,256,260,261,264,266,273,274,282,283,285,290,292,293,295,296]].
[[4,7,8,10,17,22,23,26,31,39,54,65,68,74,75,81,87,88,91,103,104,107,108,109,115,118,119,122,133,146,148,160,166,167,171,175,176,181,183,187,189,194,195,196,197,199,202,205,208,210,218,227,231,240,241,243,244,245,251,255,258,265,271,277,284,286,287,294,297,298],[1,3,14,18,19,20,21,25,28,29,30,34,36,40,41,43,44,45,46,48,49,50,51,52,58,63,64,66,70,71,73,77,79,80,82,84,92,94,95,96,99,101,102,105,112,113,116,117,120,125,126,128,129,134,135,139,142,144,145,147,149,150,154,157,161,163,164,168,169,170,172,178,179,184,190,198,204,207,213,214,216,217,219,225,226,228,230,232,233,238,242,248,249,250,252,256,260,261,264,266,273,274,282,283,285,290,292,293,295,296],[5,6,9,13,16,27,32,35,37,42,47,53,78,89,93,97,98,110,111,114,123,130,136,143,151,153,155,165,174,177,180,185,200,203,206,209,211,215,221,235,247,253,259,263,269,272,278,289,299,300]].
[[1,3,14,18,19,20,21,25,28,29,30,34,36,40,41,43,44,45,46,48,49,50,51,52,58,63,64,66,70,71,73,77,79,80,82,84,92,94,95,96,99,101,102,105,112,113,116,117,120,125,126,128,129,134,135,139,142,144,145,147,149,150,154,157,161,163,164,168,169,170,172,178,179,184,190,198,204,207,213,214,216,217,219,225,226,228,230,232,233,238,242,248,249,250,252,256,260,261,264,266,273,274,282,283,285,290,292,293,295,296],[4,7,8,10,17,22,23,26,31,39,54,65,68,74,75,81,87,88,91,103,104,107,108,109,115,118,119,122,133,146,148,160,166,167,171,175,176,181,183,187,189,194,195,196,197,199,202,205,208,210,218,227,231,240,241,243,244,245,251,255,258,265,271,277,284,286,287,294,297,298],[2,11,12,15,24,33,38,55,56,57,59,60,61,62,67,69,72,76,83,85,86,90,100,106,121,124,127,131,132,137,138,140,141,152,156,158,159,162,173,182,186,188,191,192,193,201,212,220,222,223,224,229,234,236,237,239,246,254,257,262,267,268,270,275,276,279,280,281,288,291]].
[[2,11,12,15,24,33,38,55,56,57,59,60,61,62,67,69,72,76,83,85,86,90,100,106,121,124,127,131,132,137,138,140,141,152,156,158,159,162,173,182,186,188,191,192,193,201,212,220,222,223,224,229,234,236,237,239,246,254,257,262,267,268,270,275,276,279,280,281,288,291],[5,6,9,13,16,27,32,35,37,42,47,53,78,89,93,97,98,110,111,114,123,130,136,143,151,153,155,165,174,177,180,185,200,203,206,209,211,215,221,235,247,253,259,263,269,272,278,289,299,300],[1,3,14,18,19,20,21,25,28,29,30,34,36,40,41,43,44,45,46,48,49,50,51,52,58,63,64,66,70,71,73,77,79,80,82,84,92,94,95,96,99,101,102,105,112,113,116,117,120,125,126,128,129,134,135,139,142,144,145,147,149,150,154,157,161,163,164,168,169,170,172,178,179,184,190,198,204,207,213,214,216,217,219,225,226,228,230,232,233,238,242,248,249,250,252,256,260,261,264,266,273,274,282,283,285,290,292,293,295,296]].
[[4,7,8,10,17,22,23,26,31,39,54,65,68,74,75,81,87,88,91,103,104,107,108,109,115,118,119,122,133,146,148,160,166,167,171,175,176,181,183,187,189,194,195,196,197,199,202,205,208,210,218,227,231,240,241,243,244,245,251,255,258,265,271,277,284,286,287,294,297,298],[1,3,14,18,19,20,21,25,28,29,30,34,36,40,41,43,44,45,46,48,49,50,51,52,58,63,64,66,70,71,73,77,79,80,82,84,92,94,95,96,99,101,102,105,112,113,116,117,120,125,126,128,129,134,135,139,142,144,145,147,149,150,154,157,161,163,164,168,169,170,172,178,179,184,190,198,204,207,213,214,216,217,219,225,226,228,230,232,233,238,242,248,249,250,252,256,260,261,264,266,273,274,282,283,285,290,292,293,295,296],[5,6,9,13,16,27,32,35,37,42,47,53,78,89,93,97,98,110,111,114,123,130,136,143,151,153,155,165,174,177,180,185,200,203,206,209,211,215,221,235,247,253,259,263,269,272,278,289,299,300]].
[[1,3,14,18,19,20,21,25,28,29,30,34,36,40,41,43,44,45,46,48,49,50,51,52,58,63,64,66,70,71,73,77,79,80,82,84,92,94,95,96,99,101,102,105,112,113,116,117,120,125,126,128,129,134,135,139,142,144,145,147,149,150,154,157,161,163,164,168,169,170,172,178,179,184,190,198,204,207,213,214,216,217,219,225,226,228,230,232,233,238,242,248,249,250,252,256,260,261,264,266,273,274,282,283,285,290,292,293,295,296],[4,7,8,10,17,22,23,26,31,39,54,65,68,74,75,81,87,88,91,103,104,107,108,109,115,118,119,122,133,146,148,160,166,167,171,175,176,181,183,187,189,194,195,196,197,199,202,205,208,210,218,227,231,240,241,243,244,245,251,255,258,265,271,277,284,286,287,294,297,298],[2,11,12,15,24,33,38,55,56,57,59,60,61,62,67,69,72,76,83,85,86,90,100,106,121,124,127,131,132,137,138,140,141,152,156,158,159,162,173,182,186,188,191,192,193,201,212,220,222,223,224,229,234,236,237,239,246,254,257,262,267,268,270,275,276,279,280,281,288,291]].
[[4,7,8,10,17,22,23,26,31,39,54,65,68,74,75,81,87,88,91,103,104,107,108,109,115,118,119,122,133,146,148,160,166,167,171,175,176,181,183,187,189,194,195,196,197,199,202,205,208,210,218,227,231,240,241,243,244,245,251,255,258,265,271,277,284,286,287,294,297,298],[1,3,14,18,19,20,21,25,28,29,30,34,36,40,41,43,44,45,46,48,49,50,51,52,58,63,64,66,70,71,73,77,79,80,82,84,92,94,95,96,99,101,102,105,112,113,116,117,120,125,126,128,129,134,135,139,142,144,145,147,149,150,154,157,161,163,164,168,169,170,172,178,179,184,190,198,204,207,213,214,216,217,219,225,226,228,230,232,233,238,242,248,249,250,252,256,260,261,264,266,273,274,282,283,285,290,292,293,295,296],[5,6,9,13,16,27,32,35,37,42,47,53,78,89,93,97,98,110,111,114,123,130,136,143,151,153,155,165,174,177,180,185,200,203,206,209,211,215,221,235,247,253,259,263,269,272,278,289,299,300]].
[[4,7,8,10,17,22,23,26,31,39,54,65,68,74,75,81,87,88,91,103,104,107,108,109,115,118,119,122,133,146,148,160,166,167,171,175,176,181,183,187,189,194,195,196,197,199,202,205,208,210,218,227,231,240,241,243,244,245,251,255,258,265,271,277,284,286,287,294,297,298],[1,3,14,18,19,20,21,25,28,29,30,34,36,40,41,43,44,45,46,48,49,50,51,52,58,63,64,66,70,71,73,77,79,80,82,84,92,94,95,96,99,101,102,105,112,113,116,117,120,125,126,128,129,134,135,139,142,144,145,147,149,150,154,157,161,163,164,168,169,170,172,178,179,184,190,198,204,207,213,214,216,217,219,225,226,228,230,232,233,238,242,248,249,250,252,256,260,261,264,266,273,274,282,283,285,290,292,293,295,296],[5,6,9,13,16,27,32,35,37,42,47,53,78,89,93,97,98,110,111,114,123,130,136,143,151,153,155,165,174,177,180,185,200,203,206,209,211,215,221,235,247,253,259,263,269,272,278,289,299,300]].
[[5,6,9,13,16,27,32,35,37,42,47,53,78,89,93,97,98,110,111,114,123,130,136,143,151,153,155,165,174,177,180,185,200,203,206,209,211,215,221,235,247,253,259,263,269,272,278,289,299,300],[2,11,12,15,24,33,38,55,56,57,59,60,61,62,67,69,72,76,83,85,86,90,100,106,121,124,127,131,132,137,138,140,141,152,156,158,159,162,173,182,186,188,191,192,193,201,212,220,222,223,224,229,234,236,237,239,246,254,257,262,267,268,270,275,276,279,280,281,288,291],[4,7,8,10,17,22,23,26,31,39,54,65,68,74,75,81,87,88,91,103,104,107,108,109,115,118,119,122,133,146,148,160,166,167,171,175,176,181,183,187,189,194,195,196,197,199,202,205,208,210,218,227,231,240,241,243,244,245,251,255,258,265,271,277,284,286,287,294,297,298]].
[[5,6,9,13,16,27,32,35,37,42,47,53,78,89,93,97,98,110,111,114,123,130,136,143,151,153,155,165,174,177,180,185,200,203,206,209,211,215,221,235,247,253,259,263,269,272,278,289,299,300],[2,11,12,15,24,33,38,55,56,57,59,60,61,62,67,69,72,76,83,85,86,90,100,106,121,124,127,131,132,137,138,140,141,152,156,158,159,162,173,182,186,188,191,192,193,201,212,220,222,223,224,229,234,236,237,239,246,254,257,262,267,268,270,275,276,279,280,281,288,291],[4,7,8,10,17,22,23,26,31,39,54,65,68,74,75,81,87,88,91,103,104,107,108,109,115,118,119,122,133,146,148,160,166,167,171,175,176,181,183,187,189,194,195,196,197,199,202,205,208,210,218,227,231,240,241,243,244,245,251,255,258,265,271,277,284,286,287,294,297,298]].
[[1,3,14,18,19,20,21,25,28,29,30,34,36,40,41,43,44,45,46,48,49,50,51,52,58,63,64,66,70,71,73,77,79,80,82,84,92,94,95,96,99,101,102,105,112,113,116,117,120,125,126,128,129,134,135,139,142,144,145,147,149,150,154,157,161,163,164,168,169,170,172,178,179,184,190,198,204,207,213,214,216,217,219,225,226,228,230,232,233,238,242,248,249,250,252,256,260,261,264,266,273,274,282,283,285,290,292,293,295,296],[4,7,8,10,17,22,23,26,31,39,54,65,68,74,75,81,87,88,91,103,104,107,108,109,115,118,119,122,133,146,148,160,166,167,171,175,176,181,183,187,189,194,195,196,197,199,202,205,208,210,218,227,231,240,241,243,244,245,251,255,258,265,271,277,284,286,287,294,297,298],[2,11,12,15,24,33,38,55,56,57,59,60,61,62,67,69,72,76,83,85,86,90,100,106,121,124,127,131,132,137,138,140,141,152,156,158,159,162,173,182,186,188,191,192,193,201,212,220,222,223,224,229,234,236,237,239,246,254,257,262,267,268,270,275,276,279,280,281,288,291]].
[[5,6,9,13,16,27,32,35,37,42,47,53,78,89,93,97,98,110,111,114,123,130,136,143,151,153,155,165,174,177,180,185,200,203,206,209,211,215,221,235,247,253,259,263,269,272,278,289,299,300],[2,11,12,15,24,33,38,55,56,57,59,60,61,62,67,69,72,76,83,85,86,90,100,106,121,124,127,131,132,137,138,140,141,152,156,158,159,162,173,182,186,188,191,192,193,201,212,220,222,223,224,229,234,236,237,239,246,254,257,262,267,268,270,275,276,279,280,281,288,291],[4,7,8,10,17,22,23,26,31,39,54,65,68,74,75,81,87,88,91,103,104,107,108,109,115,118,119,122,133,146,148,160,166,167,171,175,176,181,183,187,189,194,195,196,197,199,202,205,208,210,218,227,231,240,241,243,244,245,251,255,258,265,271,277,284,286,287,294,297,298]].
[[5,6,9,13,16,27,32,35,37,42,47,53,78,89,93,97,98,110,111,114,123,130,136,143,151,153,155,165,174,177,180,185,200,203,206,209,211,215,221,235,247,253,259,263,269,272,278,289,299,300],[2,11,12,15,24,33,38,55,56,57,59,60,61,62,67,69,72,76,83,85,86,90,100,106,121,124,127,131,132,137,138,140,141,152,156,158,159,162,173,182,186,188,191,192,193,201,212,220,222,223,224,229,234,236,237,239,246,254,257,262,267,268,270,275,276,279,280,281,288,291],[4,7,8,10,17,22,23,26,31,39,54,65,68,74,75,81,87,88,91,103,104,107,108,109,115,118,119,122,133,146,148,160,166,167,171,175,176,181,183,187,189,194,195,196,197,199,202,205,208,210,218,227,231,240,241,243,244,245,251,255,258,265,271,277,284,286,287,294,297,298]].
[[4,7,8,10,17,22,23,26,31,39,54,65,68,74,75,81,87,88,91,103,104,107,108,109,115,118,119,122,133,146,148,160,166,167,171,175,176,181,183,187,189,194,195,196,197,199,202,205,208,210,218,227,231,240,241,243,244,245,251,255,258,265,271,277,284,286,287,294,297,298],[1,3,14,18,19,20,21,25,28,29,30,34,36,40,41,43,44,45,46,48,49,50,51,52,58,63,64,66,70,71,73,77,79,80,82,84,92,94,95,96,99,101,102,105,112,113,116,117,120,125,126,128,129,134,135,139,142,144,145,147,149,150,154,157,161,163,164,168,169,170,172,178,179,184,190,198,204,207,213,214,216,217,219,225,226,228,230,232,233,238,242,248,249,250,252,256,260,261,264,266,273,274,282,283,285,290,292,293,295,296],[5,6,9,13,16,27,32,35,37,42,47,53,78,89,93,97,98,110,111,114,123,130,136,143,151,153,155,165,174,177,180,185,200,203,206,209,211,215,221,235,247,253,259,263,269,272,278,289,299,300]].
[[1,3,14,18,19,20,21,25,28,29,30,34,36,40,41,43,44,45,46,48,49,50,51,52,58,63,64,66,70,71,73,77,79,80,82,84,92,94,95,96,99,101,102,105,112,113,116,117,120,125,126,128,129,134,135,139,142,144,145,147,149,150,154,157,161,163,164,168,169,170,172,178,179,184,190,198,204,207,213,214,216,217,219,225,226,228,230,232,233,238,242,248,249,250,252,256,260,261,264,266,273,274,282,283,285,290,292,293,295,296],[4,7,8,10,17,22,23,26,31,39,54,65,68,74,75,81,87,88,91,103,104,107,108,109,115,118,119,122,133,146,148,160,166,167,171,175,176,181,183,187,189,194,195,196,197,199,202,205,208,210,218,227,231,240,241,243,244,245,251,255,258,265,271,277,284,286,287,294,297,298],[2,11,12,15,24,33,38,55,56,57,59,60,61,62,67,69,72,76,83,85,86,90,100,106,121,124,127,131,132,137,138,140,141,152,156,158,159,162,173,182,186,188,191,192,193,201,212,220,222,223,224,229,234,236,237,239,246,254,257,262,267,268,270,275,276,279,280,281,288,291]].
[[4,7,8,10,17,22,23,26,31,39,54,65,68,74,75,81,87,88,91,103,104,107,108,109,115,118,119,122,133,146,148,160,166,167,171,175,176,181,183,187,189,194,195,196,197,199,202,205,208,210,218,227,231,240,241,243,244,245,251,255,258,265,271,277,284,286,287,294,297,298],[1,3,14,18,19,20,21,25,28,29,30,34,36,40,41,43,44,45,46,48,49,50,51,52,58,63,64,66,70,71,73,77,79,80,82,84,92,94,95,96,99,101,102,105,112,113,116,117,120,125,126,128,129,134,135,139,142,144,145,147,149,150,154,157,161,163,164,168,169,170,172,178,179,184,190,198,204,207,213,214,216,217,219,225,226,228,230,232,233,238,242,248,249,250,252,256,260,261,264,266,273,274,282,283,285,290,292,293,295,296],[5,6,9,13,16,27,32,35,37,42,47,53,78,89,93,97,98,110,111,114,123,130,136,143,151,153,155,165,174,177,180,185,200,203,206,209,211,215,221,235,247,253,259,263,269,272,278,289,299,300]].
[[4,7,8,10,17,22,23,26,31,39,54,65,68,74,75,81,87,88,91,103,104,107,108,109,115,118,119,122,133,146,148,160,166,167,171,175,176,181,183,187,189,194,195,196,197,199,202,205,208,210,218,227,231,240,241,243,244,245,251,255,258,265,271,277,284,286,287,294,297,298],[1,3,14,18,19,20,21,25,28,29,30,34,36,40,41,43,44,45,46,48,49,50,51,52,58,63,64,66,70,71,73,77,79,80,82,84,92,94,95,96,99,101,102,105,112,113,116,117,120,125,126,128,129,134,135,139,142,144,145,147,149,150,154,157,161,163,164,168,169,170,172,178,179,184,190,198,204,207,213,214,216,217,219,225,226,228,230,232,233,238,242,248,249,250,252,256,260,261,264,266,273,274,282,283,285,290,292,293,295,296],[5,6,9,13,16,27,32,35,37,42,47,53,78,89,93,97,98,110,111,114,123,130,136,143,151,153,155,165,174,177,180,185,200,203,206,209,211,215,221,235,247,253,259,263,269,272,278,289,299,300]].
[[1,3,14,18,19,20,21,25,28,29,30,34,36,40,41,43,44,45,46,48,49,50,51,52,58,63,64,66,70,71,73,77,79,80,82,84,92,94,95,96,99,101,102,105,112,113,116,117,120,125,126,128,129,134,135,139,142,144,145,147,149,150,154,157,161,163,164,168,169,170,172,178,179,184,190,198,204,207,213,214,216,217,219,225,226,228,230,232,233,238,242,248,249,250,252,256,260,261,264,266,273,274,282,283,285,290,292,293,295,296],[4,7,8,10,17,22,23,26,31,39,54,65,68,74,75,81,87,88,91,103,104,107,108,109,115,118,119,122,133,146,148,160,166,167,171,175,176,181,183,187,189,194,195,196,197,199,202,205,208,210,218,227,231,240,241,243,244,245,251,255,258,265,271,277,284,286,287,294,297,298],[2,11,12,15,24,33,38,55,56,57,59,60,61,62,67,69,72,76,83,85,86,90,100,106,121,124,127,131,132,137,138,140,141,152,156,158,159,162,173,182,186,188,191,192,193,201,212,220,222,223,224,229,234,236,237,239,246,254,257,262,267,268,270,275,276,279,280,281,288,291]].
[[1,3,14,18,19,20,21,25,28,29,30,34,36,40,41,43,44,45,46,48,49,50,51,52,58,63,64,66,70,71,73,77,79,80,82,84,92,94,95,96,99,101,102,105,112,113,116,117,120,125,126,128,129,134,135,139,142,144,145,147,149,150,154,157,161,163,164,168,169,170,172,178,179,184,190,198,204,207,213,214,216,217,219,225,226,228,230,232,233,238,242,248,249,250,252,256,260,261,264,266,273,274,282,283,285,290,292,293,295,296],[4,7,8,10,17,22,23,26,31,39,54,65,68,74,75,81,87,88,91,103,104,107,108,109,115,118,119,122,133,146,148,160,166,167,171,175,176,181,183,187,189,194,195,196,197,199,202,205,208,210,218,227,231,240,241,243,244,245,251,255,258,265,271,277,284,286,287,294,297,298],[2,11,12,15,24,33,38,55,56,57,59,60,61,62,67,69,72,76,83,85,86,90,100,106,121,124,127,131,132,137,138,140,141,152,156,158,159,162,173,182,186,188,191,192,193,201,212,220,222,223,224,229,234,236,237,239,246,254,257,262,267,268,270,275,276,279,280,281,288,291]].
[[2,11,12,15,24,33,38,55,56,57,59,60,61,62,67,69,72,76,83,85,86,90,100,106,121,124,127,131,132,137,138,140,141,152,156,158,159,162,173,182,186,188,191,192,193,201,212,220,222,223,224,229,234,236,237,239,246,254,257,262,267,268,270,275,276,279,280,281,288,291],[5,6,9,13,16,27,32,35,37,42,47,53,78,89,93,97,98,110,111,114,123,130,136,143,151,153,155,165,174,177,180,185,200,203,206,209,211,215,221,235,247,253,259,263,269,272,278,289,299,300],[1,3,14,18,19,20,21,25,28,29,30,34,36,40,41,43,44,45,46,48,49,50,51,52,58,63,64,66,70,71,73,77,79,80,82,84,92,94,95,96,99,101,102,105,112,113,116,117,120,125,126,128,129,134,135,139,142,144,145,147,149,150,154,157,161,163,164,168,169,170,172,178,179,184,190,198,204,207,213,214,216,217,219,225,226,228,230,232,233,238,242,248,249,250,252,256,260,261,264,266,273,274,282,283,285,290,292,293,295,296]].
[[1,3,14,18,19,20,21,25,28,29,30,34,36,40,41,43,44,45,46,48,49,50,51,52,58,63,64,66,70,71,73,77,79,80,82,84,92,94,95,96,99,101,102,105,112,113,116,117,120,125,126,128,129,134,135,139,142,144,145,147,149,150,154,157,161,163,164,168,169,170,172,178,179,184,190,198,204,207,213,214,216,217,219,225,226,228,230,232,233,238,242,248,249,250,252,256,260,261,264,266,273,274,282,283,285,290,292,293,295,296],[4,7,8,10,17,22,23,26,31,39,54,65,68,74,75,81,87,88,91,103,104,107,108,109,115,118,119,122,133,146,148,160,166,167,171,175,176,181,183,187,189,194,195,196,197,199,202,205,208,210,218,227,231,240,241,243,244,245,251,255,258,265,271,277,284,286,287,294,297,298],[2,11,12,15,24,33,38,55,56,57,59,60,61,62,67,69,72,76,83,85,86,90,100,106,121,124,127,131,132,137,138,140,141,152,156,158,159,162,173,182,186,188,191,192,193,201,212,220,222,223,224,229,234,236,237,239,246,254,257,262,267,268,270,275,276,279,280,281,288,291]].
[[5,6,9,13,16,27,32,35,37,42,47,53,78,89,93,97,98,110,111,114,123,130,136,143,151,153,155,165,174,177,180,185,200,203,206,209,211,215,221,235,247,253,259,263,269,272,278,289,299,300],[2,11,12,15,24,33,38,55,56,57,59,60,61,62,67,69,72,76,83,85,86,90,100,106,121,124,127,131,132,137,138,140,141,152,156,158,159,162,173,182,186,188,191,192,193,201,212,220,222,223,224,229,234,236,237,239,246,254,257,262,267,268,270,275,276,279,280,281,288,291],[4,7,8,10,17,22,23,26,31,39,54,65,68,74,75,81,87,88,91,103,104,107,108,109,115,118,119,122,133,146,148,160,166,167,171,175,176,181,183,187,189,194,195,196,197,199,202,205,208,210,218,227,231,240,241,243,244,245,251,255,258,265,271,277,284,286,287,294,297,298]].
[[2,11,12,15,24,33,38,55,56,57,59,60,61,62,67,69,72,76,83,85,86,90,100,106,121,124,127,131,132,137,138,140,141,152,156,158,159,162,173,182,186,188,191,192,193,201,212,220,222,223,224,229,234,236,237,239,246,254,257,262,267,268,270,275,276,279,280,281,288,291],[5,6,9,13,16,27,32,35,37,42,47,53,78,89,93,97,98,110,111,114,123,130,136,143,151,153,155,165,174,177,180,185,200,203,206,209,211,215,221,235,247,253,259,263,269,272,278,289,299,300],[1,3,14,18,19,20,21,25,28,29,30,34,36,40,41,43,44,45,46,48,49,50,51,52,58,63,64,66,70,71,73,77,79,80,82,84,92,94,95,96,99,101,102,105,112,113,116,117,120,125,126,128,129,134,135,139,142,144,145,147,149,150,154,157,161,163,164,168,169,170,172,178,179,184,190,198,204,207,213,214,216,217,219,225,226,228,230,232,233,238,242,248,249,250,252,256,260,261,264,266,273,274,282,283,285,290,292,293,295,296]].
[[2,11,12,15,24,33,38,55,56,57,59,60,61,62,67,69,72,76,83,85,86,90,100,106,121,124,127,131,132,137,138,140,141,152,156,158,159,162,173,182,186,188,191,192,193,201,212,220,222,223,224,229,234,236,237,239,246,254,257,262,267,268,270,275,276,279,280,281,288,291],[5,6,9,13,16,27,32,35,37,42,47,53,78,89,93,97,98,110,111,114,123,130,136,143,151,153,155,165,174,177,180,185,200,203,206,209,211,215,221,235,247,253,259,263,269,272,278,289,299,300],[1,3,14,18,19,20,21,25,28,29,30,34,36,40,41,43,44,45,46,48,49,50,51,52,58,63,64,66,70,71,73,77,79,80,82,84,92,94,95,96,99,101,102,105,112,113,116,117,120,125,126,128,129,134,135,139,142,144,145,147,149,150,154,157,161,163,164,168,169,170,172,178,179,184,190,198,204,207,213,214,216,217,219,225,226,228,230,232,233,238,242,248,249,250,252,256,260,261,264,266,273,274,282,283,285,290,292,293,295,296]].
[[4,7,8,10,17,22,23,26,31,39,54,65,68,74,75,81,87,88,91,103,104,107,108,109,115,118,119,122,133,146,148,160,166,167,171,175,176,181,183,187,189,194,195,196,197,199,202,205,208,210,218,227,231,240,241,243,244,245,251,255,258,265,271,277,284,286,287,294,297,298],[1,3,14,18,19,20,21,25,28,29,30,34,36,40,41,43,44,45,46,48,49,50,51,52,58,63,64,66,70,71,73,77,79,80,82,84,92,94,95,96,99,101,102,105,112,113,116,117,120,125,126,128,129,134,135,139,142,144,145,147,149,150,154,157,161,163,164,168,169,170,172,178,179,184,190,198,204,207,213,214,216,217,219,225,226,228,230,232,233,238,242,248,249,250,252,256,260,261,264,266,273,274,282,283,285,290,292,293,295,296],[5,6,9,13,16,27,32,35,37,42,47,53,78,89,93,97,98,110,111,114,123,130,136,143,151,153,155,165,174,177,180,185,200,203,206,209,211,215,221,235,247,253,259,263,269,272,278,289,299,300]].
[[4,7,8,10,17,22,23,26,31,39,54,65,68,74,75,81,87,88,91,103,104,107,108,109,115,118,119,122,133,146,148,160,166,167,171,175,176,181,183,187,189,194,195,196,197,199,202,205,208,210,218,227,231,240,241,243,244,245,251,255,258,265,271,277,284,286,287,294,297,298],[1,3,14,18,19,20,21,25,28,29,30,34,36,40,41,43,44,45,46,48,49,50,51,52,58,63,64,66,70,71,73,77,79,80,82,84,92,94,95,96,99,101,102,105,112,113,116,117,120,125,126,128,129,134,135,139,142,144,145,147,149,150,154,157,161,163,164,168,169,170,172,178,179,184,190,198,204,207,213,214,216,217,219,225,226,228,230,232,233,238,242,248,249,250,252,256,260,261,264,266,273,274,282,283,285,290,292,293,295,296],[5,6,9,13,16,27,32,35,37,42,47,53,78,89,93,97,98,110,111,114,123,130,136,143,151,153,155,165,174,177,180,185,200,203,206,209,211,215,221,235,247,253,259,263,269,272,278,289,299,300]].
[[1,3,14,18,19,20,21,25,28,29,30,34,36,40,41,43,44,45,46,48,49,50,51,52,58,63,64,66,70,71,73,77,79,80,82,84,92,94,95,96,99,101,102,105,112,113,116,117,120,125,126,128,129,134,135,139,142,144,145,147,149,150,154,157,161,163,164,168,169,170,172,178,179,184,190,198,204,207,213,214,216,217,219,225,226,228,230,232,233,238,242,248,249,250,252,256,260,261,264,266,273,274,282,283,285,290,292,293,295,296],[4,7,8,10,17,22,23,26,31,39,54,65,68,74,75,81,87,88,91,103,104,107,108,109,115,118,119,122,133,146,148,160,166,167,171,175,176,181,183,187,189,194,195,196,197,199,202,205,208,210,218,227,231,240,241,243,244,245,251,255,258,265,271,277,284,286,287,294,297,298],[2,11,12,15,24,33,38,55,56,57,59,60,61,62,67,69,72,76,83,85,86,90,100,106,121,124,127,131,132,137,138,140,141,152,156,158,159,162,173,182,186,188,191,192,193,201,212,220,222,223,224,229,234,236,237,239,246,254,257,262,267,268,270,275,276,279,280,281,288,291]].
[[4,7,8,10,17,22,23,26,31,39,54,65,68,74,75,81,87,88,91,103,104,107,108,109,115,118,119,122,133,146,148,160,166,167,171,175,176,181,183,187,189,194,195,196,197,199,202,205,208,210,218,227,231,240,241,243,244,245,251,255,258,265,271,277,284,286,287,294,297,298],[1,3,14,18,19,20,21,25,28,29,30,34,36,40,41,43,44,45,46,48,49,50,51,52,58,63,64,66,70,71,73,77,79,80,82,84,92,94,95,96,99,101,102,105,112,113,116,117,120,125,126,128,129,134,135,139,142,144,145,147,149,150,154,157,161,163,164,168,169,170,172,178,179,184,190,198,204,207,213,214,216,217,219,225,226,228,230,232,233,238,242,248,249,250,252,256,260,261,264,266,273,274,282,283,285,290,292,293,295,296],[5,6,9,13,16,27,32,35,37,42,47,53,78,89,93,97,98,110,111,114,123,130,136,143,151,153,155,165,174,177,180,185,200,203,206,209,211,215,221,235,247,253,259,263,269,272,278,289,299,300]].
[[1,3,14,18,19,20,21,25,28,29,30,34,36,40,41,43,44,45,46,48,49,50,51,52,58,63,64,66,70,71,73,77,79,80,82,84,92,94,95,96,99,101,102,105,112,113,116,117,120,125,126,128,129,134,135,139,142,144,145,147,149,150,154,157,161,163,164,168,169,170,172,178,179,184,190,198,204,207,213,214,216,217,219,225,226,228,230,232,233,238,242,248,249,250,252,256,260,261,264,266,273,274,282,283,285,290,292,293,295,296],[4,7,8,10,17,22,23,26,31,39,54,65,68,74,75,81,87,88,91,103,104,107,108,109,115,118,119,122,133,146,148,160,166,167,171,175,176,181,183,187,189,194,195,196,197,199,202,205,208,210,218,227,231,240,241,243,244,245,251,255,258,265,271,277,284,286,287,294,297,298],[2,11,12,15,24,33,38,55,56,57,59,60,61,62,67,69,72,76,83,85,86,90,100,106,121,124,127,131,132,137,138,140,141,152,156,158,159,162,173,182,186,188,191,192,193,201,212,220,222,223,224,229,234,236,237,239,246,254,257,262,267,268,270,275,276,279,280,281,288,291]].
[[1,3,14,18,19,20,21,25,28,29,30,34,36,40,41,43,44,45,46,48,49,50,51,52,58,63,64,66,70,71,73,77,79,80,82,84,92,94,95,96,99,101,102,105,112,113,116,117,120,125,126,128,129,134,135,139,142,144,145,147,149,150,154,157,161,163,164,168,169,170,172,178,179,184,190,198,204,207,213,214,216,217,219,225,226,228,230,232,233,238,242,248,249,250,252,256,260,261,264,266,273,274,282,283,285,290,292,293,295,296],[4,7,8,10,17,22,23,26,31,39,54,65,68,74,75,81,87,88,91,103,104,107,108,109,115,118,119,122,133,146,148,160,166,167,171,175,176,181,183,187,189,194,195,196,197,199,202,205,208,210,218,227,231,240,241,243,244,245,251,255,258,265,271,277,284,286,287,294,297,298],[2,11,12,15,24,33,38,55,56,57,59,60,61,62,67,69,72,76,83,85,86,90,100,106,121,124,127,131,132,137,138,140,141,152,156,158,159,162,173,182,186,188,191,192,193,201,212,220,222,223,224,229,234,236,237,239,246,254,257,262,267,268,270,275,276,279,280,281,288,291]].
[[5,6,9,13,16,27,32,35,37,42,47,53,78,89,93,97,98,110,111,114,123,130,136,143,151,153,155,165,174,177,180,185,200,203,206,209,211,215,221,235,247,253,259,263,269,272,278,289,299,300],[2,11,12,15,24,33,38,55,56,57,59,60,61,62,67,69,72,76,83,85,86,90,100,106,121,124,127,131,132,137,138,140,141,152,156,158,159,162,173,182,186,188,191,192,193,201,212,220,222,223,224,229,234,236,237,239,246,254,257,262,267,268,270,275,276,279,280,281,288,291],[4,7,8,10,17,22,23,26,31,39,54,65,68,74,75,81,87,88,91,103,104,107,108,109,115,118,119,122,133,146,148,160,166,167,171,175,176,181,183,187,189,194,195,196,197,199,202,205,208,210,218,227,231,240,241,243,244,245,251,255,258,265,271,277,284,286,287,294,297,298]].
[[1,3,14,18,19,20,21,25,28,29,30,34,36,40,41,43,44,45,46,48,49,50,51,52,58,63,64,66,70,71,73,77,79,80,82,84,92,94,95,96,99,101,102,105,112,113,116,117,120,125,126,128,129,134,135,139,142,144,145,147,149,150,154,157,161,163,164,168,169,170,172,178,179,184,190,198,204,207,213,214,216,217,219,225,226,228,230,232,233,238,242,248,249,250,252,256,260,261,264,266,273,274,282,283,285,290,292,293,295,296],[4,7,8,10,17,22,23,26,31,39,54,65,68,74,75,81,87,88,91,103,104,107,108,109,115,118,119,122,133,146,148,160,166,167,171,175,176,181,183,187,189,194,195,196,197,199,202,205,208,210,218,227,231,240,241,243,244,245,251,255,258,265,271,277,284,286,287,294,297,298],[2,11,12,15,24,33,38,55,56,57,59,60,61,62,67,69,72,76,83,85,86,90,100,106,121,124,127,131,132,137,138,140,141,152,156,158,159,162,173,182,186,188,191,192,193,201,212,220,222,223,224,229,234,236,237,239,246,254,257,262,267,268,270,275,276,279,280,281,288,291]].
[[5,6,9,13,16,27,32,35,37,42,47,53,78,89,93,97,98,110,111,114,123,130,136,143,151,153,155,165,174,177,180,185,200,203,206,209,211,215,221,235,247,253,259,263,269,272,278,289,299,300],[2,11,12,15,24,33,38,55,56,57,59,60,61,62,67,69,72,76,83,85,86,90,100,106,121,124,127,131,132,137,138,140,141,152,156,158,159,162,173,182,186,188,191,192,193,201,212,220,222,223,224,229,234,236,237,239,246,254,257,262,267,268,270,275,276,279,280,281,288,291],[4,7,8,10,17,22,23,26,31,39,54,65,68,74,75,81,87,88,91,103,104,107,108,109,115,118,119,122,133,146,148,160,166,167,171,175,176,181,183,187,189,194,195,196,197,199,202,205,208,210,218,227,231,240,241,243,244,245,251,255,258,265,271,277,284,286,287,294,297,298]].
[[2,11,12,15,24,33,38,55,56,57,59,60,61,62,67,69,72,76,83,85,86,90,100,106,121,124,127,131,132,137,138,140,141,152,156,158,159,162,173,182,186,188,191,192,193,201,212,220,222,223,224,229,234,236,237,239,246,254,257,262,267,268,270,275,276,279,280,281,288,291],[5,6,9,13,16,27,32,35,37,42,47,53,78,89,93,97,98,110,111,114,123,130,136,143,151,153,155,165,174,177,180,185,200,203,206,209,211,215,221,235,247,253,259,263,269,272,278,289,299,300],[1,3,14,18,19,20,21,25,28,29,30,34,36,40,41,43,44,45,46,48,49,50,51,52,58,63,64,66,70,71,73,77,79,80,82,84,92,94,95,96,99,101,102,105,112,113,116,117,120,125,126,128,129,134,135,139,142,144,145,147,149,150,154,157,161,163,164,168,169,170,172,178,179,184,190,198,204,207,213,214,216,217,219,225,226,228,230,232,233,238,242,248,249,250,252,256,260,261,264,266,273,274,282,283,285,290,292,293,295,296]].
[[5,6,9,13,16,27,32,35,37,42,47,53,78,89,93,97,98,110,111,114,123,130,136,143,151,153,155,165,174,177,180,185,200,203,206,209,211,215,221,235,247,253,259,263,269,272,278,289,299,300],[2,11,12,15,24,33,38,55,56,57,59,60,61,62,67,69,72,76,83,85,86,90,100,106,121,124,127,131,132,137,138,140,141,152,156,158,159,162,173,182,186,188,191,192,193,201,212,220,222,223,224,229,234,236,237,239,246,254,257,262,267,268,270,275,276,279,280,281,288,291],[4,7,8,10,17,22,23,26,31,39,54,65,68,74,75,81,87,88,91,103,104,107,108,109,115,118,119,122,133,146,148,160,166,167,171,175,176,181,183,187,189,194,195,196,197,199,202,205,208,210,218,227,231,240,241,243,244,245,251,255,258,265,271,277,284,286,287,294,297,298]].
[[2,11,12,15,24,33,38,55,56,57,59,60,61,62,67,69,72,76,83,85,86,90,100,106,121,124,127,131,132,137,138,140,141,152,156,158,159,162,173,182,186,188,191,192,193,201,212,220,222,223,224,229,234,236,237,239,246,254,257,262,267,268,270,275,276,279,280,281,288,291],[5,6,9,13,16,27,32,35,37,42,47,53,78,89,93,97,98,110,111,114,123,130,136,143,151,153,155,165,174,177,180,185,200,203,206,209,211,215,221,235,247,253,259,263,269,272,278,289,299,300],[1,3,14,18,19,20,21,25,28,29,30,34,36,40,41,43,44,45,46,48,49,50,51,52,58,63,64,66,70,71,73,77,79,80,82,84,92,94,95,96,99,101,102,105,112,113,116,117,120,125,126,128,129,134,135,139,142,144,145,147,149,150,154,157,161,163,164,168,169,170,172,178,179,184,190,198,204,207,213,214,216,217,219,225,226,228,230,232,233,238,242,248,249,250,252,256,260,261,264,266,273,274,282,283,285,290,292,293,295,296]].
[[4,7,8,10,17,22,23,26,31,39,54,65,68,74,75,81,87,88,91,103,104,107,108,109,115,118,119,122,133,146,148,160,166,167,171,175,176,181,183,187,189,194,195,196,197,199,202,205,208,210,218,227,231,240,241,243,244,245,251,255,258,265,271,277,284,286,287,294,297,298],[1,3,14,18,19,20,21,25,28,29,30,34,36,40,41,43,44,45,46,48,49,50,51,52,58,63,64,66,70,71,73,77,79,80,82,84,92,94,95,96,99,101,102,105,112,113,116,117,120,125,126,128,129,134,135,139,142,144,145,147,149,150,154,157,161,163,164,168,169,170,172,178,179,184,190,198,204,207,213,214,216,217,219,225,226,228,230,232,233,238,242,248,249,250,252,256,260,261,264,266,273,274,282,283,285,290,292,293,295,296],[5,6,9,13,16,27,32,35,37,42,47,53,78,89,93,97,98,110,111,114,123,130,136,143,151,153,155,165,174,177,180,185,200,203,206,209,211,215,221,235,247,253,259,263,269,272,278,289,299,300]].
[[5,6,9,13,16,27,32,35,37,42,47,53,78,89,93,97,98,110,111,114,123,130,136,143,151,153,155,165,174,177,180,185,200,203,206,209,211,215,221,235,247,253,259,263,269,272,278,289,299,300],[2,11,12,15,24,33,38,55,56,57,59,60,61,62,67,69,72,76,83,85,86,90,100,106,121,124,127,131,132,137,138,140,141,152,156,158,159,162,173,182,186,188,191,192,193,201,212,220,222,223,224,229,234,236,237,239,246,254,257,262,267,268,270,275,276,279,280,281,288,291],[4,7,8,10,17,22,23,26,31,39,54,65,68,74,75,81,87,88,91,103,104,107,108,109,115,118,119,122,133,146,148,160,166,167,171,175,176,181,183,187,189,194,195,196,197,199,202,205,208,210,218,227,231,240,241,243,244,245,251,255,258,265,271,277,284,286,287,294,297,298]].
[[2,11,12,15,24,33,38,55,56,57,59,60,61,62,67,69,72,76,83,85,86,90,100,106,121,124,127,131,132,137,138,140,141,152,156,158,159,162,173,182,186,188,191,192,193,201,212,220,222,223,224,229,234,236,237,239,246,254,257,262,267,268,270,275,276,279,280,281,288,291],[5,6,9,13,16,27,32,35,37,42,47,53,78,89,93,97,98,110,111,114,123,130,136,143,151,153,155,165,174,177,180,185,200,203,206,209,211,215,221,235,247,253,259,263,269,272,278,289,299,300],[1,3,14,18,19,20,21,25,28,29,30,34,36,40,41,43,44,45,46,48,49,50,51,52,58,63,64,66,70,71,73,77,79,80,82,84,92,94,95,96,99,101,102,105,112,113,116,117,120,125,126,128,129,134,135,139,142,144,145,147,149,150,154,157,161,163,164,168,169,170,172,178,179,184,190,198,204,207,213,214,216,217,219,225,226,228,230,232,233,238,242,248,249,250,252,256,260,261,264,266,273,274,282,283,285,290,292,293,295,296]].
