[[3,4,11,19,22,25,29,32,33,41,43,54,59,62,63,64,65,71,76,77,81,82,90,94,97,114,118,120,124,128,130,138,139,140,141,142,143,149,154,162,163,166,167,168,169,171,172,174,177,181,182,185,191,193,194,197,199,204,205,207,210,213,216,235,240,241,244,251,255,258,260,261,266,267,268,269,281,282,285],[2,6,18,26,28,35,39,40,60,84,87,109,116,121,129,131,148,157,173,186,187,190,202,208,211,219,220,222,228,230,233,234,242,252,256,262,263,272,289,293,299],[5,7,8,12,13,15,16,17,21,23,24,27,36,44,49,50,51,52,56,57,61,66,67,69,72,73,74,80,83,86,88,89,92,93,95,98,99,100,102,105,106,111,112,113,117,122,126,134,135,136,137,147,151,153,155,158,159,161,164,175,176,183,188,189,195,196,198,200,212,215,217,218,223,224,225,237,239,243,245,247,249,250,253,254,257,259,270,271,274,277,279,283,284,286,287,288,290,292,295,296,297]].
[[1,9,10,14,20,30,31,34,37,38,42,45,46,47,48,53,55,58,68,70,75,78,79,85,91,96,101,103,104,107,108,110,115,119,123,125,127,132,133,144,145,146,150,152,156,160,165,170,178,179,180,184,192,201,203,206,209,214,221,226,227,229,231,232,236,238,246,248,264,265,273,275,276,278,280,291,294,298,300],[5,7,8,12,13,15,16,17,21,23,24,27,36,44,49,50,51,52,56,57,61,66,67,69,72,73,74,80,83,86,88,89,92,93,95,98,99,100,102,105,106,111,112,113,117,122,126,134,135,136,137,147,151,153,155,158,159,161,164,175,176,183,188,189,195,196,198,200,212,215,217,218,223,224,225,237,239,243,245,247,249,250,253,254,257,259,270,271,274,277,279,283,284,286,287,288,290,292,295,296,297],[2,6,18,26,28,35,39,40,60,84,87,109,116,121,129,131,148,157,173,186,187,190,202,208,211,219,220,222,228,230,233,234,242,252,256,262,263,272,289,293,299]].
[[3,4,11,19,22,25,29,32,33,41,43,54,59,62,63,64,65,71,76,77,81,82,90,94,97,114,118,120,124,128,130,138,139,140,141,142,143,149,154,162,163,166,167,168,169,171,172,174,177,181,182,185,191,193,194,197,199,204,205,207,210,213,216,235,240,241,244,251,255,258,260,261,266,267,268,269,281,282,285],[2,6,18,26,28,35,39,40,60,84,87,109,116,121,129,131,148,157,173,186,187,190,202,208,211,219,220,222,228,230,233,234,242,252,256,262,263,272,289,293,299],[5,7,8,12,13,15,16,17,21,23,24,27,36,44,49,50,51,52,56,57,61,66,67,69,72,73,74,80,83,86,88,89,92,93,95,98,99,100,102,105,106,111,112,113,117,122,126,134,135,136,137,147,151,153,155,158,159,161,164,175,176,183,188,189,195,196,198,200,212,215,217,218,223,224,225,237,239,243,245,247,249,250,253,254,257,259,270,271,274,277,279,283,284,286,287,288,290,292,295,296,297]].
[[1,9,10,14,20,30,31,34,37,38,42,45,46,47,48,53,55,58,68,70,75,78,79,85,91,96,101,103,104,107,108,110,115,119,123,125,127,132,133,144,145,146,150,152,156,160,165,170,178,179,180,184,192,201,203,206,209,214,221,226,227,229,231,232,236,238,246,248,264,265,273,275,276,278,280,291,294,298,300],[5,7,8,12,13,15,16,17,21,23,24,27,36,44,49,50,51,52,56,57,61,66,67,69,72,73,74,80,83,86,88,89,92,93,95,98,99,100,102,105,106,111,112,113,117,122,126,134,135,136,137,147,151,153,155,158,159,161,164,175,176,183,188,189,195,196,198,200,212,215,217,218,223,224,225,237,239,243,245,247,249,250,253,254,257,259,270,271,274,277,279,283,284,286,287,288,290,292,295,296,297],[2,6,18,26,28,35,39,40,60,84,87,109,116,121,129,131,148,157,173,186,187,190,202,208,211,219,220,222,228,230,233,234,242,252,256,262,263,272,289,293,299]].
[[2,6,18,26,28,35,39,40,60,84,87,109,116,121,129,131,148,157,173,186,187,190,202,208,211,219,220,222,228,230,233,234,242,252,256,262,263,272,289,293,299],[3,4,11,19,22,25,29,32,33,41,43,54,59,62,63,64,65,71,76,77,81,82,90,94,97,114,118,120,124,128,130,138,139,140,141,142,143,149,154,162,163,166,167,168,169,171,172,174,177,181,182,185,191,193,194,197,199,204,205,207,210,213,216,235,240,241,244,251,255,258,260,261,266,267,268,269,281,282,285],[1,9,10,14,20,30,31,34,37,38,42,45,46,47,48,53,55,58,68,70,75,78,79,85,91,96,101,103,104,107,108,110,115,119,123,125,127,132,133,144,145,146,150,152,156,160,165,170,178,179,180,184,192,201,203,206,209,214,221,226,227,229,231,232,236,238,246,248,264,265,273,275,276,278,280,291,294,298,300]].
[[5,7,8,12,13,15,16,17,21,23,24,27,36,44,49,50,51,52,56,57,61,66,67,69,72,73,74,80,83,86,88,89,92,93,95,98,99,100,102,105,106,111,112,113,117,122,126,134,135,136,137,147,151,153,155,158,159,161,164,175,176,183,188,189,195,196,198,200,212,215,217,218,223,224,225,237,239,243,245,247,249,250,253,254,257,259,270,271,274,277,279,283,284,286,287,288,290,292,295,296,297],[1,9,10,14,20,30,31,34,37,38,42,45,46,47,48,53,55,58,68,70,75,78,79,85,91,96,101,103,104,107,108,110,115,119,123,125,127,132,133,144,145,146,150,152,156,160,165,170,178,179,180,184,192,201,203,206,209,214,221,226,227,229,231,232,236,238,246,248,264,265,273,275,276,278,280,291,294,298,300],[3,4,11,19,22,25,29,32,33,41,43,54,59,62,63,64,65,71,76,77,81,82,90,94,97,114,118,120,124,128,130,138,139,140,141,142,143,149,154,162,163,166,167,168,169,171,172,174,177,181,182,185,191,193,194,197,199,204,205,207,210,213,216,235,240,241,244,251,255,258,260,261,266,267,268,269,281,282,285]].
[[5,7,8,12,13,15,16,17,21,23,24,27,36,44,49,50,51,52,56,57,61,66,67,69,72,73,74,80,83,86,88,89,92,93,95,98,99,100,102,105,106,111,112,113,117,122,126,134,135,136,137,147,151,153,155,158,159,161,164,175,176,183,188,189,195,196,198,200,212,215,217,218,223,224,225,237,239,243,245,247,249,250,253,254,257,259,270,271,274,277,279,283,284,286,287,288,290,292,295,296,297],[1,9,10,14,20,30,31,34,37,38,42,45,46,47,48,53,55,58,68,70,75,78,79,85,91,96,101,103,104,107,108,110,115,119,123,125,127,132,133,144,145,146,150,152,156,160,165,170,178,179,180,184,192,201,203,206,209,214,221,226,227,229,231,232,236,238,246,248,264,265,273,275,276,278,280,291,294,298,300],[3,4,11,19,22,25,29,32,33,41,43,54,59,62,63,64,65,71,76,77,81,82,90,94,97,114,118,120,124,128,130,138,139,140,141,142,143,149,154,162,163,166,167,168,169,171,172,174,177,181,182,185,191,193,194,197,199,204,205,207,210,213,216,235,240,241,244,251,255,258,260,261,266,267,268,269,281,282,285]].
[[3,4,11,19,22,25,29,32,33,41,43,54,59,62,63,64,65,71,76,77,81,82,90,94,97,114,118,120,124,128,130,138,139,140,141,142,143,149,154,162,163,166,167,168,169,171,172,174,177,181,182,185,191,193,194,197,199,204,205,207,210,213,216,235,240,241,244,251,255,258,260,261,266,267,268,269,281,282,285],[2,6,18,26,28,35,39,40,60,84,87,109,116,121,129,131,148,157,173,186,187,190,202,208,211,219,220,222,228,230,233,234,242,252,256,262,263,272,289,293,299],[5,7,8,12,13,15,16,17,21,23,24,27,36,44,49,50,51,52,56,57,61,66,67,69,72,73,74,80,83,86,88,89,92,93,95,98,99,100,102,105,106,111,112,113,117,122,126,134,135,136,137,147,151,153,155,158,159,161,164,175,176,183,188,189,195,196,198,200,212,215,217,218,223,224,225,237,239,243,245,247,249,250,253,254,257,259,270,271,274,277,279,283,284,286,287,288,290,292,295,296,297]].
[[1,9,10,14,20,30,31,34,37,38,42,45,46,47,48,53,55,58,68,70,75,78,79,85,91,96,101,103,104,107,108,110,115,119,123,125,127,132,133,144,145,146,150,152,156,160,165,170,178,179,180,184,192,201,203,206,209,214,221,226,227,229,231,232,236,238,246,248,264,265,273,275,276,278,280,291,294,298,300],[5,7,8,12,13,15,16,17,21,23,24,27,36,44,49,50,51,52,56,57,61,66,67,69,72,73,74,80,83,86,88,89,92,93,95,98,99,100,102,105,106,111,112,113,117,122,126,134,135,136,137,147,151,153,155,158,159,161,164,175,176,183,188,189,195,196,198,200,212,215,217,218,223,224,225,237,239,243,245,247,249,250,253,254,257,259,270,271,274,277,279,283,284,286,287,288,290,292,295,296,297],[2,6,18,26,28,35,39,40,60,84,87,109,116,121,129,131,148,157,173,186,187,190,202,208,211,219,220,222,228,230,233,234,242,252,256,262,263,272,289,293,299]].
[[5,7,8,12,13,15,16,17,21,23,24,27,36,44,49,50,51,52,56,57,61,66,67,69,72,73,74,80,83,86,88,89,92,93,95,98,99,100,102,105,106,111,112,113,117,122,126,134,135,136,137,147,151,153,155,158,159,161,164,175,176,183,188,189,195,196,198,200,212,215,217,218,223,224,225,237,239,243,245,247,249,250,253,254,257,259,270,271,274,277,279,283,284,286,287,288,290,292,295,296,297],[1,9,10,14,20,30,31,34,37,38,42,45,46,47,48,53,55,58,68,70,75,78,79,85,91,96,101,103,104,107,108,110,115,119,123,125,127,132,133,144,145,146,150,152,156,160,165,170,178,179,180,184,192,201,203,206,209,214,221,226,227,229,231,232,236,238,246,248,264,265,273,275,276,278,280,291,294,298,300],[3,4,11,19,22,25,29,32,33,41,43,54,59,62,63,64,65,71,76,77,81,82,90,94,97,114,118,120,124,128,130,138,139,140,141,142,143,149,154,162,163,166,167,168,169,171,172,174,177,181,182,185,191,193,194,197,199,204,205,207,210,213,216,235,240,241,244,251,255,258,260,261,266,267,268,269,281,282,285]].
[[5,7,8,12,13,15,16,17,21,23,24,27,36,44,49,50,51,52,56,57,61,66,67,69,72,73,74,80,83,86,88,89,92,93,95,98,99,100,102,105,106,111,112,113,117,122,126,134,135,136,137,147,151,153,155,158,159,161,164,175,176,183,188,189,195,196,198,200,212,215,217,218,223,224,225,237,239,243,245,247,249,250,253,254,257,259,270,271,274,277,279,283,284,286,287,288,290,292,295,296,297],[1,9,10,14,20,30,31,34,37,38,42,45,46,47,48,53,55,58,68,70,75,78,79,85,91,96,101,103,104,107,108,110,115,119,123,125,127,132,133,144,145,146,150,152,156,160,165,170,178,179,180,184,192,201,203,206,209,214,221,226,227,229,231,232,236,238,246,248,264,265,273,275,276,278,280,291,294,298,300],[3,4,11,19,22,25,29,32,33,41,43,54,59,62,63,64,65,71,76,77,81,82,90,94,97,114,118,120,124,128,130,138,139,140,141,142,143,149,154,162,163,166,167,168,169,171,172,174,177,181,182,185,191,193,194,197,199,204,205,207,210,213,216,235,240,241,244,251,255,258,260,261,266,267,268,269,281,282,285]].
[[3,4,11,19,22,25,29,32,33,41,43,54,59,62,63,64,65,71,76,77,81,82,90,94,97,114,118,120,124,128,130,138,139,140,141,142,143,149,154,162,163,166,167,168,169,171,172,174,177,181,182,185,191,193,194,197,199,204,205,207,210,213,216,235,240,241,244,251,255,258,260,261,266,267,268,269,281,282,285],[2,6,18,26,28,35,39,40,60,84,87,109,116,121,129,131,148,157,173,186,187,190,202,208,211,219,220,222,228,230,233,234,242,252,256,262,263,272,289,293,299],[5,7,8,12,13,15,16,17,21,23,24,27,36,44,49,50,51,52,56,57,61,66,67,69,72,73,74,80,83,86,88,89,92,93,95,98,99,100,102,105,106,111,112,113,117,122,126,134,135,136,137,147,151,153,155,158,159,161,164,175,176,183,188,189,195,196,198,200,212,215,217,218,223,224,225,237,239,243,245,247,249,250,253,254,257,259,270,271,274,277,279,283,284,286,287,288,290,292,295,296,297]].
[[1,9,10,14,20,30,31,34,37,38,42,45,46,47,48,53,55,58,68,70,75,78,79,85,91,96,101,103,104,107,108,110,115,119,123,125,127,132,133,144,145,146,150,152,156,160,165,170,178,179,180,184,192,201,203,206,209,214,221,226,227,229,231,232,236,238,246,248,264,265,273,275,276,278,280,291,294,298,300],[5,7,8,12,13,15,16,17,21,23,24,27,36,44,49,50,51,52,56,57,61,66,67,69,72,73,74,80,83,86,88,89,92,93,95,98,99,100,102,105,106,111,112,113,117,122,126,134,135,136,137,147,151,153,155,158,159,161,164,175,176,183,188,189,195,196,198,200,212,215,217,218,223,224,225,237,239,243,245,247,249,250,253,254,257,259,270,271,274,277,279,283,284,286,287,288,290,292,295,296,297],[2,6,18,26,28,35,39,40,60,84,87,109,116,121,129,131,148,157,173,186,187,190,202,208,211,219,220,222,228,230,233,234,242,252,256,262,263,272,289,293,299]].
[[3,4,11,19,22,25,29,32,33,41,43,54,59,62,63,64,65,71,76,77,81,82,90,94,97,114,118,120,124,128,130,138,139,140,141,142,143,149,154,162,163,166,167,168,169,171,172,174,177,181,182,185,191,193,194,197,199,204,205,207,210,213,216,235,240,241,244,251,255,258,260,261,266,267,268,269,281,282,285],[2,6,18,26,28,35,39,40,60,84,87,109,116,121,129,131,148,157,173,186,187,190,202,208,211,219,220,222,228,230,233,234,242,252,256,262,263,272,289,293,299],[5,7,8,12,13,15,16,17,21,23,24,27,36,44,49,50,51,52,56,57,61,66,67,69,72,73,74,80,83,86,88,89,92,93,95,98,99,100,102,105,106,111,112,113,117,122,126,134,135,136,137,147,151,153,155,158,159,161,164,175,176,183,188,189,195,196,198,200,212,215,217,218,223,224,225,237,239,243,245,247,249,250,253,254,257,259,270,271,274,277,279,283,284,286,287,288,290,292,295,296,297]].
[[1,9,10,14,20,30,31,34,37,38,42,45,46,47,48,53,55,58,68,70,75,78,79,85,91,96,101,103,104,107,108,110,115,119,123,125,127,132,133,144,145,146,150,152,156,160,165,170,178,179,180,184,192,201,203,206,209,214,221,226,227,229,231,232,236,238,246,248,264,265,273,275,276,278,280,291,294,298,300],[5,7,8,12,13,15,16,17,21,23,24,27,36,44,49,50,51,52,56,57,61,66,67,69,72,73,74,80,83,86,88,89,92,93,95,98,99,100,102,105,106,111,112,113,117,122,126,134,135,136,137,147,151,153,155,158,159,161,164,175,176,183,188,189,195,196,198,200,212,215,217,218,223,224,225,237,239,243,245,247,249,250,253,254,257,259,270,271,274,277,279,283,284,286,287,288,290,292,295,296,297],[2,6,18,26,28,35,39,40,60,84,87,109,116,121,129,131,148,157,173,186,187,190,202,208,211,219,220,222,228,230,233,234,242,252,256,262,263,272,289,293,299]].
[[3,4,11,19,22,25,29,32,33,41,43,54,59,62,63,64,65,71,76,77,81,82,90,94,97,114,118,120,124,128,130,138,139,140,141,142,143,149,154,162,163,166,167,168,169,171,172,174,177,181,182,185,191,193,194,197,199,204,205,207,210,213,216,235,240,241,244,251,255,258,260,261,266,267,268,269,281,282,285],[2,6,18,26,28,35,39,40,60,84,87,109,116,121,129,131,148,157,173,186,187,190,202,208,211,219,220,222,228,230,233,234,242,252,256,262,263,272,289,293,299],[5,7,8,12,13,15,16,17,21,23,24,27,36,44,49,50,51,52,56,57,61,66,67,69,72,73,74,80,83,86,88,89,92,93,95,98,99,100,102,105,106,111,112,113,117,122,126,134,135,136,137,147,151,153,155,158,159,161,164,175,176,183,188,189,195,196,198,200,212,215,217,218,223,224,225,237,239,243,245,247,249,250,253,254,257,259,270,271,274,277,279,283,284,286,287,288,290,292,295,296,297]].
[[3,4,11,19,22,25,29,32,33,41,43,54,59,62,63,64,65,71,76,77,81,82,90,94,97,114,118,120,124,128,130,138,139,140,141,142,143,149,154,162,163,166,167,168,169,171,172,174,177,181,182,185,191,193,194,197,199,204,205,207,210,213,216,235,240,241,244,251,255,258,260,261,266,267,268,269,281,282,285],[2,6,18,26,28,35,39,40,60,84,87,109,116,121,129,131,148,157,173,186,187,190,202,208,211,219,220,222,228,230,233,234,242,252,256,262,263,272,289,293,299],[5,7,8,12,13,15,16,17,21,23,24,27,36,44,49,50,51,52,56,57,61,66,67,69,72,73,74,80,83,86,88,89,92,93,95,98,99,100,102,105,106,111,112,113,117,122,126,134,135,136,137,147,151,153,155,158,159,161,164,175,176,183,188,189,195,196,198,200,212,215,217,218,223,224,225,237,239,243,245,247,249,250,253,254,257,259,270,271,274,277,279,283,284,286,287,288,290,292,295,296,297]].
[[2,6,18,26,28,35,39,40,60,84,87,109,116,121,129,131,148,157,173,186,187,190,202,208,211,219,220,222,228,230,233,234,242,252,256,262,263,272,289,293,299],[3,4,11,19,22,25,29,32,33,41,43,54,59,62,63,64,65,71,76,77,81,82,90,94,97,114,118,120,124,128,130,138,139,140,141,142,143,149,154,162,163,166,167,168,169,171,172,174,177,181,182,185,191,193,194,197,199,204,205,207,210,213,216,235,240,241,244,251,255,258,260,261,266,267,268,269,281,282,285],[1,9,10,14,20,30,31,34,37,38,42,45,46,47,48,53,55,58,68,70,75,78,79,85,91,96,101,103,104,107,108,110,115,119,123,125,127,132,133,144,145,146,150,152,156,160,165,170,178,179,180,184,192,201,203,206,209,214,221,226,227,229,231,232,236,238,246,248,264,265,273,275,276,278,280,291,294,298,300]].
[[3,4,11,19,22,25,29,32,33,41,43,54,59,62,63,64,65,71,76,77,81,82,90,94,97,114,118,120,124,128,130,138,139,140,141,142,143,149,154,162,163,166,167,168,169,171,172,174,177,181,182,185,191,193,194,197,199,204,205,207,210,213,216,235,240,241,244,251,255,258,260,261,266,267,268,269,281,282,285],[2,6,18,26,28,35,39,40,60,84,87,109,116,121,129,131,148,157,173,186,187,190,202,208,211,219,220,222,228,230,233,234,242,252,256,262,263,272,289,293,299],[5,7,8,12,13,15,16,17,21,23,24,27,36,44,49,50,51,52,56,57,61,66,67,69,72,73,74,80,83,86,88,89,92,93,95,98,99,100,102,105,106,111,112,113,117,122,126,134,135,136,137,147,151,153,155,158,159,161,164,175,176,183,188,189,195,196,198,200,212,215,217,218,223,224,225,237,239,243,245,247,249,250,253,254,257,259,270,271,274,277,279,283,284,286,287,288,290,292,295,296,297]].
[[2,6,18,26,28,35,39,40,60,84,87,109,116,121,129,131,148,157,173,186,187,190,202,208,211,219,220,222,228,230,233,234,242,252,256,262,263,272,289,293,299],[3,4,11,19,22,25,29,32,33,41,43,54,59,62,63,64,65,71,76,77,81,82,90,94,97,114,118,120,124,128,130,138,139,140,141,142,143,149,154,162,163,166,167,168,169,171,172,174,177,181,182,185,191,193,194,197,199,204,205,207,210,213,216,235,240,241,244,251,255,258,260,261,266,267,268,269,281,282,285],[1,9,10,14,20,30,31,34,37,38,42,45,46,47,48,53,55,58,68,70,75,78,79,85,91,96,101,103,104,107,108,110,115,119,123,125,127,132,133,144,145,146,150,152,156,160,165,170,178,179,180,184,192,201,203,206,209,214,221,226,227,229,231,232,236,238,246,248,264,265,273,275,276,278,280,291,294,298,300]].
[[5,7,8,12,13,15,16,17,21,23,24,27,36,44,49,50,51,52,56,57,61,66,67,69,72,73,74,80,83,86,88,89,92,93,95,98,99,100,102,105,106,111,112,113,117,122,126,134,135,136,137,147,151,153,155,158,159,161,164,175,176,183,188,189,195,196,198,200,212,215,217,218,223,224,225,237,239,243,245,247,249,250,253,254,257,259,270,271,274,277,279,283,284,286,287,288,290,292,295,296,297],[1,9,10,14,20,30,31,34,37,38,42,45,46,47,48,53,55,58,68,70,75,78,79,85,91,96,101,103,104,107,108,110,115,119,123,125,127,132,133,144,145,146,150,152,156,160,165,170,178,179,180,184,192,201,203,206,209,214,221,226,227,229,231,232,236,238,246,248,264,265,273,275,276,278,280,291,294,298,300],[3,4,11,19,22,25,29,32,33,41,43,54,59,62,63,64,65,71,76,77,81,82,90,94,97,114,118,120,124,128,130,138,139,140,141,142,143,149,154,162,163,166,167,168,169,171,172,174,177,181,182,185,191,193,194,197,199,204,205,207,210,213,216,235,240,241,244,251,255,258,260,261,266,267,268,269,281,282,285]].
[[2,6,18,26,28,35,39,40,60,84,87,109,116,121,129,131,148,157,173,186,187,190,202,208,211,219,220,222,228,230,233,234,242,252,256,262,263,272,289,293,299],[3,4,11,19,22,25,29,32,33,41,43,54,59,62,63,64,65,71,76,77,81,82,90,94,97,114,118,120,124,128,130,138,139,140,141,142,143,149,154,162,163,166,167,168,169,171,172,174,177,181,182,185,191,193,194,197,199,204,205,207,210,213,216,235,240,241,244,251,255,258,260,261,266,267,268,269,281,282,285],[1,9,10,14,20,30,31,34,37,38,42,45,46,47,48,53,55,58,68,70,75,78,79,85,91,96,101,103,104,107,108,110,115,119,123,125,127,132,133,144,145,146,150,152,156,160,165,170,178,179,180,184,192,201,203,206,209,214,221,226,227,229,231,232,236,238,246,248,264,265,273,275,276,278,280,291,294,298,300]].
[[2,6,18,26,28,35,39,40,60,84,87,109,116,121,129,131,148,157,173,186,187,190,202,208,211,219,220,222,228,230,233,234,242,252,256,262,263,272,289,293,299],[3,4,11,19,22,25,29,32,33,41,43,54,59,62,63,64,65,71,76,77,81,82,90,94,97,114,118,120,124,128,130,138,139,140,141,142,143,149,154,162,163,166,167,168,169,171,172,174,177,181,182,185,191,193,194,197,199,204,205,207,210,213,216,235,240,241,244,251,255,258,260,261,266,267,268,269,281,282,285],[1,9,10,14,20,30,31,34,37,38,42,45,46,47,48,53,55,58,68,70,75,78,79,85,91,96,101,103,104,107,108,110,115,119,123,125,127,132,133,144,145,146,150,152,156,160,165,170,178,179,180,184,192,201,203,206,209,214,221,226,227,229,231,232,236,238,246,248,264,265,273,275,276,278,280,291,294,298,300]].
[[2,6,18,26,28,35,39,40,60,84,87,109,116,121,129,131,148,157,173,186,187,190,202,208,211,219,220,222,228,230,233,234,242,252,256,262,263,272,289,293,299],[3,4,11,19,22,25,29,32,33,41,43,54,59,62,63,64,65,71,76,77,81,82,90,94,97,114,118,120,124,128,130,138,139,140,141,142,143,149,154,162,163,166,167,168,169,171,172,174,177,181,182,185,191,193,194,197,199,204,205,207,210,213,216,235,240,241,244,251,255,258,260,261,266,267,268,269,281,282,285],[1,9,10,14,20,30,31,34,37,38,42,45,46,47,48,53,55,58,68,70,75,78,79,85,91,96,101,103,104,107,108,110,115,119,123,125,127,132,133,144,145,146,150,152,156,160,165,170,178,179,180,184,192,201,203,206,209,214,221,226,227,229,231,232,236,238,246,248,264,265,273,275,276,278,280,291,294,298,300]].
[[1,9,10,14,20,30,31,34,37,38,42,45,46,47,48,53,55,58,68,70,75,78,79,85,91,96,101,103,104,107,108,110,115,119,123,125,127,132,133,144,145,146,150,152,156,160,165,170,178,179,180,184,192,201,203,206,209,214,221,226,227,229,231,232,236,238,246,248,264,265,273,275,276,278,280,291,294,298,300],[5,7,8,12,13,15,16,17,21,23,24,27,36,44,49,50,51,52,56,57,61,66,67,69,72,73,74,80,83,86,88,89,92,93,95,98,99,100,102,105,106,111,112,113,117,122,126,134,135,136,137,147,151,153,155,158,159,161,164,175,176,183,188,189,195,196,198,200,212,215,217,218,223,224,225,237,239,243,245,247,249,250,253,254,257,259,270,271,274,277,279,283,284,286,287,288,290,292,295,296,297],[2,6,18,26,28,35,39,40,60,84,87,109,116,121,129,131,148,157,173,186,187,190,202,208,211,219,220,222,228,230,233,234,242,252,256,262,263,272,289,293,299]].
[[1,9,10,14,20,30,31,34,37,38,42,45,46,47,48,53,55,58,68,70,75,78,79,85,91,96,101,103,104,107,108,110,115,119,123,125,127,132,133,144,145,146,150,152,156,160,165,170,178,179,180,184,192,201,203,206,209,214,221,226,227,229,231,232,236,238,246,248,264,265,273,275,276,278,280,291,294,298,300],[5,7,8,12,13,15,16,17,21,23,24,27,36,44,49,50,51,52,56,57,61,66,67,69,72,73,74,80,83,86,88,89,92,93,95,98,99,100,102,105,106,111,112,113,117,122,126,134,135,136,137,147,151,153,155,158,159,161,164,175,176,183,188,189,195,196,198,200,212,215,217,218,223,224,225,237,239,243,245,247,249,250,253,254,257,259,270,271,274,277,279,283,284,286,287,288,290,292,295,296,297],[2,6,18,26,28,35,39,40,60,84,87,109,116,121,129,131,148,157,173,186,187,190,202,208,211,219,220,222,228,230,233,234,242,252,256,262,263,272,289,293,299]].
[[1,9,10,14,20,30,31,34,37,38,42,45,46,47,48,53,55,58,68,70,75,78,79,85,91,96,101,103,104,107,108,110,115,119,123,125,127,132,133,144,145,146,150,152,156,160,165,170,178,179,180,184,192,201,203,206,209,214,221,226,227,229,231,232,236,238,246,248,264,265,273,275,276,278,280,291,294,298,300],[5,7,8,12,13,15,16,17,21,23,24,27,36,44,49,50,51,52,56,57,61,66,67,69,72,73,74,80,83,86,88,89,92,93,95,98,99,100,102,105,106,111,112,113,117,122,126,134,135,136,137,147,151,153,155,158,159,161,164,175,176,183,188,189,195,196,198,200,212,215,217,218,223,224,225,237,239,243,245,247,249,250,253,254,257,259,270,271,274,277,279,283,284,286,287,288,290,292,295,296,297],[2,6,18,26,28,35,39,40,60,84,87,109,116,121,129,131,148,157,173,186,187,190,202,208,211,219,220,222,228,230,233,234,242,252,256,262,263,272,289,293,299]].
[[1,9,10,14,20,30,31,34,37,38,42,45,46,47,48,53,55,58,68,70,75,78,79,85,91,96,101,103,104,107,108,110,115,119,123,125,127,132,133,144,145,146,150,152,156,160,165,170,178,179,180,184,192,201,203,206,209,214,221,226,227,229,231,232,236,238,246,248,264,265,273,275,276,278,280,291,294,298,300],[5,7,8,12,13,15,16,17,21,23,24,27,36,44,49,50,51,52,56,57,61,66,67,69,72,73,74,80,83,86,88,89,92,93,95,98,99,100,102,105,106,111,112,113,117,122,126,134,135,136,137,147,151,153,155,158,159,161,164,175,176,183,188,189,195,196,198,200,212,215,217,218,223,224,225,237,239,243,245,247,249,250,253,254,257,259,270,271,274,277,279,283,284,286,287,288,290,292,295,296,297],[2,6,18,26,28,35,39,40,60,84,87,109,116,121,129,131,148,157,173,186,187,190,202,208,211,219,220,222,228,230,233,234,242,252,256,262,263,272,289,293,299]].
[[3,4,11,19,22,25,29,32,33,41,43,54,59,62,63,64,65,71,76,77,81,82,90,94,97,114,118,120,124,128,130,138,139,140,141,142,143,149,154,162,163,166,167,168,169,171,172,174,177,181,182,185,191,193,194,197,199,204,205,207,210,213,216,235,240,241,244,251,255,258,260,261,266,267,268,269,281,282,285],[2,6,18,26,28,35,39,40,60,84,87,109,116,121,129,131,148,157,173,186,187,190,202,208,211,219,220,222,228,230,233,234,242,252,256,262,263,272,289,293,299],[5,7,8,12,13,15,16,17,21,23,24,27,36,44,49,50,51,52,56,57,61,66,67,69,72,73,74,80,83,86,88,89,92,93,95,98,99,100,102,105,106,111,112,113,117,122,126,134,135,136,137,147,151,153,155,158,159,161,164,175,176,183,188,189,195,196,198,200,212,215,217,218,223,224,225,237,239,243,245,247,249,250,253,254,257,259,270,271,274,277,279,283,284,286,287,288,290,292,295,296,297]].
[[3,4,11,19,22,25,29,32,33,41,43,54,59,62,63,64,65,71,76,77,81,82,90,94,97,114,118,120,124,128,130,138,139,140,141,142,143,149,154,162,163,166,167,168,169,171,172,174,177,181,182,185,191,193,194,197,199,204,205,207,210,213,216,235,240,241,244,251,255,258,260,261,266,267,268,269,281,282,285],[2,6,18,26,28,35,39,40,60,84,87,109,116,121,129,131,148,157,173,186,187,190,202,208,211,219,220,222,228,230,233,234,242,252,256,262,263,272,289,293,299],[5,7,8,12,13,15,16,17,21,23,24,27,36,44,49,50,51,52,56,57,61,66,67,69,72,73,74,80,83,86,88,89,92,93,95,98,99,100,102,105,106,111,112,113,117,122,126,134,135,136,137,147,151,153,155,158,159,161,164,175,176,183,188,189,195,196,198,200,212,215,217,218,223,224,225,237,239,243,245,247,249,250,253,254,257,259,270,271,274,277,279,283,284,286,287,288,290,292,295,296,297]].
[[1,9,10,14,20,30,31,34,37,38,42,45,46,47,48,53,55,58,68,70,75,78,79,85,91,96,101,103,104,107,108,110,115,119,123,125,127,132,133,144,145,146,150,152,156,160,165,170,178,179,180,184,192,201,203,206,209,214,221,226,227,229,231,232,236,238,246,248,264,265,273,275,276,278,280,291,294,298,300],[5,7,8,12,13,15,16,17,21,23,24,27,36,44,49,50,51,52,56,57,61,66,67,69,72,73,74,80,83,86,88,89,92,93,95,98,99,100,102,105,106,111,112,113,117,122,126,134,135,136,137,147,151,153,155,158,159,161,164,175,176,183,188,189,195,196,198,200,212,215,217,218,223,224,225,237,239,243,245,247,249,250,253,254,257,259,270,271,274,277,279,283,284,286,287,288,290,292,295,296,297],[2,6,18,26,28,35,39,40,60,84,87,109,116,121,129,131,148,157,173,186,187,190,202,208,211,219,220,222,228,230,233,234,242,252,256,262,263,272,289,293,299]].
[[1,9,10,14,20,30,31,34,37,38,42,45,46,47,48,53,55,58,68,70,75,78,79,85,91,96,101,103,104,107,108,110,115,119,123,125,127,132,133,144,145,146,150,152,156,160,165,170,178,179,180,184,192,201,203,206,209,214,221,226,227,229,231,232,236,238,246,248,264,265,273,275,276,278,280,291,294,298,300],[5,7,8,12,13,15,16,17,21,23,24,27,36,44,49,50,51,52,56,57,61,66,67,69,72,73,74,80,83,86,88,89,92,93,95,98,99,100,102,105,106,111,112,113,117,122,126,134,135,136,137,147,151,153,155,158,159,161,164,175,176,183,188,189,195,196,198,200,212,215,217,218,223,224,225,237,239,243,245,247,249,250,253,254,257,259,270,271,274,277,279,283,284,286,287,288,290,292,295,296,297],[2,6,18,26,28,35,39,40,60,84,87,109,116,121,129,131,148,157,173,186,187,190,202,208,211,219,220,222,228,230,233,234,242,252,256,262,263,272,289,293,299]].
[[2,6,18,26,28,35,39,40,60,84,87,109,116,121,129,131,148,157,173,186,187,190,202,208,211,219,220,222,228,230,233,234,242,252,256,262,263,272,289,293,299],[3,4,11,19,22,25,29,32,33,41,43,54,59,62,63,64,65,71,76,77,81,82,90,94,97,114,118,120,124,128,130,138,139,140,141,142,143,149,154,162,163,166,167,168,169,171,172,174,177,181,182,185,191,193,194,197,199,204,205,207,210,213,216,235,240,241,244,251,255,258,260,261,266,267,268,269,281,282,285],[1,9,10,14,20,30,31,34,37,38,42,45,46,47,48,53,55,58,68,70,75,78,79,85,91,96,101,103,104,107,108,110,115,119,123,125,127,132,133,144,145,146,150,152,156,160,165,170,178,179,180,184,192,201,203,206,209,214,221,226,227,229,231,232,236,238,246,248,264,265,273,275,276,278,280,291,294,298,300]].
[[2,6,18,26,28,35,39,40,60,84,87,109,116,121,129,131,148,157,173,186,187,190,202,208,211,219,220,222,228,230,233,234,242,252,256,262,263,272,289,293,299],[3,4,11,19,22,25,29,32,33,41,43,54,59,62,63,64,65,71,76,77,81,82,90,94,97,114,118,120,124,128,130,138,139,140,141,142,143,149,154,162,163,166,167,168,169,171,172,174,177,181,182,185,191,193,194,197,199,204,205,207,210,213,216,235,240,241,244,251,255,258,260,261,266,267,268,269,281,282,285],[1,9,10,14,20,30,31,34,37,38,42,45,46,47,48,53,55,58,68,70,75,78,79,85,91,96,101,103,104,107,108,110,115,119,123,125,127,132,133,144,145,146,150,152,156,160,165,170,178,179,180,184,192,201,203,206,209,214,221,226,227,229,231,232,236,238,246,248,264,265,273,275,276,278,280,291,294,298,300]].
[[2,6,18,26,28,35,39,40,60,84,87,109,116,121,129,131,148,157,173,186,187,190,202,208,211,219,220,222,228,230,233,234,242,252,256,262,263,272,289,293,299],[3,4,11,19,22,25,29,32,33,41,43,54,59,62,63,64,65,71,76,77,81,82,90,94,97,114,118,120,124,128,130,138,139,140,141,142,143,149,154,162,163,166,167,168,169,171,172,174,177,181,182,185,191,193,194,197,199,204,205,207,210,213,216,235,240,241,244,251,255,258,260,261,266,267,268,269,281,282,285],[1,9,10,14,20,30,31,34,37,38,42,45,46,47,48,53,55,58,68,70,75,78,79,85,91,96,101,103,104,107,108,110,115,119,123,125,127,132,133,144,145,146,150,152,156,160,165,170,178,179,180,184,192,201,203,206,209,214,221,226,227,229,231,232,236,238,246,248,264,265,273,275,276,278,280,291,294,298,300]].
[[1,9,10,14,20,30,31,34,37,38,42,45,46,47,48,53,55,58,68,70,75,78,79,85,91,96,101,103,104,107,108,110,115,119,123,125,127,132,133,144,145,146,150,152,156,160,165,170,178,179,180,184,192,201,203,206,209,214,221,226,227,229,231,232,236,238,246,248,264,265,273,275,276,278,280,291,294,298,300],[5,7,8,12,13,15,16,17,21,23,24,27,36,44,49,50,51,52,56,57,61,66,67,69,72,73,74,80,83,86,88,89,92,93,95,98,99,100,102,105,106,111,112,113,117,122,126,134,135,136,137,147,151,153,155,158,159,161,164,175,176,183,188,189,195,196,198,200,212,215,217,218,223,224,225,237,239,243,245,247,249,250,253,254,257,259,270,271,274,277,279,283,284,286,287,288,290,292,295,296,297],[2,6,18,26,28,35,39,40,60,84,87,109,116,121,129,131,148,157,173,186,187,190,202,208,211,219,220,222,228,230,233,234,242,252,256,262,263,272,289,293,299]].
[[3,4,11,19,22,25,29,32,33,41,43,54,59,62,63,64,65,71,76,77,81,82,90,94,97,114,118,120,124,128,130,138,139,140,141,142,143,149,154,162,163,166,167,168,169,171,172,174,177,181,182,185,191,193,194,197,199,204,205,207,210,213,216,235,240,241,244,251,255,258,260,261,266,267,268,269,281,282,285],[2,6,18,26,28,35,39,40,60,84,87,109,116,121,129,131,148,157,173,186,187,190,202,208,211,219,220,222,228,230,233,234,242,252,256,262,263,272,289,293,299],[5,7,8,12,13,15,16,17,21,23,24,27,36,44,49,50,51,52,56,57,61,66,67,69,72,73,74,80,83,86,88,89,92,93,95,98,99,100,102,105,106,111,112,113,117,122,126,134,135,136,137,147,151,153,155,158,159,161,164,175,176,183,188,189,195,196,198,200,212,215,217,218,223,224,225,237,239,243,245,247,249,250,253,254,257,259,270,271,274,277,279,283,284,286,287,288,290,292,295,296,297]].
[[3,4,11,19,22,25,29,32,33,41,43,54,59,62,63,64,65,71,76,77,81,82,90,94,97,114,118,120,124,128,130,138,139,140,141,142,143,149,154,162,163,166,167,168,169,171,172,174,177,181,182,185,191,193,194,197,199,204,205,207,210,213,216,235,240,241,244,251,255,258,260,261,266,267,268,269,281,282,285],[2,6,18,26,28,35,39,40,60,84,87,109,116,121,129,131,148,157,173,186,187,190,202,208,211,219,220,222,228,230,233,234,242,252,256,262,263,272,289,293,299],[5,7,8,12,13,15,16,17,21,23,24,27,36,44,49,50,51,52,56,57,61,66,67,69,72,73,74,80,83,86,88,89,92,93,95,98,99,100,102,105,106,111,112,113,117,122,126,134,135,136,137,147,151,153,155,158,159,161,164,175,176,183,188,189,195,196,198,200,212,215,217,218,223,224,225,237,239,243,245,247,249,250,253,254,257,259,270,271,274,277,279,283,284,286,287,288,290,292,295,296,297]].
[[1,9,10,14,20,30,31,34,37,38,42,45,46,47,48,53,55,58,68,70,75,78,79,85,91,96,101,103,104,107,108,110,115,119,123,125,127,132,133,144,145,146,150,152,156,160,165,170,178,179,180,184,192,201,203,206,209,214,221,226,227,229,231,232,236,238,246,248,264,265,273,275,276,278,280,291,294,298,300],[5,7,8,12,13,15,16,17,21,23,24,27,36,44,49,50,51,52,56,57,61,66,67,69,72,73,74,80,83,86,88,89,92,93,95,98,99,100,102,105,106,111,112,113,117,122,126,134,135,136,137,147,151,153,155,158,159,161,164,175,176,183,188,189,195,196,198,200,212,215,217,218,223,224,225,237,239,243,245,247,249,250,253,254,257,259,270,271,274,277,279,283,284,286,287,288,290,292,295,296,297],[2,6,18,26,28,35,39,40,60,84,87,109,116,121,129,131,148,157,173,186,187,190,202,208,211,219,220,222,228,230,233,234,242,252,256,262,263,272,289,293,299]].
[[3,4,11,19,22,25,29,32,33,41,43,54,59,62,63,64,65,71,76,77,81,82,90,94,97,114,118,120,124,128,130,138,139,140,141,142,143,149,154,162,163,166,167,168,169,171,172,174,177,181,182,185,191,193,194,197,199,204,205,207,210,213,216,235,240,241,244,251,255,258,260,261,266,267,268,269,281,282,285],[2,6,18,26,28,35,39,40,60,84,87,109,116,121,129,131,148,157,173,186,187,190,202,208,211,219,220,222,228,230,233,234,242,252,256,262,263,272,289,293,299],[5,7,8,12,13,15,16,17,21,23,24,27,36,44,49,50,51,52,56,57,61,66,67,69,72,73,74,80,83,86,88,89,92,93,95,98,99,100,102,105,106,111,112,113,117,122,126,134,135,136,137,147,151,153,155,158,159,161,164,175,176,183,188,189,195,196,198,200,212,215,217,218,223,224,225,237,239,243,245,247,249,250,253,254,257,259,270,271,274,277,279,283,284,286,287,288,290,292,295,296,297]].
[[5,7,8,12,13,15,16,17,21,23,24,27,36,44,49,50,51,52,56,57,61,66,67,69,72,73,74,80,83,86,88,89,92,93,95,98,99,100,102,105,106,111,112,113,117,122,126,134,135,136,137,147,151,153,155,158,159,161,164,175,176,183,188,189,195,196,198,200,212,215,217,218,223,224,225,237,239,243,245,247,249,250,253,254,257,259,270,271,274,277,279,283,284,286,287,288,290,292,295,296,297],[1,9,10,14,20,30,31,34,37,38,42,45,46,47,48,53,55,58,68,70,75,78,79,85,91,96,101,103,104,107,108,110,115,119,123,125,127,132,133,144,145,146,150,152,156,160,165,170,178,179,180,184,192,201,203,206,209,214,221,226,227,229,231,232,236,238,246,248,264,265,273,275,276,278,280,291,294,298,300],[3,4,11,19,22,25,29,32,33,41,43,54,59,62,63,64,65,71,76,77,81,82,90,94,97,114,118,120,124,128,130,138,139,140,141,142,143,149,154,162,163,166,167,168,169,171,172,174,177,181,182,185,191,193,194,197,199,204,205,207,210,213,216,235,240,241,244,251,255,258,260,261,266,267,268,269,281,282,285]].
[[2,6,18,26,28,35,39,40,60,84,87,109,116,121,129,131,148,157,173,186,187,190,202,208,211,219,220,222,228,230,233,234,242,252,256,262,263,272,289,293,299],[3,4,11,19,22,25,29,32,33,41,43,54,59,62,63,64,65,71,76,77,81,82,90,94,97,114,118,120,124,128,130,138,139,140,141,142,143,149,154,162,163,166,167,168,169,171,172,174,177,181,182,185,191,193,194,197,199,204,205,207,210,213,216,235,240,241,244,251,255,258,260,261,266,267,268,269,281,282,285],[1,9,10,14,20,30,31,34,37,38,42,45,46,47,48,53,55,58,68,70,75,78,79,85,91,96,101,103,104,107,108,110,115,119,123,125,127,132,133,144,145,146,150,152,156,160,165,170,178,179,180,184,192,201,203,206,209,214,221,226,227,229,231,232,236,238,246,248,264,265,273,275,276,278,280,291,294,298,300]].
[[3,4,11,19,22,25,29,32,33,41,43,54,59,62,63,64,65,71,76,77,81,82,90,94,97,114,118,120,124,128,130,138,139,140,141,142,143,149,154,162,163,166,167,168,169,171,172,174,177,181,182,185,191,193,194,197,199,204,205,207,210,213,216,235,240,241,244,251,255,258,260,261,266,267,268,269,281,282,285],[2,6,18,26,28,35,39,40,60,84,87,109,116,121,129,131,148,157,173,186,187,190,202,208,211,219,220,222,228,230,233,234,242,252,256,262,263,272,289,293,299],[5,7,8,12,13,15,16,17,21,23,24,27,36,44,49,50,51,52,56,57,61,66,67,69,72,73,74,80,83,86,88,89,92,93,95,98,99,100,102,105,106,111,112,113,117,122,126,134,135,136,137,147,151,153,155,158,159,161,164,175,176,183,188,189,195,196,198,200,212,215,217,218,223,224,225,237,239,243,245,247,249,250,253,254,257,259,270,271,274,277,279,283,284,286,287,288,290,292,295,296,297]].
[[2,6,18,26,28,35,39,40,60,84,87,109,116,121,129,131,148,157,173,186,187,190,202,208,211,219,220,222,228,230,233,234,242,252,256,262,263,272,289,293,299],[3,4,11,19,22,25,29,32,33,41,43,54,59,62,63,64,65,71,76,77,81,82,90,94,97,114,118,120,124,128,130,138,139,140,141,142,143,149,154,162,163,166,167,168,169,171,172,174,177,181,182,185,191,193,194,197,199,204,205,207,210,213,216,235,240,241,244,251,255,258,260,261,266,267,268,269,281,282,285],[1,9,10,14,20,30,31,34,37,38,42,45,46,47,48,53,55,58,68,70,75,78,79,85,91,96,101,103,104,107,108,110,115,119,123,125,127,132,133,144,145,146,150,152,156,160,165,170,178,179,180,184,192,201,203,206,209,214,221,226,227,229,231,232,236,238,246,248,264,265,273,275,276,278,280,291,294,298,300]].
[[5,7,8,12,13,15,16,17,21,23,24,27,36,44,49,50,51,52,56,57,61,66,67,69,72,73,74,80,83,86,88,89,92,93,95,98,99,100,102,105,106,111,112,113,117,122,126,134,135,136,137,147,151,153,155,158,159,161,164,175,176,183,188,189,195,196,198,200,212,215,217,218,223,224,225,237,239,243,245,247,249,250,253,254,257,259,270,271,274,277,279,283,284,286,287,288,290,292,295,296,297],[1,9,10,14,20,30,31,34,37,38,42,45,46,47,48,53,55,58,68,70,75,78,79,85,91,96,101,103,104,107,108,110,115,119,123,125,127,132,133,144,145,146,150,152,156,160,165,170,178,179,180,184,192,201,203,206,209,214,221,226,227,229,231,232,236,238,246,248,264,265,273,275,276,278,280,291,294,298,300],[3,4,11,19,22,25,29,32,33,41,43,54,59,62,63,64,65,71,76,77,81,82,90,94,97,114,118,120,124,128,130,138,139,140,141,142,143,149,154,162,163,166,167,168,169,171,172,174,177,181,182,185,191,193,194,197,199,204,205,207,210,213,216,235,240,241,244,251,255,258,260,261,266,267,268,269,281,282,285]].
[[2,6,18,26,28,35,39,40,60,84,87,109,116,121,129,131,148,157,173,186,187,190,202,208,211,219,220,222,228,230,233,234,242,252,256,262,263,272,289,293,299],[3,4,11,19,22,25,29,32,33,41,43,54,59,62,63,64,65,71,76,77,81,82,90,94,97,114,118,120,124,128,130,138,139,140,141,142,143,149,154,162,163,166,167,168,169,171,172,174,177,181,182,185,191,193,194,197,199,204,205,207,210,213,216,235,240,241,244,251,255,258,260,261,266,267,268,269,281,282,285],[1,9,10,14,20,30,31,34,37,38,42,45,46,47,48,53,55,58,68,70,75,78,79,85,91,96,101,103,104,107,108,110,115,119,123,125,127,132,133,144,145,146,150,152,156,160,165,170,178,179,180,184,192,201,203,206,209,214,221,226,227,229,231,232,236,238,246,248,264,265,273,275,276,278,280,291,294,298,300]].
[[1,9,10,14,20,30,31,34,37,38,42,45,46,47,48,53,55,58,68,70,75,78,79,85,91,96,101,103,104,107,108,110,115,119,123,125,127,132,133,144,145,146,150,152,156,160,165,170,178,179,180,184,192,201,203,206,209,214,221,226,227,229,231,232,236,238,246,248,264,265,273,275,276,278,280,291,294,298,300],[5,7,8,12,13,15,16,17,21,23,24,27,36,44,49,50,51,52,56,57,61,66,67,69,72,73,74,80,83,86,88,89,92,93,95,98,99,100,102,105,106,111,112,113,117,122,126,134,135,136,137,147,151,153,155,158,159,161,164,175,176,183,188,189,195,196,198,200,212,215,217,218,223,224,225,237,239,243,245,247,249,250,253,254,257,259,270,271,274,277,279,283,284,286,287,288,290,292,295,296,297],[2,6,18,26,28,35,39,40,60,84,87,109,116,121,129,131,148,157,173,186,187,190,202,208,211,219,220,222,228,230,233,234,242,252,256,262,263,272,289,293,299]].
[[1,9,10,14,20,30,31,34,37,38,42,45,46,47,48,53,55,58,68,70,75,78,79,85,91,96,101,103,104,107,108,110,115,119,123,125,127,132,133,144,145,146,150,152,156,160,165,170,178,179,180,184,192,201,203,206,209,214,221,226,227,229,231,232,236,238,246,248,264,265,273,275,276,278,280,291,294,298,300],[5,7,8,12,13,15,16,17,21,23,24,27,36,44,49,50,51,52,56,57,61,66,67,69,72,73,74,80,83,86,88,89,92,93,95,98,99,100,102,105,106,111,112,113,117,122,126,134,135,136,137,147,151,153,155,158,159,161,164,175,176,183,188,189,195,196,198,200,212,215,217,218,223,224,225,237,239,243,245,247,249,250,253,254,257,259,270,271,274,277,279,283,284,286,287,288,290,292,295,296,297],[2,6,18,26,28,35,39,40,60,84,87,109,116,121,129,131,148,157,173,186,187,190,202,208,211,219,220,222,228,230,233,234,242,252,256,262,263,272,289,293,299]].
