[[8,10,14,16,18,26,29,31,34,42,46,58,82,86,88,91,93,96,99,100,122,128,137,139,146,155,161,165,167,171,176,178,188,191,197,198,201,204,214,220,230,241,260,274,278,283,286,287,291,299],[2,3,4,23,38,40,43,48,50,53,55,56,57,61,63,64,72,74,77,79,81,83,87,90,97,102,108,110,112,124,125,126,138,150,151,158,159,160,164,169,175,179,181,183,192,193,194,199,205,207,218,224,227,240,243,249,250,251,253,255,258,262,264,265,269,273,282,284,285,290],[12,13,15,17,21,22,25,27,35,37,52,59,65,70,71,76,80,92,98,101,103,105,117,118,119,120,121,123,127,140,145,148,152,153,173,174,177,184,189,190,202,206,211,212,213,219,221,226,233,235,236,245,246,247,252,254,256,259,261,266,267,271,272,276,277,281,294,296,297,298]].
[[12,13,15,17,21,22,25,27,35,37,52,59,65,70,71,76,80,92,98,101,103,105,117,118,119,120,121,123,127,140,145,148,152,153,173,174,177,184,189,190,202,206,211,212,213,219,221,226,233,235,236,245,246,247,252,254,256,259,261,266,267,271,272,276,277,281,294,296,297,298],[1,5,6,7,9,11,19,20,24,28,30,32,33,36,39,41,44,45,47,49,51,54,60,62,66,67,68,69,73,75,78,84,85,89,94,95,104,106,107,109,111,113,114,115,116,129,130,131,132,133,134,135,136,141,142,143,144,147,149,154,156,157,162,163,166,168,170,172,180,182,185,186,187,195,196,200,203,208,209,210,215,216,217,222,223,225,228,229,231,232,234,237,238,239,242,244,248,257,263,268,270,275,279,280,288,289,292,293,295,300],[8,10,14,16,18,26,29,31,34,42,46,58,82,86,88,91,93,96,99,100,122,128,137,139,146,155,161,165,167,171,176,178,188,191,197,198,201,204,214,220,230,241,260,274,278,283,286,287,291,299]].
[[1,5,6,7,9,11,19,20,24,28,30,32,33,36,39,41,44,45,47,49,51,54,60,62,66,67,68,69,73,75,78,84,85,89,94,95,104,106,107,109,111,113,114,115,116,129,130,131,132,133,134,135,136,141,142,143,144,147,149,154,156,157,162,163,166,168,170,172,180,182,185,186,187,195,196,200,203,208,209,210,215,216,217,222,223,225,228,229,231,232,234,237,238,239,242,244,248,257,263,268,270,275,279,280,288,289,292,293,295,300],[12,13,15,17,21,22,25,27,35,37,52,59,65,70,71,76,80,92,98,101,103,105,117,118,119,120,121,123,127,140,145,148,152,153,173,174,177,184,189,190,202,206,211,212,213,219,221,226,233,235,236,245,246,247,252,254,256,259,261,266,267,271,272,276,277,281,294,296,297,298],[2,3,4,23,38,40,43,48,50,53,55,56,57,61,63,64,72,74,77,79,81,83,87,90,97,102,108,110,112,124,125,126,138,150,151,158,159,160,164,169,175,179,181,183,192,193,194,199,205,207,218,224,227,240,243,249,250,251,253,255,258,262,264,265,269,273,282,284,285,290]].
[[12,13,15,17,21,22,25,27,35,37,52,59,65,70,71,76,80,92,98,101,103,105,117,118,119,120,121,123,127,140,145,148,152,153,173,174,177,184,189,190,202,206,211,212,213,219,221,226,233,235,236,245,246,247,252,254,256,259,261,266,267,271,272,276,277,281,294,296,297,298],[1,5,6,7,9,11,19,20,24,28,30,32,33,36,39,41,44,45,47,49,51,54,60,62,66,67,68,69,73,75,78,84,85,89,94,95,104,106,107,109,111,113,114,115,116,129,130,131,132,133,134,135,136,141,142,143,144,147,149,154,156,157,162,163,166,168,170,172,180,182,185,186,187,195,196,200,203,208,209,210,215,216,217,222,223,225,228,229,231,232,234,237,238,239,242,244,248,257,263,268,270,275,279,280,288,289,292,293,295,300],[8,10,14,16,18,26,29,31,34,42,46,58,82,86,88,91,93,96,99,100,122,128,137,139,146,155,161,165,167,171,176,178,188,191,197,198,201,204,214,220,230,241,260,274,278,283,286,287,291,299]].
[[12,13,15,17,21,22,25,27,35,37,52,59,65,70,71,76,80,92,98,101,103,105,117,118,119,120,121,123,127,140,145,148,152,153,173,174,177,184,189,190,202,206,211,212,213,219,221,226,233,235,236,245,246,247,252,254,256,259,261,266,267,271,272,276,277,281,294,296,297,298],[1,5,6,7,9,11,19,20,24,28,30,32,33,36,39,41,44,45,47,49,51,54,60,62,66,67,68,69,73,75,78,84,85,89,94,95,104,106,107,109,111,113,114,115,116,129,130,131,132,133,134,135,136,141,142,143,144,147,149,154,156,157,162,163,166,168,170,172,180,182,185,186,187,195,196,200,203,208,209,210,215,216,217,222,223,225,228,229,231,232,234,237,238,239,242,244,248,257,263,268,270,275,279,280,288,289,292,293,295,300],[8,10,14,16,18,26,29,31,34,42,46,58,82,86,88,91,93,96,99,100,122,128,137,139,146,155,161,165,167,171,176,178,188,191,197,198,201,204,214,220,230,241,260,274,278,283,286,287,291,299]].
[[1,5,6,7,9,11,19,20,24,28,30,32,33,36,39,41,44,45,47,49,51,54,60,62,66,67,68,69,73,75,78,84,85,89,94,95,104,106,107,109,111,113,114,115,116,129,130,131,132,133,134,135,136,141,142,143,144,147,149,154,156,157,162,163,166,168,170,172,180,182,185,186,187,195,196,200,203,208,209,210,215,216,217,222,223,225,228,229,231,232,234,237,238,239,242,244,248,257,263,268,270,275,279,280,288,289,292,293,295,300],[12,13,15,17,21,22,25,27,35,37,52,59,65,70,71,76,80,92,98,101,103,105,117,118,119,120,121,123,127,140,145,148,152,153,173,174,177,184,189,190,202,206,211,212,213,219,221,226,233,235,236,245,246,247,252,254,256,259,261,266,267,271,272,276,277,281,294,296,297,298],[2,3,4,23,38,40,43,48,50,53,55,56,57,61,63,64,72,74,77,79,81,83,87,90,97,102,108,110,112,124,125,126,138,150,151,158,159,160,164,169,175,179,181,183,192,193,194,199,205,207,218,224,227,240,243,249,250,251,253,255,258,262,264,265,269,273,282,284,285,290]].
[[1,5,6,7,9,11,19,20,24,28,30,32,33,36,39,41,44,45,47,49,51,54,60,62,66,67,68,69,73,75,78,84,85,89,94,95,104,106,107,109,111,113,114,115,116,129,130,131,132,133,134,135,136,141,142,143,144,147,149,154,156,157,162,163,166,168,170,172,180,182,185,186,187,195,196,200,203,208,209,210,215,216,217,222,223,225,228,229,231,232,234,237,238,239,242,244,248,257,263,268,270,275,279,280,288,289,292,293,295,300],[12,13,15,17,21,22,25,27,35,37,52,59,65,70,71,76,80,92,98,101,103,105,117,118,119,120,121,123,127,140,145,148,152,153,173,174,177,184,189,190,202,206,211,212,213,219,221,226,233,235,236,245,246,247,252,254,256,259,261,266,267,271,272,276,277,281,294,296,297,298],[2,3,4,23,38,40,43,48,50,53,55,56,57,61,63,64,72,74,77,79,81,83,87,90,97,102,108,110,112,124,125,126,138,150,151,158,159,160,164,169,175,179,181,183,192,193,194,199,205,207,218,224,227,240,243,249,250,251,253,255,258,262,264,265,269,273,282,284,285,290]].
[[2,3,4,23,38,40,43,48,50,53,55,56,57,61,63,64,72,74,77,79,81,83,87,90,97,102,108,110,112,124,125,126,138,150,151,158,159,160,164,169,175,179,181,183,192,193,194,199,205,207,218,224,227,240,243,249,250,251,253,255,258,262,264,265,269,273,282,284,285,290],[8,10,14,16,18,26,29,31,34,42,46,58,82,86,88,91,93,96,99,100,122,128,137,139,146,155,161,165,167,171,176,178,188,191,197,198,201,204,214,220,230,241,260,274,278,283,286,287,291,299],[1,5,6,7,9,11,19,20,24,28,30,32,33,36,39,41,44,45,47,49,51,54,60,62,66,67,68,69,73,75,78,84,85,89,94,95,104,106,107,109,111,113,114,115,116,129,130,131,132,133,134,135,136,141,142,143,144,147,149,154,156,157,162,163,166,168,170,172,180,182,185,186,187,195,196,200,203,208,209,210,215,216,217,222,223,225,228,229,231,232,234,237,238,239,242,244,248,257,263,268,270,275,279,280,288,289,292,293,295,300]].
[[12,13,15,17,21,22,25,27,35,37,52,59,65,70,71,76,80,92,98,101,103,105,117,118,119,120,121,123,127,140,145,148,152,153,173,174,177,184,189,190,202,206,211,212,213,219,221,226,233,235,236,245,246,247,252,254,256,259,261,266,267,271,272,276,277,281,294,296,297,298],[1,5,6,7,9,11,19,20,24,28,30,32,33,36,39,41,44,45,47,49,51,54,60,62,66,67,68,69,73,75,78,84,85,89,94,95,104,106,107,109,111,113,114,115,116,129,130,131,132,133,134,135,136,141,142,143,144,147,149,154,156,157,162,163,166,168,170,172,180,182,185,186,187,195,196,200,203,208,209,210,215,216,217,222,223,225,228,229,231,232,234,237,238,239,242,244,248,257,263,268,270,275,279,280,288,289,292,293,295,300],[8,10,14,16,18,26,29,31,34,42,46,58,82,86,88,91,93,96,99,100,122,128,137,139,146,155,161,165,167,171,176,178,188,191,197,198,201,204,214,220,230,241,260,274,278,283,286,287,291,299]].
[[2,3,4,23,38,40,43,48,50,53,55,56,57,61,63,64,72,74,77,79,81,83,87,90,97,102,108,110,112,124,125,126,138,150,151,158,159,160,164,169,175,179,181,183,192,193,194,199,205,207,218,224,227,240,243,249,250,251,253,255,258,262,264,265,269,273,282,284,285,290],[8,10,14,16,18,26,29,31,34,42,46,58,82,86,88,91,93,96,99,100,122,128,137,139,146,155,161,165,167,171,176,178,188,191,197,198,201,204,214,220,230,241,260,274,278,283,286,287,291,299],[1,5,6,7,9,11,19,20,24,28,30,32,33,36,39,41,44,45,47,49,51,54,60,62,66,67,68,69,73,75,78,84,85,89,94,95,104,106,107,109,111,113,114,115,116,129,130,131,132,133,134,135,136,141,142,143,144,147,149,154,156,157,162,163,166,168,170,172,180,182,185,186,187,195,196,200,203,208,209,210,215,216,217,222,223,225,228,229,231,232,234,237,238,239,242,244,248,257,263,268,270,275,279,280,288,289,292,293,295,300]].
[[2,3,4,23,38,40,43,48,50,53,55,56,57,61,63,64,72,74,77,79,81,83,87,90,97,102,108,110,112,124,125,126,138,150,151,158,159,160,164,169,175,179,181,183,192,193,194,199,205,207,218,224,227,240,243,249,250,251,253,255,258,262,264,265,269,273,282,284,285,290],[8,10,14,16,18,26,29,31,34,42,46,58,82,86,88,91,93,96,99,100,122,128,137,139,146,155,161,165,167,171,176,178,188,191,197,198,201,204,214,220,230,241,260,274,278,283,286,287,291,299],[1,5,6,7,9,11,19,20,24,28,30,32,33,36,39,41,44,45,47,49,51,54,60,62,66,67,68,69,73,75,78,84,85,89,94,95,104,106,107,109,111,113,114,115,116,129,130,131,132,133,134,135,136,141,142,143,144,147,149,154,156,157,162,163,166,168,170,172,180,182,185,186,187,195,196,200,203,208,209,210,215,216,217,222,223,225,228,229,231,232,234,237,238,239,242,244,248,257,263,268,270,275,279,280,288,289,292,293,295,300]].
[[12,13,15,17,21,22,25,27,35,37,52,59,65,70,71,76,80,92,98,101,103,105,117,118,119,120,121,123,127,140,145,148,152,153,173,174,177,184,189,190,202,206,211,212,213,219,221,226,233,235,236,245,246,247,252,254,256,259,261,266,267,271,272,276,277,281,294,296,297,298],[1,5,6,7,9,11,19,20,24,28,30,32,33,36,39,41,44,45,47,49,51,54,60,62,66,67,68,69,73,75,78,84,85,89,94,95,104,106,107,109,111,113,114,115,116,129,130,131,132,133,134,135,136,141,142,143,144,147,149,154,156,157,162,163,166,168,170,172,180,182,185,186,187,195,196,200,203,208,209,210,215,216,217,222,223,225,228,229,231,232,234,237,238,239,242,244,248,257,263,268,270,275,279,280,288,289,292,293,295,300],[8,10,14,16,18,26,29,31,34,42,46,58,82,86,88,91,93,96,99,100,122,128,137,139,146,155,161,165,167,171,176,178,188,191,197,198,201,204,214,220,230,241,260,274,278,283,286,287,291,299]].
[[2,3,4,23,38,40,43,48,50,53,55,56,57,61,63,64,72,74,77,79,81,83,87,90,97,102,108,110,112,124,125,126,138,150,151,158,159,160,164,169,175,179,181,183,192,193,194,199,205,207,218,224,227,240,243,249,250,251,253,255,258,262,264,265,269,273,282,284,285,290],[8,10,14,16,18,26,29,31,34,42,46,58,82,86,88,91,93,96,99,100,122,128,137,139,146,155,161,165,167,171,176,178,188,191,197,198,201,204,214,220,230,241,260,274,278,283,286,287,291,299],[1,5,6,7,9,11,19,20,24,28,30,32,33,36,39,41,44,45,47,49,51,54,60,62,66,67,68,69,73,75,78,84,85,89,94,95,104,106,107,109,111,113,114,115,116,129,130,131,132,133,134,135,136,141,142,143,144,147,149,154,156,157,162,163,166,168,170,172,180,182,185,186,187,195,196,200,203,208,209,210,215,216,217,222,223,225,228,229,231,232,234,237,238,239,242,244,248,257,263,268,270,275,279,280,288,289,292,293,295,300]].
[[8,10,14,16,18,26,29,31,34,42,46,58,82,86,88,91,93,96,99,100,122,128,137,139,146,155,161,165,167,171,176,178,188,191,197,198,201,204,214,220,230,241,260,274,278,283,286,287,291,299],[2,3,4,23,38,40,43,48,50,53,55,56,57,61,63,64,72,74,77,79,81,83,87,90,97,102,108,110,112,124,125,126,138,150,151,158,159,160,164,169,175,179,181,183,192,193,194,199,205,207,218,224,227,240,243,249,250,251,253,255,258,262,264,265,269,273,282,284,285,290],[12,13,15,17,21,22,25,27,35,37,52,59,65,70,71,76,80,92,98,101,103,105,117,118,119,120,121,123,127,140,145,148,152,153,173,174,177,184,189,190,202,206,211,212,213,219,221,226,233,235,236,245,246,247,252,254,256,259,261,266,267,271,272,276,277,281,294,296,297,298]].
[[12,13,15,17,21,22,25,27,35,37,52,59,65,70,71,76,80,92,98,101,103,105,117,118,119,120,121,123,127,140,145,148,152,153,173,174,177,184,189,190,202,206,211,212,213,219,221,226,233,235,236,245,246,247,252,254,256,259,261,266,267,271,272,276,277,281,294,296,297,298],[1,5,6,7,9,11,19,20,24,28,30,32,33,36,39,41,44,45,47,49,51,54,60,62,66,67,68,69,73,75,78,84,85,89,94,95,104,106,107,109,111,113,114,115,116,129,130,131,132,133,134,135,136,141,142,143,144,147,149,154,156,157,162,163,166,168,170,172,180,182,185,186,187,195,196,200,203,208,209,210,215,216,217,222,223,225,228,229,231,232,234,237,238,239,242,244,248,257,263,268,270,275,279,280,288,289,292,293,295,300],[8,10,14,16,18,26,29,31,34,42,46,58,82,86,88,91,93,96,99,100,122,128,137,139,146,155,161,165,167,171,176,178,188,191,197,198,201,204,214,220,230,241,260,274,278,283,286,287,291,299]].
[[12,13,15,17,21,22,25,27,35,37,52,59,65,70,71,76,80,92,98,101,103,105,117,118,119,120,121,123,127,140,145,148,152,153,173,174,177,184,189,190,202,206,211,212,213,219,221,226,233,235,236,245,246,247,252,254,256,259,261,266,267,271,272,276,277,281,294,296,297,298],[1,5,6,7,9,11,19,20,24,28,30,32,33,36,39,41,44,45,47,49,51,54,60,62,66,67,68,69,73,75,78,84,85,89,94,95,104,106,107,109,111,113,114,115,116,129,130,131,132,133,134,135,136,141,142,143,144,147,149,154,156,157,162,163,166,168,170,172,180,182,185,186,187,195,196,200,203,208,209,210,215,216,217,222,223,225,228,229,231,232,234,237,238,239,242,244,248,257,263,268,270,275,279,280,288,289,292,293,295,300],[8,10,14,16,18,26,29,31,34,42,46,58,82,86,88,91,93,96,99,100,122,128,137,139,146,155,161,165,167,171,176,178,188,191,197,198,201,204,214,220,230,241,260,274,278,283,286,287,291,299]].
[[8,10,14,16,18,26,29,31,34,42,46,58,82,86,88,91,93,96,99,100,122,128,137,139,146,155,161,165,167,171,176,178,188,191,197,198,201,204,214,220,230,241,260,274,278,283,286,287,291,299],[2,3,4,23,38,40,43,48,50,53,55,56,57,61,63,64,72,74,77,79,81,83,87,90,97,102,108,110,112,124,125,126,138,150,151,158,159,160,164,169,175,179,181,183,192,193,194,199,205,207,218,224,227,240,243,249,250,251,253,255,258,262,264,265,269,273,282,284,285,290],[12,13,15,17,21,22,25,27,35,37,52,59,65,70,71,76,80,92,98,101,103,105,117,118,119,120,121,123,127,140,145,148,152,153,173,174,177,184,189,190,202,206,211,212,213,219,221,226,233,235,236,245,246,247,252,254,256,259,261,266,267,271,272,276,277,281,294,296,297,298]].
[[8,10,14,16,18,26,29,31,34,42,46,58,82,86,88,91,93,96,99,100,122,128,137,139,146,155,161,165,167,171,176,178,188,191,197,198,201,204,214,220,230,241,260,274,278,283,286,287,291,299],[2,3,4,23,38,40,43,48,50,53,55,56,57,61,63,64,72,74,77,79,81,83,87,90,97,102,108,110,112,124,125,126,138,150,151,158,159,160,164,169,175,179,181,183,192,193,194,199,205,207,218,224,227,240,243,249,250,251,253,255,258,262,264,265,269,273,282,284,285,290],[12,13,15,17,21,22,25,27,35,37,52,59,65,70,71,76,80,92,98,101,103,105,117,118,119,120,121,123,127,140,145,148,152,153,173,174,177,184,189,190,202,206,211,212,213,219,221,226,233,235,236,245,246,247,252,254,256,259,261,266,267,271,272,276,277,281,294,296,297,298]].
[[12,13,15,17,21,22,25,27,35,37,52,59,65,70,71,76,80,92,98,101,103,105,117,118,119,120,121,123,127,140,145,148,152,153,173,174,177,184,189,190,202,206,211,212,213,219,221,226,233,235,236,245,246,247,252,254,256,259,261,266,267,271,272,276,277,281,294,296,297,298],[1,5,6,7,9,11,19,20,24,28,30,32,33,36,39,41,44,45,47,49,51,54,60,62,66,67,68,69,73,75,78,84,85,89,94,95,104,106,107,109,111,113,114,115,116,129,130,131,132,133,134,135,136,141,142,143,144,147,149,154,156,157,162,163,166,168,170,172,180,182,185,186,187,195,196,200,203,208,209,210,215,216,217,222,223,225,228,229,231,232,234,237,238,239,242,244,248,257,263,268,270,275,279,280,288,289,292,293,295,300],[8,10,14,16,18,26,29,31,34,42,46,58,82,86,88,91,93,96,99,100,122,128,137,139,146,155,161,165,167,171,176,178,188,191,197,198,201,204,214,220,230,241,260,274,278,283,286,287,291,299]].
[[12,13,15,17,21,22,25,27,35,37,52,59,65,70,71,76,80,92,98,101,103,105,117,118,119,120,121,123,127,140,145,148,152,153,173,174,177,184,189,190,202,206,211,212,213,219,221,226,233,235,236,245,246,247,252,254,256,259,261,266,267,271,272,276,277,281,294,296,297,298],[1,5,6,7,9,11,19,20,24,28,30,32,33,36,39,41,44,45,47,49,51,54,60,62,66,67,68,69,73,75,78,84,85,89,94,95,104,106,107,109,111,113,114,115,116,129,130,131,132,133,134,135,136,141,142,143,144,147,149,154,156,157,162,163,166,168,170,172,180,182,185,186,187,195,196,200,203,208,209,210,215,216,217,222,223,225,228,229,231,232,234,237,238,239,242,244,248,257,263,268,270,275,279,280,288,289,292,293,295,300],[8,10,14,16,18,26,29,31,34,42,46,58,82,86,88,91,93,96,99,100,122,128,137,139,146,155,161,165,167,171,176,178,188,191,197,198,201,204,214,220,230,241,260,274,278,283,286,287,291,299]].
[[1,5,6,7,9,11,19,20,24,28,30,32,33,36,39,41,44,45,47,49,51,54,60,62,66,67,68,69,73,75,78,84,85,89,94,95,104,106,107,109,111,113,114,115,116,129,130,131,132,133,134,135,136,141,142,143,144,147,149,154,156,157,162,163,166,168,170,172,180,182,185,186,187,195,196,200,203,208,209,210,215,216,217,222,223,225,228,229,231,232,234,237,238,239,242,244,248,257,263,268,270,275,279,280,288,289,292,293,295,300],[12,13,15,17,21,22,25,27,35,37,52,59,65,70,71,76,80,92,98,101,103,105,117,118,119,120,121,123,127,140,145,148,152,153,173,174,177,184,189,190,202,206,211,212,213,219,221,226,233,235,236,245,246,247,252,254,256,259,261,266,267,271,272,276,277,281,294,296,297,298],[2,3,4,23,38,40,43,48,50,53,55,56,57,61,63,64,72,74,77,79,81,83,87,90,97,102,108,110,112,124,125,126,138,150,151,158,159,160,164,169,175,179,181,183,192,193,194,199,205,207,218,224,227,240,243,249,250,251,253,255,258,262,264,265,269,273,282,284,285,290]].
[[1,5,6,7,9,11,19,20,24,28,30,32,33,36,39,41,44,45,47,49,51,54,60,62,66,67,68,69,73,75,78,84,85,89,94,95,104,106,107,109,111,113,114,115,116,129,130,131,132,133,134,135,136,141,142,143,144,147,149,154,156,157,162,163,166,168,170,172,180,182,185,186,187,195,196,200,203,208,209,210,215,216,217,222,223,225,228,229,231,232,234,237,238,239,242,244,248,257,263,268,270,275,279,280,288,289,292,293,295,300],[12,13,15,17,21,22,25,27,35,37,52,59,65,70,71,76,80,92,98,101,103,105,117,118,119,120,121,123,127,140,145,148,152,153,173,174,177,184,189,190,202,206,211,212,213,219,221,226,233,235,236,245,246,247,252,254,256,259,261,266,267,271,272,276,277,281,294,296,297,298],[2,3,4,23,38,40,43,48,50,53,55,56,57,61,63,64,72,74,77,79,81,83,87,90,97,102,108,110,112,124,125,126,138,150,151,158,159,160,164,169,175,179,181,183,192,193,194,199,205,207,218,224,227,240,243,249,250,251,253,255,258,262,264,265,269,273,282,284,285,290]].
[[12,13,15,17,21,22,25,27,35,37,52,59,65,70,71,76,80,92,98,101,103,105,117,118,119,120,121,123,127,140,145,148,152,153,173,174,177,184,189,190,202,206,211,212,213,219,221,226,233,235,236,245,246,247,252,254,256,259,261,266,267,271,272,276,277,281,294,296,297,298],[1,5,6,7,9,11,19,20,24,28,30,32,33,36,39,41,44,45,47,49,51,54,60,62,66,67,68,69,73,75,78,84,85,89,94,95,104,106,107,109,111,113,114,115,116,129,130,131,132,133,134,135,136,141,142,143,144,147,149,154,156,157,162,163,166,168,170,172,180,182,185,186,187,195,196,200,203,208,209,210,215,216,217,222,223,225,228,229,231,232,234,237,238,239,242,244,248,257,263,268,270,275,279,280,288,289,292,293,295,300],[8,10,14,16,18,26,29,31,34,42,46,58,82,86,88,91,93,96,99,100,122,128,137,139,146,155,161,165,167,171,176,178,188,191,197,198,201,204,214,220,230,241,260,274,278,283,286,287,291,299]].
[[2,3,4,23,38,40,43,48,50,53,55,56,57,61,63,64,72,74,77,79,81,83,87,90,97,102,108,110,112,124,125,126,138,150,151,158,159,160,164,169,175,179,181,183,192,193,194,199,205,207,218,224,227,240,243,249,250,251,253,255,258,262,264,265,269,273,282,284,285,290],[8,10,14,16,18,26,29,31,34,42,46,58,82,86,88,91,93,96,99,100,122,128,137,139,146,155,161,165,167,171,176,178,188,191,197,198,201,204,214,220,230,241,260,274,278,283,286,287,291,299],[1,5,6,7,9,11,19,20,24,28,30,32,33,36,39,41,44,45,47,49,51,54,60,62,66,67,68,69,73,75,78,84,85,89,94,95,104,106,107,109,111,113,114,115,116,129,130,131,132,133,134,135,136,141,142,143,144,147,149,154,156,157,162,163,166,168,170,172,180,182,185,186,187,195,196,200,203,208,209,210,215,216,217,222,223,225,228,229,231,232,234,237,238,239,242,244,248,257,263,268,270,275,279,280,288,289,292,293,295,300]].
[[8,10,14,16,18,26,29,31,34,42,46,58,82,86,88,91,93,96,99,100,122,128,137,139,146,155,161,165,167,171,176,178,188,191,197,198,201,204,214,220,230,241,260,274,278,283,286,287,291,299],[2,3,4,23,38,40,43,48,50,53,55,56,57,61,63,64,72,74,77,79,81,83,87,90,97,102,108,110,112,124,125,126,138,150,151,158,159,160,164,169,175,179,181,183,192,193,194,199,205,207,218,224,227,240,243,249,250,251,253,255,258,262,264,265,269,273,282,284,285,290],[12,13,15,17,21,22,25,27,35,37,52,59,65,70,71,76,80,92,98,101,103,105,117,118,119,120,121,123,127,140,145,148,152,153,173,174,177,184,189,190,202,206,211,212,213,219,221,226,233,235,236,245,246,247,252,254,256,259,261,266,267,271,272,276,277,281,294,296,297,298]].
[[1,5,6,7,9,11,19,20,24,28,30,32,33,36,39,41,44,45,47,49,51,54,60,62,66,67,68,69,73,75,78,84,85,89,94,95,104,106,107,109,111,113,114,115,116,129,130,131,132,133,134,135,136,141,142,143,144,147,149,154,156,157,162,163,166,168,170,172,180,182,185,186,187,195,196,200,203,208,209,210,215,216,217,222,223,225,228,229,231,232,234,237,238,239,242,244,248,257,263,268,270,275,279,280,288,289,292,293,295,300],[12,13,15,17,21,22,25,27,35,37,52,59,65,70,71,76,80,92,98,101,103,105,117,118,119,120,121,123,127,140,145,148,152,153,173,174,177,184,189,190,202,206,211,212,213,219,221,226,233,235,236,245,246,247,252,254,256,259,261,266,267,271,272,276,277,281,294,296,297,298],[2,3,4,23,38,40,43,48,50,53,55,56,57,61,63,64,72,74,77,79,81,83,87,90,97,102,108,110,112,124,125,126,138,150,151,158,159,160,164,169,175,179,181,183,192,193,194,199,205,207,218,224,227,240,243,249,250,251,253,255,258,262,264,265,269,273,282,284,285,290]].
[[8,10,14,16,18,26,29,31,34,42,46,58,82,86,88,91,93,96,99,100,122,128,137,139,146,155,161,165,167,171,176,178,188,191,197,198,201,204,214,220,230,241,260,274,278,283,286,287,291,299],[2,3,4,23,38,40,43,48,50,53,55,56,57,61,63,64,72,74,77,79,81,83,87,90,97,102,108,110,112,124,125,126,138,150,151,158,159,160,164,169,175,179,181,183,192,193,194,199,205,207,218,224,227,240,243,249,250,251,253,255,258,262,264,265,269,273,282,284,285,290],[12,13,15,17,21,22,25,27,35,37,52,59,65,70,71,76,80,92,98,101,103,105,117,118,119,120,121,123,127,140,145,148,152,153,173,174,177,184,189,190,202,206,211,212,213,219,221,226,233,235,236,245,246,247,252,254,256,259,261,266,267,271,272,276,277,281,294,296,297,298]].
[[8,10,14,16,18,26,29,31,34,42,46,58,82,86,88,91,93,96,99,100,122,128,137,139,146,155,161,165,167,171,176,178,188,191,197,198,201,204,214,220,230,241,260,274,278,283,286,287,291,299],[2,3,4,23,38,40,43,48,50,53,55,56,57,61,63,64,72,74,77,79,81,83,87,90,97,102,108,110,112,124,125,126,138,150,151,158,159,160,164,169,175,179,181,183,192,193,194,199,205,207,218,224,227,240,243,249,250,251,253,255,258,262,264,265,269,273,282,284,285,290],[12,13,15,17,21,22,25,27,35,37,52,59,65,70,71,76,80,92,98,101,103,105,117,118,119,120,121,123,127,140,145,148,152,153,173,174,177,184,189,190,202,206,211,212,213,219,221,226,233,235,236,245,246,247,252,254,256,259,261,266,267,271,272,276,277,281,294,296,297,298]].
[[1,5,6,7,9,11,19,20,24,28,30,32,33,36,39,41,44,45,47,49,51,54,60,62,66,67,68,69,73,75,78,84,85,89,94,95,104,106,107,109,111,113,114,115,116,129,130,131,132,133,134,135,136,141,142,143,144,147,149,154,156,157,162,163,166,168,170,172,180,182,185,186,187,195,196,200,203,208,209,210,215,216,217,222,223,225,228,229,231,232,234,237,238,239,242,244,248,257,263,268,270,275,279,280,288,289,292,293,295,300],[12,13,15,17,21,22,25,27,35,37,52,59,65,70,71,76,80,92,98,101,103,105,117,118,119,120,121,123,127,140,145,148,152,153,173,174,177,184,189,190,202,206,211,212,213,219,221,226,233,235,236,245,246,247,252,254,256,259,261,266,267,271,272,276,277,281,294,296,297,298],[2,3,4,23,38,40,43,48,50,53,55,56,57,61,63,64,72,74,77,79,81,83,87,90,97,102,108,110,112,124,125,126,138,150,151,158,159,160,164,169,175,179,181,183,192,193,194,199,205,207,218,224,227,240,243,249,250,251,253,255,258,262,264,265,269,273,282,284,285,290]].
[[2,3,4,23,38,40,43,48,50,53,55,56,57,61,63,64,72,74,77,79,81,83,87,90,97,102,108,110,112,124,125,126,138,150,151,158,159,160,164,169,175,179,181,183,192,193,194,199,205,207,218,224,227,240,243,249,250,251,253,255,258,262,264,265,269,273,282,284,285,290],[8,10,14,16,18,26,29,31,34,42,46,58,82,86,88,91,93,96,99,100,122,128,137,139,146,155,161,165,167,171,176,178,188,191,197,198,201,204,214,220,230,241,260,274,278,283,286,287,291,299],[1,5,6,7,9,11,19,20,24,28,30,32,33,36,39,41,44,45,47,49,51,54,60,62,66,67,68,69,73,75,78,84,85,89,94,95,104,106,107,109,111,113,114,115,116,129,130,131,132,133,134,135,136,141,142,143,144,147,149,154,156,157,162,163,166,168,170,172,180,182,185,186,187,195,196,200,203,208,209,210,215,216,217,222,223,225,228,229,231,232,234,237,238,239,242,244,248,257,263,268,270,275,279,280,288,289,292,293,295,300]].
[[8,10,14,16,18,26,29,31,34,42,46,58,82,86,88,91,93,96,99,100,122,128,137,139,146,155,161,165,167,171,176,178,188,191,197,198,201,204,214,220,230,241,260,274,278,283,286,287,291,299],[2,3,4,23,38,40,43,48,50,53,55,56,57,61,63,64,72,74,77,79,81,83,87,90,97,102,108,110,112,124,125,126,138,150,151,158,159,160,164,169,175,179,181,183,192,193,194,199,205,207,218,224,227,240,243,249,250,251,253,255,258,262,264,265,269,273,282,284,285,290],[12,13,15,17,21,22,25,27,35,37,52,59,65,70,71,76,80,92,98,101,103,105,117,118,119,120,121,123,127,140,145,148,152,153,173,174,177,184,189,190,202,206,211,212,213,219,221,226,233,235,236,245,246,247,252,254,256,259,261,266,267,271,272,276,277,281,294,296,297,298]].
[[2,3,4,23,38,40,43,48,50,53,55,56,57,61,63,64,72,74,77,79,81,83,87,90,97,102,108,110,112,124,125,126,138,150,151,158,159,160,164,169,175,179,181,183,192,193,194,199,205,207,218,224,227,240,243,249,250,251,253,255,258,262,264,265,269,273,282,284,285,290],[8,10,14,16,18,26,29,31,34,42,46,58,82,86,88,91,93,96,99,100,122,128,137,139,146,155,161,165,167,171,176,178,188,191,197,198,201,204,214,220,230,241,260,274,278,283,286,287,291,299],[1,5,6,7,9,11,19,20,24,28,30,32,33,36,39,41,44,45,47,49,51,54,60,62,66,67,68,69,73,75,78,84,85,89,94,95,104,106,107,109,111,113,114,115,116,129,130,131,132,133,134,135,136,141,142,143,144,147,149,154,156,157,162,163,166,168,170,172,180,182,185,186,187,195,196,200,203,208,209,210,215,216,217,222,223,225,228,229,231,232,234,237,238,239,242,244,248,257,263,268,270,275,279,280,288,289,292,293,295,300]].
[[2,3,4,23,38,40,43,48,50,53,55,56,57,61,63,64,72,74,77,79,81,83,87,90,97,102,108,110,112,124,125,126,138,150,151,158,159,160,164,169,175,179,181,183,192,193,194,199,205,207,218,224,227,240,243,249,250,251,253,255,258,262,264,265,269,273,282,284,285,290],[8,10,14,16,18,26,29,31,34,42,46,58,82,86,88,91,93,96,99,100,122,128,137,139,146,155,161,165,167,171,176,178,188,191,197,198,201,204,214,220,230,241,260,274,278,283,286,287,291,299],[1,5,6,7,9,11,19,20,24,28,30,32,33,36,39,41,44,45,47,49,51,54,60,62,66,67,68,69,73,75,78,84,85,89,94,95,104,106,107,109,111,113,114,115,116,129,130,131,132,133,134,135,136,141,142,143,144,147,149,154,156,157,162,163,166,168,170,172,180,182,185,186,187,195,196,200,203,208,209,210,215,216,217,222,223,225,228,229,231,232,234,237,238,239,242,244,248,257,263,268,270,275,279,280,288,289,292,293,295,300]].
[[1,5,6,7,9,11,19,20,24,28,30,32,33,36,39,41,44,45,47,49,51,54,60,62,66,67,68,69,73,75,78,84,85,89,94,95,104,106,107,109,111,113,114,115,116,129,130,131,132,133,134,135,136,141,142,143,144,147,149,154,156,157,162,163,166,168,170,172,180,182,185,186,187,195,196,200,203,208,209,210,215,216,217,222,223,225,228,229,231,232,234,237,238,239,242,244,248,257,263,268,270,275,279,280,288,289,292,293,295,300],[12,13,15,17,21,22,25,27,35,37,52,59,65,70,71,76,80,92,98,101,103,105,117,118,119,120,121,123,127,140,145,148,152,153,173,174,177,184,189,190,202,206,211,212,213,219,221,226,233,235,236,245,246,247,252,254,256,259,261,266,267,271,272,276,277,281,294,296,297,298],[2,3,4,23,38,40,43,48,50,53,55,56,57,61,63,64,72,74,77,79,81,83,87,90,97,102,108,110,112,124,125,126,138,150,151,158,159,160,164,169,175,179,181,183,192,193,194,199,205,207,218,224,227,240,243,249,250,251,253,255,258,262,264,265,269,273,282,284,285,290]].
[[2,3,4,23,38,40,43,48,50,53,55,56,57,61,63,64,72,74,77,79,81,83,87,90,97,102,108,110,112,124,125,126,138,150,151,158,159,160,164,169,175,179,181,183,192,193,194,199,205,207,218,224,227,240,243,249,250,251,253,255,258,262,264,265,269,273,282,284,285,290],[8,10,14,16,18,26,29,31,34,42,46,58,82,86,88,91,93,96,99,100,122,128,137,139,146,155,161,165,167,171,176,178,188,191,197,198,201,204,214,220,230,241,260,274,278,283,286,287,291,299],[1,5,6,7,9,11,19,20,24,28,30,32,33,36,39,41,44,45,47,49,51,54,60,62,66,67,68,69,73,75,78,84,85,89,94,95,104,106,107,109,111,113,114,115,116,129,130,131,132,133,134,135,136,141,142,143,144,147,149,154,156,157,162,163,166,168,170,172,180,182,185,186,187,195,196,200,203,208,209,210,215,216,217,222,223,225,228,229,231,232,234,237,238,239,242,244,248,257,263,268,270,275,279,280,288,289,292,293,295,300]].
[[12,13,15,17,21,22,25,27,35,37,52,59,65,70,71,76,80,92,98,101,103,105,117,118,119,120,121,123,127,140,145,148,152,153,173,174,177,184,189,190,202,206,211,212,213,219,221,226,233,235,236,245,246,247,252,254,256,259,261,266,267,271,272,276,277,281,294,296,297,298],[1,5,6,7,9,11,19,20,24,28,30,32,33,36,39,41,44,45,47,49,51,54,60,62,66,67,68,69,73,75,78,84,85,89,94,95,104,106,107,109,111,113,114,115,116,129,130,131,132,133,134,135,136,141,142,143,144,147,149,154,156,157,162,163,166,168,170,172,180,182,185,186,187,195,196,200,203,208,209,210,215,216,217,222,223,225,228,229,231,232,234,237,238,239,242,244,248,257,263,268,270,275,279,280,288,289,292,293,295,300],[8,10,14,16,18,26,29,31,34,42,46,58,82,86,88,91,93,96,99,100,122,128,137,139,146,155,161,165,167,171,176,178,188,191,197,198,201,204,214,220,230,241,260,274,278,283,286,287,291,299]].
[[8,10,14,16,18,26,29,31,34,42,46,58,82,86,88,91,93,96,99,100,122,128,137,139,146,155,161,165,167,171,176,178,188,191,197,198,201,204,214,220,230,241,260,274,278,283,286,287,291,299],[2,3,4,23,38,40,43,48,50,53,55,56,57,61,63,64,72,74,77,79,81,83,87,90,97,102,108,110,112,124,125,126,138,150,151,158,159,160,164,169,175,179,181,183,192,193,194,199,205,207,218,224,227,240,243,249,250,251,253,255,258,262,264,265,269,273,282,284,285,290],[12,13,15,17,21,22,25,27,35,37,52,59,65,70,71,76,80,92,98,101,103,105,117,118,119,120,121,123,127,140,145,148,152,153,173,174,177,184,189,190,202,206,211,212,213,219,221,226,233,235,236,245,246,247,252,254,256,259,261,266,267,271,272,276,277,281,294,296,297,298]].
[[12,13,15,17,21,22,25,27,35,37,52,59,65,70,71,76,80,92,98,101,103,105,117,118,119,120,121,123,127,140,145,148,152,153,173,174,177,184,189,190,202,206,211,212,213,219,221,226,233,235,236,245,246,247,252,254,256,259,261,266,267,271,272,276,277,281,294,296,297,298],[1,5,6,7,9,11,19,20,24,28,30,32,33,36,39,41,44,45,47,49,51,54,60,62,66,67,68,69,73,75,78,84,85,89,94,95,104,106,107,109,111,113,114,115,116,129,130,131,132,133,134,135,136,141,142,143,144,147,149,154,156,157,162,163,166,168,170,172,180,182,185,186,187,195,196,200,203,208,209,210,215,216,217,222,223,225,228,229,231,232,234,237,238,239,242,244,248,257,263,268,270,275,279,280,288,289,292,293,295,300],[8,10,14,16,18,26,29,31,34,42,46,58,82,86,88,91,93,96,99,100,122,128,137,139,146,155,161,165,167,171,176,178,188,191,197,198,201,204,214,220,230,241,260,274,278,283,286,287,291,299]].
[[8,10,14,16,18,26,29,31,34,42,46,58,82,86,88,91,93,96,99,100,122,128,137,139,146,155,161,165,167,171,176,178,188,191,197,198,201,204,214,220,230,241,260,274,278,283,286,287,291,299],[2,3,4,23,38,40,43,48,50,53,55,56,57,61,63,64,72,74,77,79,81,83,87,90,97,102,108,110,112,124,125,126,138,150,151,158,159,160,164,169,175,179,181,183,192,193,194,199,205,207,218,224,227,240,243,249,250,251,253,255,258,262,264,265,269,273,282,284,285,290],[12,13,15,17,21,22,25,27,35,37,52,59,65,70,71,76,80,92,98,101,103,105,117,118,119,120,121,123,127,140,145,148,152,153,173,174,177,184,189,190,202,206,211,212,213,219,221,226,233,235,236,245,246,247,252,254,256,259,261,266,267,271,272,276,277,281,294,296,297,298]].
[[2,3,4,23,38,40,43,48,50,53,55,56,57,61,63,64,72,74,77,79,81,83,87,90,97,102,108,110,112,124,125,126,138,150,151,158,159,160,164,169,175,179,181,183,192,193,194,199,205,207,218,224,227,240,243,249,250,251,253,255,258,262,264,265,269,273,282,284,285,290],[8,10,14,16,18,26,29,31,34,42,46,58,82,86,88,91,93,96,99,100,122,128,137,139,146,155,161,165,167,171,176,178,188,191,197,198,201,204,214,220,230,241,260,274,278,283,286,287,291,299],[1,5,6,7,9,11,19,20,24,28,30,32,33,36,39,41,44,45,47,49,51,54,60,62,66,67,68,69,73,75,78,84,85,89,94,95,104,106,107,109,111,113,114,115,116,129,130,131,132,133,134,135,136,141,142,143,144,147,149,154,156,157,162,163,166,168,170,172,180,182,185,186,187,195,196,200,203,208,209,210,215,216,217,222,223,225,228,229,231,232,234,237,238,239,242,244,248,257,263,268,270,275,279,280,288,289,292,293,295,300]].
[[8,10,14,16,18,26,29,31,34,42,46,58,82,86,88,91,93,96,99,100,122,128,137,139,146,155,161,165,167,171,176,178,188,191,197,198,201,204,214,220,230,241,260,274,278,283,286,287,291,299],[2,3,4,23,38,40,43,48,50,53,55,56,57,61,63,64,72,74,77,79,81,83,87,90,97,102,108,110,112,124,125,126,138,150,151,158,159,160,164,169,175,179,181,183,192,193,194,199,205,207,218,224,227,240,243,249,250,251,253,255,258,262,264,265,269,273,282,284,285,290],[12,13,15,17,21,22,25,27,35,37,52,59,65,70,71,76,80,92,98,101,103,105,117,118,119,120,121,123,127,140,145,148,152,153,173,174,177,184,189,190,202,206,211,212,213,219,221,226,233,235,236,245,246,247,252,254,256,259,261,266,267,271,272,276,277,281,294,296,297,298]].
[[8,10,14,16,18,26,29,31,34,42,46,58,82,86,88,91,93,96,99,100,122,128,137,139,146,155,161,165,167,171,176,178,188,191,197,198,201,204,214,220,230,241,260,274,278,283,286,287,291,299],[2,3,4,23,38,40,43,48,50,53,55,56,57,61,63,64,72,74,77,79,81,83,87,90,97,102,108,110,112,124,125,126,138,150,151,158,159,160,164,169,175,179,181,183,192,193,194,199,205,207,218,224,227,240,243,249,250,251,253,255,258,262,264,265,269,273,282,284,285,290],[12,13,15,17,21,22,25,27,35,37,52,59,65,70,71,76,80,92,98,101,103,105,117,118,119,120,121,123,127,140,145,148,152,153,173,174,177,184,189,190,202,206,211,212,213,219,221,226,233,235,236,245,246,247,252,254,256,259,261,266,267,271,272,276,277,281,294,296,297,298]].
[[8,10,14,16,18,26,29,31,34,42,46,58,82,86,88,91,93,96,99,100,122,128,137,139,146,155,161,165,167,171,176,178,188,191,197,198,201,204,214,220,230,241,260,274,278,283,286,287,291,299],[2,3,4,23,38,40,43,48,50,53,55,56,57,61,63,64,72,74,77,79,81,83,87,90,97,102,108,110,112,124,125,126,138,150,151,158,159,160,164,169,175,179,181,183,192,193,194,199,205,207,218,224,227,240,243,249,250,251,253,255,258,262,264,265,269,273,282,284,285,290],[12,13,15,17,21,22,25,27,35,37,52,59,65,70,71,76,80,92,98,101,103,105,117,118,119,120,121,123,127,140,145,148,152,153,173,174,177,184,189,190,202,206,211,212,213,219,221,226,233,235,236,245,246,247,252,254,256,259,261,266,267,271,272,276,277,281,294,296,297,298]].
[[2,3,4,23,38,40,43,48,50,53,55,56,57,61,63,64,72,74,77,79,81,83,87,90,97,102,108,110,112,124,125,126,138,150,151,158,159,160,164,169,175,179,181,183,192,193,194,199,205,207,218,224,227,240,243,249,250,251,253,255,258,262,264,265,269,273,282,284,285,290],[8,10,14,16,18,26,29,31,34,42,46,58,82,86,88,91,93,96,99,100,122,128,137,139,146,155,161,165,167,171,176,178,188,191,197,198,201,204,214,220,230,241,260,274,278,283,286,287,291,299],[1,5,6,7,9,11,19,20,24,28,30,32,33,36,39,41,44,45,47,49,51,54,60,62,66,67,68,69,73,75,78,84,85,89,94,95,104,106,107,109,111,113,114,115,116,129,130,131,132,133,134,135,136,141,142,143,144,147,149,154,156,157,162,163,166,168,170,172,180,182,185,186,187,195,196,200,203,208,209,210,215,216,217,222,223,225,228,229,231,232,234,237,238,239,242,244,248,257,263,268,270,275,279,280,288,289,292,293,295,300]].
[[12,13,15,17,21,22,25,27,35,37,52,59,65,70,71,76,80,92,98,101,103,105,117,118,119,120,121,123,127,140,145,148,152,153,173,174,177,184,189,190,202,206,211,212,213,219,221,226,233,235,236,245,246,247,252,254,256,259,261,266,267,271,272,276,277,281,294,296,297,298],[1,5,6,7,9,11,19,20,24,28,30,32,33,36,39,41,44,45,47,49,51,54,60,62,66,67,68,69,73,75,78,84,85,89,94,95,104,106,107,109,111,113,114,115,116,129,130,131,132,133,134,135,136,141,142,143,144,147,149,154,156,157,162,163,166,168,170,172,180,182,185,186,187,195,196,200,203,208,209,210,215,216,217,222,223,225,228,229,231,232,234,237,238,239,242,244,248,257,263,268,270,275,279,280,288,289,292,293,295,300],[8,10,14,16,18,26,29,31,34,42,46,58,82,86,88,91,93,96,99,100,122,128,137,139,146,155,161,165,167,171,176,178,188,191,197,198,201,204,214,220,230,241,260,274,278,283,286,287,291,299]].
[[2,3,4,23,38,40,43,48,50,53,55,56,57,61,63,64,72,74,77,79,81,83,87,90,97,102,108,110,112,124,125,126,138,150,151,158,159,160,164,169,175,179,181,183,192,193,194,199,205,207,218,224,227,240,243,249,250,251,253,255,258,262,264,265,269,273,282,284,285,290],[8,10,14,16,18,26,29,31,34,42,46,58,82,86,88,91,93,96,99,100,122,128,137,139,146,155,161,165,167,171,176,178,188,191,197,198,201,204,214,220,230,241,260,274,278,283,286,287,291,299],[1,5,6,7,9,11,19,20,24,28,30,32,33,36,39,41,44,45,47,49,51,54,60,62,66,67,68,69,73,75,78,84,85,89,94,95,104,106,107,109,111,113,114,115,116,129,130,131,132,133,134,135,136,141,142,143,144,147,149,154,156,157,162,163,166,168,170,172,180,182,185,186,187,195,196,200,203,208,209,210,215,216,217,222,223,225,228,229,231,232,234,237,238,239,242,244,248,257,263,268,270,275,279,280,288,289,292,293,295,300]].
[[1,5,6,7,9,11,19,20,24,28,30,32,33,36,39,41,44,45,47,49,51,54,60,62,66,67,68,69,73,75,78,84,85,89,94,95,104,106,107,109,111,113,114,115,116,129,130,131,132,133,134,135,136,141,142,143,144,147,149,154,156,157,162,163,166,168,170,172,180,182,185,186,187,195,196,200,203,208,209,210,215,216,217,222,223,225,228,229,231,232,234,237,238,239,242,244,248,257,263,268,270,275,279,280,288,289,292,293,295,300],[12,13,15,17,21,22,25,27,35,37,52,59,65,70,71,76,80,92,98,101,103,105,117,118,119,120,121,123,127,140,145,148,152,153,173,174,177,184,189,190,202,206,211,212,213,219,221,226,233,235,236,245,246,247,252,254,256,259,261,266,267,271,272,276,277,281,294,296,297,298],[2,3,4,23,38,40,43,48,50,53,55,56,57,61,63,64,72,74,77,79,81,83,87,90,97,102,108,110,112,124,125,126,138,150,151,158,159,160,164,169,175,179,181,183,192,193,194,199,205,207,218,224,227,240,243,249,250,251,253,255,258,262,264,265,269,273,282,284,285,290]].
[[8,10,14,16,18,26,29,31,34,42,46,58,82,86,88,91,93,96,99,100,122,128,137,139,146,155,161,165,167,171,176,178,188,191,197,198,201,204,214,220,230,241,260,274,278,283,286,287,291,299],[2,3,4,23,38,40,43,48,50,53,55,56,57,61,63,64,72,74,77,79,81,83,87,90,97,102,108,110,112,124,125,126,138,150,151,158,159,160,164,169,175,179,181,183,192,193,194,199,205,207,218,224,227,240,243,249,250,251,253,255,258,262,264,265,269,273,282,284,285,290],[12,13,15,17,21,22,25,27,35,37,52,59,65,70,71,76,80,92,98,101,103,105,117,118,119,120,121,123,127,140,145,148,152,153,173,174,177,184,189,190,202,206,211,212,213,219,221,226,233,235,236,245,246,247,252,254,256,259,261,266,267,271,272,276,277,281,294,296,297,298]].
